-90 3401.1248
-89 3604.0317
-88 3685.1829
-87 3860.7764
-86 3958.2466
-85 3999.5957
-84 4020.5476
-83 4101.9453
-82 4082.7834
-81 4004.9236
-80 4108.3862
-79 4186.896
-78 4072.5364
-77 4051.6208
-76 3972.0479
-75 3800.1255
-74 3744.6108
-73 3644.1453
-72 3514.7026
-71 3435.3933
-70 3354.0125
-69 3250.8699
-68 3275.3799
-67 3170.4409
-66 3062.4043
-65 2789.4802
-64 2619.0552
-63 2541.1646
-62 2509.9224
-61 2355.4568
-60 2208.9368
-59 2043.5408
-58 1889.2693
-57 1748.9098
-56 1645.7863
-55 1509.8226
-54 1384.2546
-53 1296.068
-52 1199.1771
-51 1151.9846
-50 1102.9922
-49 975.4012
-48 913.4478
-47 838.0508
-46 796.5889
-45 734.3968
-44 699.7653
-43 643.4882
-42 559.4958
-41 545.2897
-40 505.1463
-39 453.5298
-38 401.0485
-37 407.6448
-36 358.3124
-35 329.5514
-34 329.4977
-33 269.1314
-32 263.4765
-31 245.831
-30 214.8172
-29 204.8922
-28 191.6239
-27 187.6857
-26 191.6145
-25 179.9909
-24 187.0448
-23 184.0438
-22 160.8951
-21 148.3118
-20 158.32
-19 151.7795
-18 153.2313
-17 132.7151
-16 133.5135
-15 128.8474
-14 124.4217
-13 107.312
-12 110.6599
-11 116.3678
-10 113.1843
-9 106.8824
-8 94.9674
-7 104.9399
-6 95.8736
-5 82.491
-4 86.3294
-3 82.3852
-2 85.5839
-1 83.8666
0 76.5809
1 74.9249
2 76.1193
3 80.4391
4 95.1925
5 86.4856
6 79.6135
7 84.0596
8 82.8759
9 77.6678
10 84.2856
11 81.6288
12 81.3527
13 82.2125
14 69.5394
15 79.5914
16 68.782
17 72.4818
18 75.0487
19 74.3405
20 75.6296
21 83.3373
22 79.631
23 71.6196
24 76.1453
25 71.9179
26 77.8616
27 95.3555
28 95.1543
29 101.1905
30 101.8517
31 90.1349
32 85.1496
33 84.2283
34 87.0286
35 92.8717
36 92.9005
37 90.8009
38 85.4607
39 94.9774
40 90.7383
41 87.0633
42 92.2316
43 109.2932
44 120.4906
45 120.1169
46 121.7846
47 130.8684
48 130.3886
49 137.3966
50 142.7763
51 139.5987
52 179.9614
53 209.6297
54 219.9952
55 252.7093
56 245.7202
57 273.7674
58 314.873
59 326.3565
60 391.5331
61 420.2665
62 418.994
63 465.4259
64 497.7462
65 510.1686
66 532.7799
67 608.6816
68 650.7299
69 729.2554
70 800.6734
71 876.1059
72 965.6734
73 1157.4741
74 1234.2581
75 1232.5984
76 1346.4543
77 1448.8423
78 1590.8723
79 1778.0691
80 1930.9061
81 2086.4441
82 2227.6936
83 2321.8997
84 2449.8469
85 2729.6272
86 2800.009
87 2910.7356
88 3151.4141
89 3204.6511
