-90 1884.5247
-89 1964.8853
-88 2077.4329
-87 2273.2061
-86 2366.2053
-85 2408.6899
-84 2564.8577
-83 2631.4761
-82 2649.041
-81 2660.3545
-80 2685.4004
-79 2742.5273
-78 2765.7732
-77 2873.4409
-76 2897.418
-75 2819.3923
-74 2862.6113
-73 2825.3079
-72 2702.5049
-71 2908.7959
-70 2836.4951
-69 2915.0549
-68 2885.8945
-67 2765.9626
-66 2798.7312
-65 2697.3567
-64 2675.9011
-63 2546.4333
-62 2534.1096
-61 2510.0593
-60 2438.2781
-59 2439.032
-58 2395.9851
-57 2339.2202
-56 2257.6877
-55 2160.8115
-54 2161.4136
-53 2113.0415
-52 1914.9272
-51 1900.0815
-50 1894.8068
-49 1810.3147
-48 1665.8639
-47 1554.8248
-46 1516.3525
-45 1461.9039
-44 1391.5898
-43 1267.6461
-42 1199.6887
-41 1119.0271
-40 1025.5551
-39 994.7614
-38 894.2294
-37 829.9203
-36 774.824
-35 731.8348
-34 714.3027
-33 674.6037
-32 639.8261
-31 612.8319
-30 594.5769
-29 547.8611
-28 520.7122
-27 474.3514
-26 415.5828
-25 390.6709
-24 360.0716
-23 336.3488
-22 313.5985
-21 272.5091
-20 273.3502
-19 243.0924
-18 207.5271
-17 181.5504
-16 155.3768
-15 146.0211
-14 157.9009
-13 140.1645
-12 132.0116
-11 129.1151
-10 130.544
-9 111.4497
-8 106.7509
-7 119.6922
-6 115.2359
-5 105.2692
-4 104.3784
-3 101.7609
-2 106.6832
-1 102.6489
0 108.1728
1 101.4791
2 90.5295
3 98.3391
4 105.6582
5 97.7879
6 102.1467
7 101.3267
8 94.9833
9 83.0295
10 91.3227
11 91.2459
12 93.2755
13 93.0491
14 80.3174
15 85.1529
16 83.0764
17 71.8253
18 76.0426
19 85.0776
20 99.6134
21 90.2327
22 89.4252
23 87.5198
24 92.5787
25 93.9602
26 97.2889
27 89.9307
28 94.0722
29 94.6622
30 87.4142
31 88.7144
32 99.3302
33 82.6211
34 97.0701
35 89.9683
36 98.376
37 118.8054
38 110.415
39 106.8063
40 129.3677
41 136.5279
42 144.9051
43 165.3681
44 158.0562
45 138.9376
46 140.8333
47 146.5086
48 155.9316
49 154.9967
50 170.3837
51 191.3857
52 199.1173
53 202.2905
54 209.4669
55 207.8784
56 219.3497
57 220.0673
58 232.5264
59 254.1719
60 280.1638
61 310.2067
62 335.7923
63 340.9419
64 401.2386
65 409.3743
66 426.3041
67 452.673
68 498.5932
69 512.0412
70 542.3652
71 625.2397
72 655.7441
73 728.7889
74 781.4489
75 815.2556
76 888.0062
77 946.6694
78 979.5894
79 1088.786
80 1149.4662
81 1188.2478
82 1219.66
83 1332.144
84 1445.2266
85 1525.6591
86 1652.3698
87 1721.8518
88 1744.0575
89 1842.0039

