-90 1709.0581
-89 1587.0254
-88 1491.4299
-87 1495.2494
-86 1544.0297
-85 1452.4589
-84 1349.8915
-83 1233.0359
-82 1255.0496
-81 1241.6456
-80 1181.561
-79 1166.6393
-78 1150.4137
-77 1089.0116
-76 1029.4733
-75 954.2963
-74 910.384
-73 854.7931
-72 763.1286
-71 738.6238
-70 691.4429
-69 607.8752
-68 592.8961
-67 537.7062
-66 499.0142
-65 485.7339
-64 434.2496
-63 438.5825
-62 407.96
-61 425.6073
-60 420.3181
-59 399.5235
-58 403.9988
-57 383.6072
-56 367.8014
-55 352.5292
-54 327.9021
-53 306.4556
-52 274.4342
-51 298.6028
-50 303.4439
-49 319.4351
-48 300.8041
-47 260.488
-46 265.7967
-45 282.4617
-44 303.2931
-43 285.2328
-42 280.0532
-41 250.5818
-40 241.0439
-39 245.6343
-38 236.3352
-37 210.882
-36 210.3646
-35 204.0421
-34 202.6804
-33 209.9116
-32 218.6014
-31 218.3186
-30 222.5999
-29 230.0603
-28 234.4808
-27 214.1475
-26 206.6568
-25 195.2023
-24 186.0063
-23 210.0755
-22 205.8228
-21 208.7986
-20 212.3531
-19 220.0027
-18 205.5303
-17 196.3796
-16 206.9794
-15 217.1267
-14 197.4406
-13 197.3602
-12 191.9142
-11 206.7821
-10 204.4196
-9 186.7646
-8 186.0969
-7 194.3087
-6 180.4731
-5 165.4711
-4 184.3027
-3 164.9925
-2 178.6609
-1 197.3898
0 174.0454
1 180.0667
2 197.3726
3 185.1944
4 202.1261
5 200.004
6 206.9944
7 173.9545
8 169.5474
9 172.2659
10 196.2023
11 209.5687
12 213.2295
13 214.5424
14 224.561
15 238.5156
16 248.704
17 234.3736
18 243.7859
19 244.0143
20 252.6111
21 233.9567
22 267.2696
23 302.3815
24 315.2415
25 327.6518
26 340.895
27 358.6639
28 367.6562
29 353.9024
30 363.4158
31 384.6328
32 392.7866
33 359.2465
34 385.1587
35 407.3825
36 425.3401
37 442.3826
38 491.0474
39 519.0076
40 510.5753
41 526.0759
42 536.1182
43 552.3303
44 538.8146
45 590.0651
46 645.2616
47 617.1414
48 642.493
49 680.6445
50 739.2469
51 745.218
52 728.2712
53 769.489
54 800.2505
55 839.4404
56 882.2886
57 896.2031
58 914.3334
59 934.7943
60 955.9483
61 983.7386
62 986.1796
63 1057.0936
64 1142.8586
65 1217.7252
66 1327.3461
67 1443.2137
68 1433.9171
69 1493.583
70 1571.9109
71 1608.8917
72 1671.7357
73 1684.337
74 1680.6021
75 1786.17
76 1791.4604
77 1865.0312
78 1854.0209
79 1845.1519
80 1819.8649
81 1875.9302
82 1851.1227
83 1801.9285
84 1763.6937
85 1849.4127
86 1808.816
87 1749.3514
88 1796.7872
89 1793.5533
