-90 1207.4207
-89 1318.504
-88 1403.0332
-87 1456.1021
-86 1482.4591
-85 1493.1401
-84 1545.3566
-83 1581.6263
-82 1603.3719
-81 1605.653
-80 1745.2261
-79 1897.032
-78 1936.1815
-77 1978.036
-76 1914.7166
-75 2089.2437
-74 2103.7197
-73 2126.9277
-72 2172.2739
-71 2072.791
-70 2041.585
-69 1925.4983
-68 1852.6599
-67 1765.2303
-66 1633.8137
-65 1602.2571
-64 1503.2161
-63 1493.1438
-62 1433.1702
-61 1321.4419
-60 1259.8862
-59 1136.0734
-58 1039.0017
-57 956.4451
-56 932.5174
-55 854.4114
-54 750.8092
-53 670.0942
-52 604.9857
-51 562.2678
-50 497.4818
-49 486.5969
-48 454.5763
-47 423.6477
-46 365.4267
-45 347.375
-44 295.1613
-43 288.1821
-42 284.3408
-41 243.3762
-40 238.0289
-39 247.9005
-38 217.5654
-37 210.9751
-36 188.4186
-35 167.8146
-34 164.5195
-33 156.8503
-32 133.6687
-31 118.8775
-30 115.2773
-29 94.8292
-28 100.5944
-27 96.6868
-26 89.8208
-25 96.4981
-24 97.2707
-23 89.6005
-22 96.7202
-21 81.2042
-20 74.054
-19 68.9258
-18 63.4833
-17 56.3324
-16 49.2849
-15 62.4938
-14 53.7708
-13 54.8264
-12 57.7514
-11 55.5146
-10 56.4903
-9 51.0491
-8 46.2204
-7 43.051
-6 40.5929
-5 38.9363
-4 33.2214
-3 31.1184
-2 37.023
-1 37.5859
0 29.8975
1 24.9047
2 25.6365
3 27.414
4 25.6172
5 26.6118
6 31.5938
7 33.0205
8 25.2405
9 20.1283
10 23.7578
11 27.783
12 26.487
13 29.7501
14 35.0632
15 38.774
16 33.348
17 25.4192
18 34.9266
19 29.4031
20 26.1108
21 30.4688
22 24.206
23 34.6569
24 42.245
25 34.1883
26 29.9789
27 40.5982
28 33.6135
29 34.0201
30 39.8758
31 33.0046
32 36.4276
33 32.4867
34 36.2106
35 33.0049
36 40.2597
37 45.9098
38 48.2391
39 43.7071
40 52.4298
41 51.9313
42 57.2691
43 55.5937
44 54.0755
45 71.875
46 67.4269
47 72.2153
48 72.3449
49 77.8864
50 84.5937
51 82.801
52 85.7455
53 83.8869
54 71.6323
55 84.5801
56 88.8046
57 96.5317
58 98.5045
59 109.9957
60 131.4454
61 140.7844
62 165.5647
63 216.8366
64 222.739
65 238.9694
66 262.573
67 259.0248
68 273.4187
69 294.8552
70 325.0489
71 357.1182
72 387.4683
73 417.3501
74 452.6891
75 474.8016
76 585.3787
77 605.7234
78 687.0359
79 750.2209
80 850.2213
81 900.2916
82 915.5735
83 879.9789
84 949.6901
85 987.7689
86 1012.3417
87 1074.9799
88 1106.3892
89 1175.2227

