-90 1016.4871
-89 1008.954
-88 1001.2461
-87 887.0626
-86 901.1546
-85 912.2382
-84 879.5209
-83 883.9185
-82 944.7742
-81 922.8927
-80 873.5519
-79 858.1491
-78 849.9922
-77 832.1993
-76 810.3898
-75 795.1871
-74 717.8818
-73 720.7783
-72 656.5654
-71 616.5927
-70 572.2092
-69 524.9166
-68 542.204
-67 540.2938
-66 537.1679
-65 455.9041
-64 445.8087
-63 425.93
-62 411.6171
-61 396.5511
-60 382.4547
-59 375.1868
-58 373.744
-57 362.9876
-56 308.7715
-55 306.9025
-54 292.1098
-53 245.034
-52 235.8583
-51 252.2018
-50 238.7489
-49 241.9917
-48 221.8941
-47 200.2836
-46 222.1935
-45 197.7371
-44 194.5415
-43 194.4332
-42 162.8586
-41 161.9027
-40 173.5435
-39 163.2184
-38 162.4272
-37 162.3242
-36 164.7755
-35 167.469
-34 137.7334
-33 127.6395
-32 129.2616
-31 130.7274
-30 128.8325
-29 115.8611
-28 114.4565
-27 128.7001
-26 128.6123
-25 124.3863
-24 131.8681
-23 114.0322
-22 125.7098
-21 115.095
-20 121.2633
-19 106.3735
-18 95.0297
-17 94.3763
-16 78.2742
-15 59.002
-14 75.4966
-13 69.9864
-12 66.0817
-11 69.0861
-10 67.1629
-9 78.5208
-8 58.7217
-7 49.2337
-6 54.7471
-5 59.5189
-4 66.6509
-3 62.8238
-2 56.146
-1 59.4009
0 58.8515
1 53.6613
2 61.0494
3 62.4733
4 73.3248
5 75.3469
6 71.9329
7 73.2815
8 67.0319
9 77.415
10 74.1863
11 68.2231
12 65.7763
13 69.785
14 66.2384
15 78.1486
16 78.2248
17 82.6834
18 104.9866
19 94.0015
20 89.4096
21 101.1481
22 98.3959
23 99.2611
24 107.8225
25 124.8907
26 119.3388
27 134.8131
28 142.3396
29 164.7027
30 161.2943
31 169.3727
32 175.6547
33 194.312
34 204.5008
35 211.9195
36 214.6872
37 209.9624
38 225.3123
39 222.9102
40 240.8165
41 285.0032
42 291.9396
43 308.8973
44 319.2404
45 334.0495
46 333.5094
47 330.0694
48 368.8198
49 394.5851
50 428.5869
51 457.4194
52 511.8181
53 492.0891
54 507.129
55 529.6234
56 576.8118
57 576.4122
58 608.4518
59 611.0245
60 620.9337
61 634.8799
62 627.5684
63 663.7007
64 724.0673
65 727.3769
66 756.3731
67 875.3182
68 879.0477
69 877.3632
70 878.035
71 949.3426
72 951.3967
73 1006.8676
74 995.9152
75 981.8776
76 989.9329
77 1015.2673
78 1000.8146
79 1037.1925
80 1073.5326
81 1089.6041
82 1099.7904
83 1085.6416
84 1110.5414
85 1067.9789
86 1052.6554
87 1038.522
88 1105.1593
89 1046.8895
