-90 809.7186
-89 811.1567
-88 843.6292
-87 820.31
-86 815.7855
-85 803.2181
-84 871.4414
-83 880.8442
-82 909.0875
-81 933.8849
-80 884.2595
-79 854.4527
-78 839.7728
-77 818.9691
-76 837.3466
-75 814.2064
-74 773.7172
-73 741.8009
-72 713.5895
-71 729.3987
-70 668.1863
-69 641.8638
-68 681.5945
-67 626.002
-66 640.5677
-65 614.8455
-64 618.4044
-63 613.0878
-62 547.6162
-61 501.2305
-60 499.8036
-59 451.2893
-58 411.4478
-57 434.7816
-56 428.6788
-55 425.7567
-54 419.3729
-53 415.9279
-52 399.7691
-51 348.0773
-50 335.7481
-49 303.4338
-48 310.14
-47 319.4265
-46 300.2433
-45 304.2689
-44 286.9265
-43 272.2519
-42 300.4877
-41 280.269
-40 271.8564
-39 269.0403
-38 240.3801
-37 248.5573
-36 248.9154
-35 230.5293
-34 215.9525
-33 215.3151
-32 228.2149
-31 238.5212
-30 206.9218
-29 210.1763
-28 215.7005
-27 188.2969
-26 157.1973
-25 163.6464
-24 161.8074
-23 133.4723
-22 143.8842
-21 161.4378
-20 142.4137
-19 117.5891
-18 114.4404
-17 103.9898
-16 106.9482
-15 98.9155
-14 103.4452
-13 86.2592
-12 83.5281
-11 88.1377
-10 97.9629
-9 81.4056
-8 94.7827
-7 89.2968
-6 106.8176
-5 112.6365
-4 92.3161
-3 71.1746
-2 86.8488
-1 86.0498
0 89.3284
1 88.0079
2 97.9443
3 91.0643
4 83.5928
5 94.3187
6 87.1655
7 80.1557
8 72.4994
9 71.0137
10 95.5132
11 92.1039
12 74.0021
13 79.1358
14 76.0593
15 99.8243
16 85.2584
17 84.5447
18 74.2755
19 86.3561
20 93.871
21 86.9363
22 112.5523
23 119.4585
24 104.3843
25 115.7061
26 98.6114
27 100.5264
28 122.3316
29 143.3911
30 134.7982
31 120.9838
32 121.9347
33 136.7657
34 137.0342
35 142.6895
36 152.5308
37 167.1956
38 182.7113
39 174.1273
40 207.8374
41 203.7462
42 215.57
43 206.9684
44 229.079
45 222.8011
46 234.7574
47 249.4553
48 242.9896
49 246.3198
50 230.6586
51 246.1463
52 295.0281
53 310.1552
54 329.2436
55 330.7144
56 342.1601
57 330.8503
58 325.53
59 342.6856
60 375.345
61 373.5513
62 403.0895
63 461.752
64 489.1347
65 525.9388
66 504.1423
67 551.4305
68 602.2821
69 634.6369
70 617.0281
71 661.6827
72 682.5529
73 688.2716
74 731.9949
75 765.4714
76 784.4103
77 816.3398
78 805.0222
79 860.8641
80 895.47
81 864.1397
82 865.6486
83 901.9257
84 872.6846
85 907.9056
86 880.1155
87 863.9795
88 861.7145
89 829.5902
