-90 666.9071
-89 638.4778
-88 562.1815
-87 534.4356
-86 570.2125
-85 542.961
-84 521.5558
-83 501.5219
-82 473.2278
-81 471.6937
-80 427.9687
-79 399.2428
-78 383.685
-77 369.2601
-76 355.8424
-75 350.857
-74 317.47
-73 308.7722
-72 259.3596
-71 253.0655
-70 224.9998
-69 228.0516
-68 204.8033
-67 209.9388
-66 195.6659
-65 176.4216
-64 172.0965
-63 191.3488
-62 196.4659
-61 187.8118
-60 195.1777
-59 189.3027
-58 175.2076
-57 150.7993
-56 147.1076
-55 151.6657
-54 145.8238
-53 121.0163
-52 146.782
-51 133.9586
-50 132.3833
-49 146.4078
-48 136.6449
-47 152.7057
-46 148.6768
-45 121.1805
-44 98.1012
-43 96.2112
-42 88.8831
-41 103.0501
-40 105.455
-39 100.2247
-38 80.3583
-37 83.8417
-36 82.8411
-35 83.6625
-34 111.5208
-33 119.5104
-32 83.2273
-31 71.6391
-30 63.7931
-29 56.1361
-28 61.2054
-27 52.3562
-26 52.83
-25 61.5065
-24 68.0829
-23 65.5168
-22 63.4472
-21 70.1382
-20 67.8746
-19 65.7682
-18 51.0409
-17 53.606
-16 60.1445
-15 55.6612
-14 58.7226
-13 56.5828
-12 61.4981
-11 70.9316
-10 72.7004
-9 50.0116
-8 59.7693
-7 52.5614
-6 69.1766
-5 66.6714
-4 75.1937
-3 70.3083
-2 62.5194
-1 62.2911
0 59.3678
1 60.9955
2 57.2226
3 63.6666
4 63.0461
5 60.9956
6 56.219
7 53.1301
8 57.3107
9 60.1739
10 66.0188
11 75.1242
12 73.7747
13 81.7829
14 87.6146
15 87.99
16 93.5307
17 99.3132
18 109.8144
19 111.5382
20 99.2904
21 102.0026
22 106.8672
23 113.0497
24 133.4723
25 143.1779
26 153.7289
27 173.6302
28 172.8603
29 185.5077
30 173.6587
31 168.2796
32 160.1505
33 201.2236
34 190.2792
35 181.2622
36 171.7956
37 189.0005
38 210.4003
39 205.7547
40 220.9596
41 231.7572
42 223.3447
43 206.5706
44 248.8827
45 239.1637
46 252.6163
47 265.354
48 258.8141
49 287.643
50 270.3381
51 284.543
52 276.5092
53 301.0676
54 344.2298
55 358.0768
56 373.2516
57 388.2383
58 410.3008
59 408.7109
60 476.1113
61 442.7743
62 475.8713
63 478.0716
64 504.3781
65 546.5894
66 518.4073
67 573.2915
68 636.0414
69 688.8575
70 723.1974
71 706.5035
72 736.3582
73 768.8914
74 759.4464
75 778.113
76 811.2944
77 872.14
78 872.9347
79 886.7751
80 882.2756
81 887.4622
82 836.6451
83 873.827
84 839.3652
85 835.4661
86 825.1227
87 822.0475
88 758.2524
89 701.3375
