-90 1258.5376
-89 1249.9379
-88 1264.729
-87 1251.5614
-86 1300.7239
-85 1285.7301
-84 1223.4288
-83 1268.2144
-82 1258.6812
-81 1289.6971
-80 1219.8983
-79 1121.9869
-78 1051.1317
-77 1101.9764
-76 1038.0065
-75 1029.9023
-74 991.0461
-73 920.3037
-72 911.0612
-71 888.9372
-70 895.0031
-69 893.3417
-68 841.9232
-67 815.1498
-66 746.6867
-65 737.3634
-64 722.1056
-63 672.6091
-62 648.0986
-61 630.6035
-60 615.7813
-59 601.6619
-58 548.6381
-57 518.9731
-56 504.0814
-55 459.5752
-54 440.3654
-53 403.1951
-52 381.7329
-51 335.9343
-50 335.7263
-49 351.3505
-48 368.977
-47 324.4866
-46 314.4711
-45 317.2695
-44 281.7016
-43 278.1651
-42 281.6441
-41 267.4712
-40 234.1481
-39 231.4925
-38 206.7511
-37 189.9354
-36 186.4815
-35 194.9872
-34 223.7601
-33 208.1173
-32 196.7818
-31 176.0222
-30 157.0172
-29 165.8598
-28 158.4821
-27 151.0912
-26 133.9987
-25 145.412
-24 139.5566
-23 128.9326
-22 112.7868
-21 119.6334
-20 120.8277
-19 135.2479
-18 108.184
-17 92.1869
-16 103.0819
-15 91.12
-14 92.311
-13 88.0336
-12 101.2451
-11 89.8434
-10 90.7261
-9 89.7081
-8 85.0382
-7 99.8669
-6 84.0545
-5 92.638
-4 75.4431
-3 72.1908
-2 63.0527
-1 69.9386
0 67.7904
1 68.7756
2 71.5779
3 91.6913
4 108.5774
5 83.5198
6 95.7425
7 83.9641
8 78.4302
9 79.4414
10 83.9111
11 81.1512
12 84.8139
13 80.7892
14 86.4203
15 94.0674
16 99.6006
17 98.7783
18 103.5137
19 92.1276
20 73.3775
21 104.5368
22 103.7512
23 97.4001
24 118.371
25 112.0153
26 94.6683
27 102.7294
28 98.3318
29 104.2487
30 115.3599
31 139.6775
32 139.5928
33 131.1782
34 145.4062
35 156.1985
36 143.6465
37 138.9354
38 143.3253
39 130.1465
40 135.7933
41 140.552
42 144.3057
43 166.1609
44 173.0354
45 173.0875
46 186.9928
47 191.1578
48 205.6274
49 202.884
50 200.4011
51 252.175
52 259.9366
53 249.6545
54 256.3822
55 274.9279
56 285.9034
57 349.2275
58 374.1443
59 383.3801
60 415.5426
61 455.0649
62 484.5325
63 524.676
64 565.6433
65 623.6663
66 615.6732
67 633.9736
68 659.3003
69 712.7936
70 761.1413
71 800.1928
72 813.6941
73 830.8893
74 842.921
75 844.0703
76 860.5325
77 868.3321
78 922.9962
79 944.9189
80 1000.4529
81 1011.5469
82 1088.3966
83 1100.6394
84 1142.6342
85 1184.3215
86 1219.8203
87 1227.9518
88 1282.7808
89 1309.1771
