-90 1909.4828
-89 1910.4661
-88 1884.5128
-87 1892.2067
-86 1867.9749
-85 1847.4388
-84 1819.881
-83 1819.7664
-82 1757.5818
-81 1661.3092
-80 1664.4169
-79 1618.4221
-78 1675.8353
-77 1757.519
-76 1760.7957
-75 1824.746
-74 1830.9042
-73 1825.5702
-72 1701.4781
-71 1654.5421
-70 1624.04
-69 1558.9243
-68 1573.4066
-67 1433.3367
-66 1391.0592
-65 1271.3584
-64 1227.3264
-63 1195.4248
-62 1160.0729
-61 1119.7274
-60 1069.073
-59 1089.8607
-58 960.4604
-57 928.5287
-56 908.1956
-55 849.4017
-54 791.6089
-53 745.4997
-52 721.9176
-51 664.7148
-50 651.4233
-49 634.65
-48 596.5537
-47 555.9476
-46 511.1272
-45 490.1591
-44 452.4474
-43 424.9225
-42 401.7489
-41 366.4171
-40 340.1055
-39 304.975
-38 311.0876
-37 291.9833
-36 294.7238
-35 249.8362
-34 255.9411
-33 236.5673
-32 240.8328
-31 232.9708
-30 227.9778
-29 195.136
-28 201.5017
-27 216.956
-26 195.1409
-25 170.8026
-24 154.7394
-23 135.5432
-22 124.085
-21 124.6633
-20 117.0165
-19 120.9043
-18 112.1477
-17 112.6905
-16 115.4577
-15 107.5222
-14 106.9016
-13 125.4943
-12 117.9272
-11 120.4535
-10 110.3971
-9 108.2838
-8 88.4165
-7 86.577
-6 97.0376
-5 82.7682
-4 86.6261
-3 106.0033
-2 101.1017
-1 109.3971
0 113.1766
1 106.914
2 122.2516
3 109.0403
4 123.6609
5 101.8862
6 110.5908
7 114.1749
8 133.6877
9 138.5886
10 126.651
11 132.5059
12 126.922
13 132.532
14 139.9018
15 129.5056
16 126.9572
17 137.5089
18 130.6111
19 128.9473
20 117.5806
21 121.6244
22 142.6264
23 144.0128
24 154.07
25 145.5184
26 158.3803
27 170.8431
28 171.5639
29 176.9316
30 196.3934
31 232.7266
32 238.0175
33 248.3784
34 238.1441
35 240.6614
36 259.6758
37 287.092
38 304.2568
39 325.7853
40 331.8266
41 331.0802
42 366.6553
43 399.712
44 416.2834
45 423.2791
46 435.782
47 441.116
48 461.9027
49 456.2643
50 505.8042
51 531.2156
52 592.2071
53 631.847
54 700.3366
55 755.6221
56 810.9424
57 880.9006
58 852.7402
59 903.1483
60 946.9329
61 994.7095
62 1035.4259
63 1081.7592
64 1167.2798
65 1234.5552
66 1231.4266
67 1300.6938
68 1410.282
69 1482.1761
70 1566.1135
71 1653.5249
72 1684.7037
73 1722.9685
74 1763.2947
75 1780.0864
76 1781.3945
77 1900.3926
78 1935.55
79 1890.1189
80 1950.0491
81 1888.2269
82 1961.3846
83 1939.6199
84 1972.597
85 1979.7758
86 2000.8439
87 2090.5654
88 2006.2415
89 1908.6002
