-90 1201.0215
-89 1202.6299
-88 1152.324
-87 1165.9972
-86 1186.9366
-85 1215.5256
-84 1234.7147
-83 1224.8019
-82 1318.1617
-81 1282.8076
-80 1258.5403
-79 1284.5996
-78 1239.3561
-77 1276.2418
-76 1333.4773
-75 1425.276
-74 1445.8881
-73 1386.5104
-72 1407.2238
-71 1326.1857
-70 1331.1599
-69 1293.9954
-68 1248.9736
-67 1275.1276
-66 1190.0635
-65 1202.9998
-64 1175.5924
-63 1107.8649
-62 1112.7141
-61 1098.554
-60 1054.8799
-59 1002.7723
-58 966.1673
-57 906.0591
-56 906.3584
-55 894.0434
-54 843.602
-53 840.3833
-52 849.9559
-51 830.2449
-50 807.0464
-49 813.4105
-48 789.3914
-47 731.515
-46 678.8625
-45 670.0481
-44 688.6741
-43 661.0729
-42 633.0588
-41 596.7288
-40 599.926
-39 577.3568
-38 559.1702
-37 548.8367
-36 534.9644
-35 503.7552
-34 507.9984
-33 455.4033
-32 459.6662
-31 472.7611
-30 420.2159
-29 372.874
-28 367.4734
-27 352.9173
-26 317.9778
-25 320.4531
-24 329.2497
-23 318.8325
-22 303.8791
-21 253.4735
-20 240.0078
-19 207.2126
-18 207.6552
-17 193.4801
-16 166.9472
-15 189.1302
-14 175.829
-13 161.8816
-12 166.3214
-11 146.8277
-10 135.4308
-9 138.8424
-8 137.7782
-7 114.1369
-6 121.9957
-5 107.0191
-4 96.0003
-3 99.6965
-2 89.9734
-1 90.5481
0 71.7454
1 71.1023
2 77.5479
3 78.6613
4 78.3367
5 77.38
6 84.8227
7 79.5036
8 87.9353
9 104.0944
10 101.8377
11 83.7969
12 73.0689
13 71.5609
14 79.3031
15 77.7235
16 73.1638
17 61.6148
18 71.899
19 62.8312
20 66.1371
21 63.9691
22 63.391
23 57.0195
24 72.2784
25 59.3497
26 58.6915
27 68.7572
28 71.2709
29 69.4784
30 66.7701
31 70.4499
32 74.4521
33 81.0413
34 78.2848
35 70.3724
36 80.6057
37 89.4771
38 95.5746
39 109.5789
40 120.0849
41 124.2131
42 115.4521
43 115.787
44 133.9549
45 133.4072
46 132.653
47 139.6057
48 150.4715
49 139.4565
50 147.5118
51 170.1325
52 179.0567
53 193.7334
54 200.7904
55 221.6501
56 226.6465
57 241.7022
58 231.8083
59 247.7052
60 275.2111
61 264.7168
62 269.4216
63 279.586
64 314.1976
65 349.4689
66 364.941
67 376.6508
68 428.6811
69 443.2427
70 447.6537
71 527.4625
72 568.6907
73 611.7145
74 666.3001
75 661.2285
76 736.7403
77 750.0098
78 765.4407
79 776.8611
80 840.1648
81 861.0827
82 855.7549
83 855.6967
84 936.602
85 995.4948
86 1073.2435
87 1159.429
88 1119.2629
89 1114.5891
