-90 1256.2377
-89 1268.4608
-88 1211.6049
-87 1172.5548
-86 1192.3119
-85 1177.7922
-84 1148.5907
-83 1161.304
-82 1156.0671
-81 1162.7703
-80 1148.9705
-79 1191.8811
-78 1198.7782
-77 1186.358
-76 1095.915
-75 1101.6024
-74 1103.8365
-73 1058.3533
-72 1049.2146
-71 992.8292
-70 976.6629
-69 976.8796
-68 953.4838
-67 958.1473
-66 1006.8626
-65 1005.1348
-64 976.7436
-63 931.5444
-62 910.4586
-61 890.7869
-60 892.4523
-59 877.6157
-58 899.2894
-57 844.2874
-56 771.834
-55 760.3901
-54 752.2874
-53 720.8644
-52 701.61
-51 690.9543
-50 671.0946
-49 603.8967
-48 596.6523
-47 545.6766
-46 535.0388
-45 506.3105
-44 506.5911
-43 485.912
-42 440.9085
-41 471.5037
-40 425.0475
-39 384.7119
-38 366.0441
-37 321.8186
-36 313.3406
-35 276.5766
-34 249.5496
-33 238.316
-32 221.152
-31 186.078
-30 195.5429
-29 183.9364
-28 180.1355
-27 165.6833
-26 168.2293
-25 152.925
-24 154.4414
-23 159.4905
-22 143.0267
-21 132.7281
-20 117.3012
-19 102.8836
-18 109.3296
-17 115.802
-16 125.1457
-15 115.4502
-14 107.0632
-13 100.2822
-12 87.3475
-11 94.946
-10 105.8447
-9 87.4044
-8 86.9152
-7 73.3368
-6 67.479
-5 82.7812
-4 92.3767
-3 83.9652
-2 86.2783
-1 86.1988
0 81.5336
1 84.1563
2 77.4754
3 70.4415
4 83.1712
5 104.074
6 105.0166
7 89.1689
8 94.8271
9 87.3025
10 116.7216
11 118.0122
12 125.7494
13 127.3527
14 131.197
15 146.7959
16 161.4395
17 180.8936
18 169.7685
19 159.9371
20 167.5673
21 184.4036
22 192.5948
23 187.7071
24 198.2822
25 184.7665
26 190.4349
27 211.9591
28 202.3232
29 212.2172
30 220.8882
31 231.0508
32 234.8176
33 242.9258
34 249.472
35 259.7979
36 271.0329
37 278.5876
38 315.4658
39 342.7168
40 338.8161
41 341.7988
42 367.8893
43 388.6658
44 364.2562
45 382.6894
46 400.4763
47 411.7916
48 444.7106
49 467.5375
50 477.6549
51 498.7184
52 502.9427
53 507.3602
54 546.4075
55 591.1385
56 611.881
57 641.7755
58 661.9214
59 673.0061
60 692.022
61 701.6046
62 716.3394
63 775.2291
64 820.7755
65 784.8575
66 842.3954
67 846.8497
68 843.803
69 899.294
70 892.1586
71 896.3351
72 911.5891
73 890.3441
74 968.7119
75 946.9755
76 970.9943
77 1021.8134
78 990.4774
79 1013.6118
80 990.2392
81 1016.6147
82 1019.2083
83 1049.5981
84 1062.7898
85 1078.8781
86 1113.0773
87 1135.046
88 1199.6581
89 1184.5674
