-90 773.2476
-89 749.5524
-88 756.5395
-87 665.0848
-86 662.029
-85 647.1989
-84 605.8224
-83 592.4559
-82 599.8165
-81 620.351
-80 641.608
-79 642.2039
-78 634.178
-77 587.9691
-76 564.1797
-75 528.9597
-74 509.1031
-73 517.8939
-72 505.3702
-71 477.248
-70 465.2469
-69 468.4911
-68 407.9972
-67 388.4841
-66 344.8558
-65 345.2239
-64 323.53
-63 304.6511
-62 296.1846
-61 320.6937
-60 286.5978
-59 297.7241
-58 271.1656
-57 283.2888
-56 303.9176
-55 276.7641
-54 282.2875
-53 238.8706
-52 225.0397
-51 202.2071
-50 187.3999
-49 177.6525
-48 193.7894
-47 188.0482
-46 204.1102
-45 199.4615
-44 209.231
-43 183.1462
-42 195.1255
-41 173.848
-40 188.5075
-39 178.5951
-38 178.7809
-37 189.5633
-36 172.4748
-35 203.9896
-34 188.1402
-33 170.1318
-32 190.7696
-31 207.7177
-30 199.5051
-29 180.3811
-28 156.3088
-27 141.2817
-26 143.1364
-25 125.9019
-24 126.3974
-23 118.9003
-22 117.5961
-21 101.0203
-20 107.4173
-19 100.8901
-18 102.1287
-17 96.907
-16 108.1606
-15 115.3258
-14 104.8769
-13 98.3099
-12 79.3614
-11 92.2669
-10 92.6515
-9 104.8824
-8 114.0754
-7 107.7152
-6 99.1755
-5 101.4342
-4 99.5337
-3 104.281
-2 100.2082
-1 83.5344
0 85.5755
1 102.8943
2 89.2501
3 97.7354
4 94.0492
5 114.321
6 117.9117
7 101.6912
8 112.3396
9 113.5232
10 127.4548
11 136.782
12 127.7492
13 135.1606
14 121.0772
15 135.511
16 144.154
17 153.8105
18 158.3362
19 157.8314
20 168.7888
21 171.3
22 175.0206
23 194.3284
24 209.195
25 194.4943
26 211.9448
27 233.3062
28 239.3971
29 257.885
30 250.187
31 273.0942
32 275.3699
33 284.9128
34 310.5453
35 301.3619
36 299.5545
37 309.9663
38 342.4983
39 376.8154
40 381.9648
41 368.4882
42 383.9077
43 408.1014
44 410.0579
45 456.6133
46 463.2904
47 464.4282
48 472.4645
49 502.6688
50 535.2693
51 567.9294
52 556.7459
53 561.3061
54 592.6584
55 649.5093
56 658.6668
57 700.0298
58 763.2122
59 842.2854
60 845.9592
61 890.6122
62 911.742
63 952.685
64 917.5594
65 935.5101
66 977.2224
67 1042.5065
68 1026.4968
69 1052.4557
70 1032.8119
71 973.5006
72 1016.6756
73 1021.4333
74 1032.0153
75 1001.227
76 994.1467
77 988.5579
78 966.329
79 921.0671
80 861.6013
81 870.7434
82 879.0223
83 852.1195
84 834.2798
85 850.3001
86 815.7463
87 841.7233
88 797.733
89 836.5361
