-90 2135.9087
-89 2115.4456
-88 2070.3899
-87 2038.49
-86 1931.3217
-85 1819.2584
-84 1735.3749
-83 1677.0718
-82 1537.5667
-81 1451.657
-80 1425.1133
-79 1350.75
-78 1216.2443
-77 1074.8264
-76 997.2981
-75 944.7338
-74 832.4532
-73 753.2053
-72 683.2025
-71 599.1547
-70 536.9668
-69 519.8407
-68 479.8536
-67 423.6015
-66 365.6331
-65 341.7404
-64 290.6086
-63 256.5027
-62 241.6953
-61 224.5485
-60 232.8722
-59 197.5592
-58 172.6247
-57 159.0899
-56 167.2018
-55 171.4064
-54 162.1886
-53 123.8527
-52 101.3447
-51 101.6134
-50 94.2991
-49 94.8286
-48 85.4457
-47 72.6014
-46 68.5067
-45 58.5371
-44 53.8862
-43 61.6195
-42 56.9097
-41 62.4994
-40 60.0382
-39 46.7449
-38 58.6373
-37 55.7026
-36 45.4283
-35 43.7821
-34 38.8401
-33 31.7152
-32 32.7185
-31 32.686
-30 28.2095
-29 36.1618
-28 25.0696
-27 26.585
-26 23.6957
-25 24.305
-24 19.583
-23 16.0559
-22 21.6701
-21 27.3476
-20 25.5209
-19 21.2874
-18 21.0965
-17 24.0488
-16 25.3102
-15 23.4133
-14 27.1849
-13 29.297
-12 24.1653
-11 19.0159
-10 16.9472
-9 23.1505
-8 23.3874
-7 28.2373
-6 23.2214
-5 21.0797
-4 25.6752
-3 28.5319
-2 28.8663
-1 36.5589
0 30.8101
1 30.4731
2 30.6168
3 30.6156
4 22.9665
5 26.9507
6 24.4016
7 19.3235
8 20.6537
9 22.8863
10 29.9817
11 29.5772
12 32.8565
13 33.7616
14 33.0911
15 38.5942
16 43.0255
17 43.1885
18 43.0912
19 42.5428
20 38.493
21 49.1791
22 62.8412
23 54.8602
24 48.2074
25 58.6377
26 53.1909
27 56.8449
28 48.3768
29 46.213
30 43.6378
31 51.4379
32 54.3728
33 51.6563
34 49.8257
35 65.5924
36 65.3422
37 50.0311
38 55.847
39 58.8259
40 75.3454
41 76.9459
42 74.2416
43 93.5252
44 88.5755
45 100.6611
46 115.2074
47 122.0359
48 139.9469
49 164.5637
50 166.3524
51 176.548
52 198.9055
53 223.2665
54 235.6515
55 225.556
56 234.4033
57 292.5826
58 289.4976
59 324.1069
60 369.1284
61 377.5806
62 435.992
63 500.6234
64 532.8315
65 567.4108
66 632.8051
67 716.2842
68 814.0048
69 875.1667
70 1046.1698
71 1150.4979
72 1207.7396
73 1247.791
74 1313.6804
75 1374.1403
76 1521.4303
77 1679.0613
78 1802.3696
79 1836.139
80 1852.4542
81 1870.8751
82 1924.1245
83 1981.4261
84 2065.4536
85 2088.8298
86 2107.7139
87 2142.4377
88 2084.8721
89 2167.4307
