-90 2147.2273
-89 2056.2158
-88 2096.5769
-87 2119.0723
-86 2093.8687
-85 2142.7395
-84 2024.6277
-83 1953.62
-82 1897.3413
-81 1829.4508
-80 1870.3934
-79 1831.4495
-78 1761.5094
-77 1770.2054
-76 1717.6195
-75 1672.3527
-74 1697.2987
-73 1616.7942
-72 1648.4752
-71 1622.1123
-70 1648.574
-69 1590.9117
-68 1518.6029
-67 1425.6788
-66 1364.7203
-65 1331.6145
-64 1271.157
-63 1172.2462
-62 1115.6375
-61 1059.7166
-60 1009.7989
-59 930.0118
-58 872.875
-57 795.0773
-56 721.5777
-55 720.4332
-54 676.4711
-53 596.7983
-52 525.4223
-51 493.1429
-50 456.2749
-49 417.635
-48 401.8787
-47 394.8535
-46 373.9884
-45 288.1784
-44 294.7519
-43 263.601
-42 258.4365
-41 245.3187
-40 229.293
-39 209.0277
-38 218.948
-37 182.6964
-36 154.7765
-35 140.2602
-34 152.3919
-33 142.939
-32 125.8366
-31 127.0199
-30 114.3092
-29 107.2943
-28 103.2658
-27 113.612
-26 116.3479
-25 90.4082
-24 93.314
-23 99.4836
-22 95.8508
-21 76.2209
-20 85.7069
-19 75.0679
-18 62.6672
-17 65.7001
-16 61.7141
-15 77.7966
-14 62.278
-13 57.9277
-12 62.1656
-11 50.7537
-10 49.6322
-9 56.0051
-8 45.761
-7 59.3602
-6 61.7996
-5 46.4667
-4 42.8872
-3 51.7938
-2 49.6242
-1 44.7443
0 44.6547
1 37.8863
2 38.8308
3 38.5295
4 37.1245
5 39.3166
6 45.0232
7 49.1826
8 43.5687
9 58.3142
10 45.6112
11 56.2921
12 51.8938
13 53.3393
14 58.9125
15 59.4614
16 48.9711
17 45.4459
18 40.9983
19 54.3686
20 61.4677
21 68.2599
22 56.8606
23 48.1929
24 49.6134
25 54.8082
26 62.004
27 48.5778
28 45.0137
29 60.208
30 68.1489
31 65.8422
32 71.6065
33 78.1658
34 65.2753
35 73.4778
36 71.3942
37 68.1744
38 77.7585
39 92.0327
40 105.1176
41 105.081
42 124.4017
43 135.1073
44 135.2441
45 142.1251
46 150.0687
47 156.5996
48 171.3098
49 184.4421
50 193.452
51 196.3268
52 217.423
53 255.6592
54 285.9774
55 265.9181
56 311.7526
57 364.731
58 420.4814
59 473.9036
60 531.1456
61 574.6254
62 630.9794
63 681.4407
64 753.749
65 834.7731
66 839.4551
67 956.7805
68 1060.9489
69 1124.3156
70 1158.9011
71 1218.3152
72 1351.8326
73 1399.5511
74 1415.365
75 1490.3334
76 1518.0898
77 1593.844
78 1701.5961
79 1846.4073
80 1927.7279
81 2034.5178
82 2146.7983
83 2161.6475
84 2108.6125
85 2051.1599
86 2140.0686
87 2091.7998
88 2132.7607
89 2208.2698
