-90 1274.7258
-89 1334.9213
-88 1385.4581
-87 1383.8575
-86 1334.9879
-85 1331.0825
-84 1307.9053
-83 1240.4646
-82 1228.8993
-81 1176.8732
-80 1170.813
-79 1097.7261
-78 1012.1249
-77 956.6556
-76 915.1955
-75 987.1257
-74 1001.0412
-73 951.7537
-72 901.1443
-71 853.7898
-70 844.7326
-69 779.4857
-68 798.2745
-67 743.0057
-66 727.2725
-65 679.4156
-64 681.1104
-63 640.2921
-62 581.8201
-61 565.699
-60 568.1142
-59 554.2976
-58 583.4409
-57 564.6022
-56 498.1346
-55 431.5592
-54 394.0176
-53 366.0575
-52 353.1611
-51 325.9794
-50 296.0892
-49 273.5757
-48 248.6883
-47 239.3425
-46 229.6136
-45 221.8772
-44 197.0859
-43 191.8077
-42 166.8138
-41 159.7217
-40 146.5031
-39 122.4673
-38 117.5227
-37 99.9986
-36 95.0378
-35 88.8574
-34 86.6878
-33 78.1988
-32 65.3026
-31 73.2219
-30 67.6746
-29 72.4784
-28 62.836
-27 56.5251
-26 54.2203
-25 53.871
-24 66.4216
-23 56.5301
-22 68.5957
-21 57.1505
-20 50.5808
-19 50.4778
-18 45.1237
-17 41.4968
-16 45.429
-15 38.9017
-14 33.654
-13 38.1021
-12 39.1759
-11 45.6743
-10 46.4706
-9 39.2403
-8 33.1296
-7 32.6184
-6 34.2799
-5 27.5282
-4 31.5612
-3 37.9167
-2 30.0364
-1 30.2449
0 36.2669
1 35.345
2 29.2789
3 22.2441
4 25.3167
5 23.237
6 25.8921
7 19.1697
8 17.1081
9 12.504
10 19.1437
11 21.0367
12 22.7438
13 30.0304
14 25.6191
15 27.2329
16 27.9942
17 28.8449
18 25.9977
19 28.7132
20 25.4074
21 33.4852
22 29.9473
23 31.6017
24 32.4223
25 30.0178
26 33.5767
27 36.6644
28 38.1439
29 38.4384
30 33.2293
31 30.5058
32 35.2154
33 39.4878
34 38.847
35 49.5069
36 49.4103
37 50.6018
38 54.2433
39 70.3152
40 68.9662
41 77.889
42 77.8382
43 70.6486
44 74.0316
45 100.2208
46 103.7097
47 124.1051
48 163.4346
49 153.5202
50 149.4512
51 178.6623
52 209.9209
53 229.9949
54 231.2939
55 240.0594
56 239.4722
57 250.7549
58 279.979
59 315.6292
60 355.5088
61 390.8761
62 398.6022
63 426.4799
64 475.8556
65 489.4225
66 561.3613
67 576.0518
68 592.6535
69 714.3694
70 750.1985
71 843.4206
72 906.3247
73 962.9639
74 1029.6427
75 1054.8772
76 1134.2395
77 1130.9309
78 1140.2429
79 1146.1643
80 1203.0693
81 1159.2922
82 1199.3716
83 1301.5077
84 1348.3068
85 1365.5104
86 1376.3915
87 1419.8862
88 1388.5457
89 1334.5262
