-90 1773.9956
-89 1758.0941
-88 1793.6664
-87 1792.7496
-86 1808.4226
-85 1816.0131
-84 1851.5732
-83 1869.7234
-82 1857.1763
-81 1874.8933
-80 1831.9838
-79 1789.1776
-78 1879.2012
-77 1839.0077
-76 1799.3495
-75 1824.2446
-74 1772.322
-73 1741.4615
-72 1675.6462
-71 1654.7218
-70 1638.5239
-69 1588.6252
-68 1461.0361
-67 1342.4768
-66 1287.829
-65 1276.2289
-64 1173.825
-63 1139.5515
-62 1064.4231
-61 964.1215
-60 845.897
-59 820.1836
-58 722.0586
-57 654.1102
-56 596.0347
-55 552.6694
-54 489.9892
-53 450.4955
-52 464.6292
-51 405.607
-50 371.7422
-49 358.2661
-48 323.044
-47 307.0564
-46 267.2433
-45 272.6617
-44 233.4067
-43 234.0197
-42 195.0673
-41 190.804
-40 154.6702
-39 129.2019
-38 146.969
-37 137.344
-36 124.4568
-35 124.1858
-34 127.7246
-33 107.8584
-32 95.2084
-31 101.5269
-30 98.1965
-29 97.0281
-28 93.6866
-27 82.8282
-26 75.8137
-25 69.1181
-24 71.9988
-23 66.2631
-22 60.4997
-21 64.8886
-20 59.169
-19 57.7638
-18 45.2635
-17 50.702
-16 43.5886
-15 44.0038
-14 43.4392
-13 41.9404
-12 34.156
-11 37.1631
-10 34.0216
-9 34.0872
-8 29.0945
-7 36.8863
-6 42.7261
-5 31.4404
-4 30.4854
-3 38.0078
-2 36.3474
-1 36.5567
0 33.1512
1 24.0422
2 28.3493
3 32.2886
4 29.927
5 30.8064
6 28.9322
7 30.8791
8 29.3866
9 29.5074
10 26.6942
11 28.3072
12 39.992
13 36.0693
14 33.1979
15 42.0349
16 47.0421
17 46.1881
18 44.7478
19 38.6455
20 38.775
21 39.0019
22 35.2864
23 36.6946
24 33.4012
25 30.7559
26 29.4605
27 33.9488
28 43.1749
29 45.4477
30 52.3968
31 50.594
32 59.601
33 53.5958
34 64.9311
35 66.1997
36 64.9516
37 65.874
38 63.4535
39 62.9951
40 65.248
41 71.5053
42 67.7453
43 80.8933
44 74.8289
45 68.2588
46 70.6691
47 64.3669
48 72.832
49 70.1151
50 96.8037
51 116.2709
52 139.6403
53 147.5763
54 160.1846
55 157.9339
56 189.171
57 190.1569
58 194.9062
59 198.6086
60 200.7647
61 228.5627
62 264.5955
63 295.4976
64 313.9321
65 336.6252
66 377.1853
67 423.5038
68 463.6841
69 489.2614
70 532.2031
71 588.8337
72 608.2594
73 682.2844
74 775.3077
75 819.549
76 872.0177
77 891.1105
78 935.8796
79 985.8401
80 1048.9969
81 1093.1848
82 1239.4121
83 1286.6138
84 1341.8175
85 1459.7675
86 1523.4183
87 1567.9865
88 1675.7678
89 1701.1844
