-90 2444.4216
-89 2539.2043
-88 2555.9028
-87 2573.0747
-86 2648.6738
-85 2576.7356
-84 2616.8125
-83 2602.3047
-82 2668.0757
-81 2701.6189
-80 2550.0938
-79 2385.55
-78 2299.9736
-77 2235.5569
-76 2099.0085
-75 2009.2819
-74 1921.988
-73 1883.7767
-72 1846.7115
-71 1737.6229
-70 1585.889
-69 1558.7219
-68 1478.2701
-67 1465.9078
-66 1409.9547
-65 1341.5775
-64 1267.0045
-63 1189.7511
-62 1149.2539
-61 1104.3563
-60 1053.9452
-59 988.5115
-58 944.0132
-57 824.1068
-56 761.4412
-55 679.0474
-54 590.7551
-53 541.5754
-52 480.1891
-51 487.7192
-50 436.2244
-49 387.3401
-48 347.6117
-47 323.237
-46 299.1751
-45 276.9375
-44 277.2759
-43 254.7219
-42 230.4285
-41 223.1341
-40 211.3954
-39 174.1916
-38 180.5548
-37 168.4251
-36 163.5582
-35 158.5613
-34 159.2688
-33 132.0386
-32 131.5195
-31 131.5439
-30 108.3593
-29 88.2921
-28 98.4494
-27 91.9636
-26 88.3394
-25 90.3229
-24 96.51
-23 88.7897
-22 94.4189
-21 93.4828
-20 78.1831
-19 80.0846
-18 88.1139
-17 87.17
-16 60.0984
-15 66.305
-14 63.1976
-13 64.1244
-12 67.3321
-11 73.2519
-10 73.3505
-9 62.7442
-8 50.5879
-7 48.1896
-6 48.9684
-5 57.2392
-4 47.202
-3 65.005
-2 59.7335
-1 63.2736
0 58.1644
1 67.698
2 66.0073
3 57.9231
4 57.5853
5 51.6688
6 57.0451
7 59.0284
8 61.6155
9 63.2555
10 63.0874
11 63.0698
12 58.34
13 51.3027
14 64.3488
15 61.7537
16 67.8732
17 71.1379
18 80.274
19 68.2519
20 62.1687
21 79.1619
22 69.4447
23 72.8624
24 81.0149
25 81.987
26 86.957
27 98.7137
28 113.7792
29 116.1443
30 118.5179
31 108.3517
32 114.1325
33 117.5345
34 113.8827
35 114.7208
36 116.8196
37 134.7583
38 141.5442
39 132.7987
40 154.0042
41 158.528
42 146.3896
43 149.4338
44 195.1268
45 174.822
46 170.661
47 183.7289
48 188.0448
49 195.5742
50 197.3351
51 214.0852
52 240.3414
53 237.3744
54 296.1066
55 318.0053
56 335.4604
57 365.1934
58 410.3947
59 459.2389
60 486.5555
61 489.0787
62 541.011
63 557.0219
64 590.4951
65 651.7646
66 702.5317
67 748.0451
68 845.0257
69 913.3441
70 978.8391
71 1027.3315
72 1062.1572
73 1108.9695
74 1214.434
75 1317.2708
76 1376.1906
77 1405.0829
78 1517.1506
79 1563.7089
80 1636.4849
81 1752.2794
82 1841.5442
83 1939.8027
84 2065.2556
85 2129.0779
86 2254.9971
87 2303.8721
88 2351.6401
89 2410.1553
