-90 1186.3938
-89 1162.9365
-88 1140.0685
-87 1110.225
-86 1117.3182
-85 1148.3511
-84 1098.5686
-83 1048.275
-82 1016.4613
-81 966.1489
-80 939.9618
-79 933.2595
-78 845.4247
-77 824.1613
-76 815.7035
-75 793.1741
-74 743.1648
-73 734.6222
-72 715.6587
-71 665.8167
-70 651.0067
-69 617.8029
-68 580.9609
-67 574.3492
-66 548.3295
-65 507.2301
-64 490.1299
-63 485.3509
-62 458.4202
-61 456.1835
-60 427.3489
-59 383.1399
-58 349.489
-57 335.7767
-56 340.7423
-55 311.9719
-54 311.8859
-53 303.1887
-52 284.7244
-51 285.7152
-50 286.2402
-49 265.8601
-48 270.9909
-47 283.2187
-46 279.9627
-45 280.4159
-44 293.4597
-43 258.838
-42 230.9734
-41 226.7968
-40 221.62
-39 231.5377
-38 241.2367
-37 232.5169
-36 228.4312
-35 229.6107
-34 236.9546
-33 219.8699
-32 215.3804
-31 172.0024
-30 170.4838
-29 173.2058
-28 182.3477
-27 208.6923
-26 196.6644
-25 167.3531
-24 153.1871
-23 152.5052
-22 149.3364
-21 159.5812
-20 193.423
-19 165.1024
-18 172.736
-17 167.8282
-16 159.9808
-15 170.5588
-14 166.892
-13 155.6492
-12 150.1693
-11 158.8615
-10 133.4074
-9 130.0692
-8 145.9856
-7 137.1824
-6 146.1019
-5 165.4487
-4 159.4962
-3 168.7003
-2 165.9659
-1 161.4502
0 151.8366
1 134.3144
2 130.0451
3 143.4189
4 151.2215
5 134.5752
6 140.4421
7 142.8114
8 142.0669
9 145.5747
10 138.0551
11 145.5791
12 152.875
13 160.7982
14 141.0853
15 146.057
16 144.2485
17 143.9441
18 147.4145
19 139.6037
20 149.4321
21 140.9119
22 144.4767
23 154.3335
24 151.0148
25 156.6161
26 173.3111
27 170.7545
28 182.5748
29 182.8944
30 189.9629
31 186.7685
32 193.39
33 191.2025
34 209.4585
35 226.1614
36 212.9866
37 192.1112
38 213.2895
39 242.1405
40 257.832
41 257.8486
42 274.9008
43 296.3765
44 303.7169
45 329.1844
46 367.9597
47 350.9194
48 358.8354
49 395.0393
50 429.2218
51 457.6983
52 481.417
53 484.5801
54 541.4933
55 586.1784
56 589.4302
57 637.7004
58 689.738
59 728.4086
60 736.0782
61 749.9202
62 796.0519
63 876.8561
64 920.5125
65 941.4556
66 1011.34
67 1096.9362
68 1212.2422
69 1231.3229
70 1222.0684
71 1287.3809
72 1308.0024
73 1314.6288
74 1369.4631
75 1343.9222
76 1337.0691
77 1390.0796
78 1422.1207
79 1391.4302
80 1456.6807
81 1425.6039
82 1432.814
83 1445.3535
84 1466.1357
85 1396.1929
86 1413.9274
87 1353.7317
88 1292.0891
89 1231.3928
