-90 1742.7311
-89 1730.4568
-88 1785.7
-87 1681.8646
-86 1792.4354
-85 1807.1217
-84 1810.9725
-83 1834.0487
-82 1879.6473
-81 1941.231
-80 1812.2162
-79 1759.9655
-78 1723.5216
-77 1762.7816
-76 1736.9357
-75 1592.1809
-74 1537.4033
-73 1556.762
-72 1506.1013
-71 1405.2922
-70 1351.9493
-69 1303.2675
-68 1274.4896
-67 1202.3358
-66 1157.6141
-65 1067.7175
-64 1064.5735
-63 961.4694
-62 944.0385
-61 888.0339
-60 862.3058
-59 838.288
-58 762.8373
-57 707.1393
-56 645.2064
-55 598.5848
-54 534.4929
-53 475.8867
-52 428.2
-51 451.2185
-50 422.5974
-49 440.8994
-48 402.7727
-47 370.8958
-46 353.8278
-45 341.6122
-44 311.7375
-43 287.0726
-42 278.0797
-41 282.3962
-40 285.1169
-39 261.587
-38 270.6092
-37 249.1969
-36 241.9315
-35 211.4461
-34 220.3956
-33 223.3037
-32 232.6741
-31 202.5367
-30 191.6913
-29 197.2481
-28 182.1672
-27 183.1246
-26 169.8062
-25 158.6476
-24 188.3551
-23 174.6139
-22 171.4399
-21 183.6935
-20 188.9928
-19 165.1484
-18 164.7392
-17 167.48
-16 181.6717
-15 163.3688
-14 164.071
-13 143.1593
-12 133.5397
-11 123.9023
-10 126.9102
-9 137.8507
-8 129.7716
-7 129.6762
-6 112.3466
-5 141.2624
-4 135.3651
-3 123.2792
-2 120.4198
-1 120.114
0 120.3865
1 122.9205
2 128.3017
3 117.7326
4 112.1376
5 123.0105
6 98.9322
7 120.6071
8 107.8989
9 96.125
10 95.9209
11 110.7721
12 82.417
13 91.4919
14 99.7326
15 113.1649
16 125.1267
17 127.8126
18 138.1131
19 118.7349
20 115.8068
21 126.8547
22 125.3704
23 130.3856
24 115.1188
25 119.244
26 130.6045
27 139.3338
28 120.7605
29 112.1388
30 131.1179
31 137.7946
32 145.0314
33 158.5992
34 171.6026
35 197.0945
36 185.0469
37 199.6142
38 229.9936
39 226.1402
40 234.8397
41 241.4786
42 229.5692
43 227.066
44 231.8152
45 238.9139
46 266.9718
47 286.5075
48 289.3936
49 329.3624
50 342.9369
51 367.56
52 392.9305
53 377.6279
54 366.5153
55 403.2013
56 385.23
57 420.0872
58 423.1511
59 481.0117
60 547.989
61 574.5621
62 561.2849
63 594.8803
64 627.6384
65 673.4706
66 675.1919
67 694.3356
68 736.6843
69 811.0614
70 818.2063
71 877.3005
72 945.9974
73 985.3605
74 1040.5651
75 1151.2859
76 1211.7625
77 1253.7834
78 1328.8462
79 1366.1885
80 1402.0516
81 1354.8059
82 1401.3954
83 1429.2581
84 1473.3794
85 1382.3562
86 1488.0281
87 1563.4612
88 1658.3389
89 1704.6182
