-90 2200.1855
-89 2189.9519
-88 2115.655
-87 2132.7048
-86 2142.9968
-85 2090.6951
-84 1979.8228
-83 1919.4023
-82 1882.4844
-81 1829.3385
-80 1724.7383
-79 1613.8693
-78 1520.4731
-77 1442.0143
-76 1382.1436
-75 1387.5494
-74 1312.1128
-73 1249.7655
-72 1157.6191
-71 1060.7042
-70 975.6619
-69 941.2192
-68 881.4561
-67 838.3487
-66 861.125
-65 750.1829
-64 682.8885
-63 658.1312
-62 611.9579
-61 566.9779
-60 573.6124
-59 525.8864
-58 460.219
-57 443.8387
-56 421.6522
-55 380.9234
-54 386.6629
-53 378.0432
-52 366.7741
-51 319.4308
-50 301.4855
-49 286.6846
-48 277.1098
-47 258.3483
-46 245.3935
-45 244.4561
-44 230.0641
-43 254.6664
-42 235.286
-41 231.5619
-40 222.1273
-39 228.6773
-38 222.3382
-37 208.4937
-36 190.022
-35 186.8213
-34 190.4574
-33 177.2242
-32 176.787
-31 179.1187
-30 166.7423
-29 151.2334
-28 160.8888
-27 148.2063
-26 151.5122
-25 132.774
-24 113.3856
-23 130.6185
-22 128.9074
-21 121.4768
-20 113.1174
-19 101.1138
-18 108.6106
-17 96.8585
-16 87.4545
-15 77.3544
-14 86.378
-13 85.1287
-12 100.1019
-11 87.654
-10 89.7136
-9 93.621
-8 82.707
-7 95.0961
-6 98.8143
-5 84.5269
-4 80.5894
-3 84.8407
-2 98.2465
-1 93.0239
0 101.5958
1 109.3057
2 111.0914
3 86.5676
4 97.6393
5 93.4291
6 88.522
7 98.9362
8 98.8812
9 84.4584
10 93.4116
11 93.6188
12 110.0934
13 109.7182
14 105.5625
15 104.8924
16 122.9961
17 116.8367
18 134.1436
19 140.5004
20 150.8366
21 131.1303
22 142.0222
23 149.4494
24 153.5209
25 148.1966
26 148.4009
27 157.6851
28 141.8404
29 128.9035
30 154.6691
31 152.3566
32 161.6424
33 178.4468
34 179.8174
35 189.2007
36 178.2518
37 196.5777
38 218.2099
39 216.8935
40 258.1739
41 283.5049
42 289.7277
43 312.8728
44 365.4713
45 360.1056
46 362.8888
47 404.0682
48 408.9108
49 382.5632
50 416.0997
51 423.9094
52 432.6411
53 450.7556
54 484.1919
55 512.7557
56 591.2204
57 657.5991
58 694.0188
59 715.184
60 722.541
61 792.6663
62 862.5771
63 911.0649
64 941.3193
65 1094.9025
66 1125.214
67 1184.5468
68 1229.5812
69 1308.0714
70 1337.0907
71 1394.5764
72 1416.7043
73 1534.0393
74 1635.111
75 1669.6047
76 1641.1179
77 1720.6503
78 1761.1102
79 1830.4216
80 1894.2262
81 1889.4279
82 1917.7235
83 1914.9926
84 1945.6836
85 2035.5402
86 2051.3867
87 2070.2559
88 2053.1333
89 2110.9685
