-90 1203.4154
-89 1259.0507
-88 1224.6454
-87 1230.6648
-86 1284.252
-85 1325.6625
-84 1270.8083
-83 1288.901
-82 1367.5725
-81 1330.0717
-80 1327.9127
-79 1227.7468
-78 1191.5375
-77 1127.053
-76 1103.3611
-75 1185.8561
-74 1230.2927
-73 1189.1344
-72 1175.1133
-71 1111.2479
-70 1185.4031
-69 1170.1118
-68 1090.234
-67 1057.1757
-66 1025.1787
-65 954.3373
-64 861.1823
-63 826.1514
-62 819.2009
-61 779.3388
-60 744.5013
-59 696.6902
-58 613.6868
-57 544.2023
-56 452.975
-55 437.8144
-54 425.5112
-53 395.4829
-52 361.953
-51 344.7156
-50 344.4951
-49 293.0364
-48 285.5128
-47 288.7458
-46 251.9364
-45 223.0737
-44 207.124
-43 201.3033
-42 192.1237
-41 164.0648
-40 162.164
-39 133.8321
-38 128.5716
-37 138.6513
-36 146.9522
-35 137.5288
-34 127.4239
-33 134.6493
-32 137.2483
-31 143.5054
-30 140.2576
-29 147.9316
-28 136.9623
-27 119.235
-26 111.9395
-25 99.9988
-24 98.6521
-23 90.6735
-22 83.9254
-21 83.9449
-20 92.0804
-19 85.0982
-18 94.3417
-17 96.9636
-16 96.6958
-15 73.3224
-14 86.9893
-13 89.5672
-12 113.6227
-11 106.0544
-10 120.6648
-9 122.0719
-8 128.2093
-7 122.428
-6 112.4454
-5 98.9668
-4 98.6903
-3 87.9619
-2 98.3814
-1 84.542
0 94.5885
1 99.0926
2 96.2887
3 95.9901
4 98.8376
5 90.9384
6 97.0375
7 103.0917
8 98.0862
9 97.7887
10 100.6392
11 87.0887
12 75.9244
13 84.2065
14 82.2021
15 63.3765
16 72.4603
17 91.051
18 89.9508
19 70.697
20 76.9555
21 89.3418
22 83.6557
23 83.0163
24 85.1619
25 91.0432
26 87.319
27 93.9959
28 91.6573
29 105.5024
30 110.0374
31 96.4584
32 100.48
33 100.2921
34 94.1324
35 96.6214
36 97.2181
37 104.1955
38 97.0924
39 94.7564
40 97.3688
41 106.6533
42 108.8383
43 102.8115
44 124.6607
45 127.4933
46 140.3793
47 137.5398
48 142.7014
49 178.4186
50 161.9283
51 162.9598
52 140.7726
53 153.1467
54 173.513
55 182.7447
56 200.6098
57 215.2326
58 247.0611
59 232.0408
60 229.2416
61 244.9498
62 255.9052
63 282.6152
64 297.5822
65 360.0826
66 398.0776
67 441.1505
68 463.073
69 503.2569
70 530.2444
71 560.3489
72 573.3194
73 629.992
74 644.2788
75 674.0906
76 761.6883
77 793.3086
78 870.9604
79 883.1204
80 952.9442
81 960.4646
82 1010.6538
83 1040.7394
84 1074.7639
85 1102.1302
86 1127.2346
87 1127.4266
88 1110.158
89 1131.0671
