-90 2953.769
-89 3038.4111
-88 3011.8523
-87 2945.595
-86 2918.6458
-85 2910.9363
-84 2931.0891
-83 2903.2019
-82 2713.0415
-81 2678.3301
-80 2624.3992
-79 2638.6812
-78 2420.488
-77 2325.2131
-76 2239.678
-75 2203.8347
-74 2233.5215
-73 2156.5249
-72 2039.0917
-71 1931.2145
-70 1804.9951
-69 1691.2308
-68 1613.4165
-67 1587.8494
-66 1594.085
-65 1467.8065
-64 1482.4469
-63 1413.5482
-62 1307.9718
-61 1231.6464
-60 1181.3099
-59 1167.0585
-58 1101.2306
-57 1071.9802
-56 1053.4297
-55 988.1666
-54 949.9993
-53 880.5817
-52 839.256
-51 777.149
-50 736.1661
-49 758.1453
-48 705.3649
-47 632.0469
-46 632.5606
-45 599.2191
-44 519.2832
-43 489.9363
-42 444.4819
-41 425.6911
-40 409.8099
-39 392.2735
-38 377.1889
-37 352.0968
-36 338.2368
-35 312.9753
-34 286.387
-33 294.6721
-32 308.0463
-31 300.6863
-30 299.5979
-29 279.5833
-28 283.7027
-27 261.7642
-26 250.733
-25 245.1368
-24 249.7105
-23 268.9025
-22 246.363
-21 251.7319
-20 246.9991
-19 236.1351
-18 244.0808
-17 224.0638
-16 225.0904
-15 221.0984
-14 207.0347
-13 214.5647
-12 233.4917
-11 198.5964
-10 198.5621
-9 231.3438
-8 207.6762
-7 224.8927
-6 245.1795
-5 245.2239
-4 232.5042
-3 247.4416
-2 267.4627
-1 263.4263
0 268.1605
1 242.0515
2 280.4751
3 269.4936
4 288.3232
5 344.5769
6 318.8998
7 271.0093
8 297.1031
9 310.4258
10 340.9164
11 355.896
12 351.5576
13 373.3621
14 380.7215
15 352.0484
16 367.9993
17 350.9177
18 354.0311
19 416.0811
20 394.8604
21 409.3834
22 425.1489
23 443.2792
24 439.0056
25 449.4635
26 493.3644
27 518.698
28 548.0475
29 531.9553
30 503.7611
31 498.094
32 501.4961
33 536.2983
34 545.7219
35 588.3981
36 601.9652
37 549.8298
38 642.8367
39 668.0939
40 711.9346
41 739.3011
42 744.1539
43 774.8683
44 780.6999
45 787.2792
46 830.7042
47 871.2535
48 843.2078
49 829.3726
50 866.665
51 900.1115
52 868.7538
53 898.5903
54 921.665
55 963.4939
56 1037.1437
57 1111.588
58 1156.6085
59 1215.4769
60 1308.4584
61 1336.4878
62 1463.2278
63 1547.4972
64 1564.8749
65 1625.2947
66 1701.984
67 1753.16
68 1777.4581
69 1819.0917
70 1952.2286
71 2060.3206
72 2113.4148
73 2186.2166
74 2306.425
75 2300.5918
76 2327.6355
77 2405.2932
78 2388.5283
79 2473.8022
80 2532.0464
81 2521.0605
82 2527.1284
83 2600.6953
84 2676.739
85 2716.9702
86 2817.6802
87 2935.4287
88 2884.3032
89 2855.3591
