-90 2182.7075
-89 2253.3452
-88 2323.2058
-87 2419.3225
-86 2525.0212
-85 2492.1719
-84 2549.4946
-83 2590.1262
-82 2698.0559
-81 2736.9373
-80 2710.5139
-79 2639.8547
-78 2579.1084
-77 2581.8665
-76 2567.7217
-75 2451.2625
-74 2380.9597
-73 2310.8459
-72 2204.855
-71 2095.0745
-70 2038.4916
-69 2033.3169
-68 1964.1626
-67 1890.4913
-66 1833.5439
-65 1851.9626
-64 1800.0209
-63 1777.5748
-62 1703.4121
-61 1616.2533
-60 1576.4438
-59 1509.4738
-58 1415.85
-57 1402.6683
-56 1321.6144
-55 1290.9758
-54 1253.3469
-53 1267.0496
-52 1218.4797
-51 1154.8262
-50 1134.5885
-49 1056.9598
-48 971.7341
-47 930.0994
-46 861.2744
-45 810.5645
-44 779.876
-43 802.2136
-42 738.9785
-41 685.7853
-40 629.6928
-39 622.4951
-38 567.7562
-37 590.7572
-36 558.836
-35 552.3502
-34 545.908
-33 543.1628
-32 491.6891
-31 452.4466
-30 444.4323
-29 460.9912
-28 451.0494
-27 449.4782
-26 448.3338
-25 458.9662
-24 405.6741
-23 395.2872
-22 373.9675
-21 376.5818
-20 365.0233
-19 339.9936
-18 318.9454
-17 292.1314
-16 287.0451
-15 288.6789
-14 298.6177
-13 315.3834
-12 293.8317
-11 282.4241
-10 281.0551
-9 261.3825
-8 252.5701
-7 269.7209
-6 264.6257
-5 238.039
-4 267.217
-3 244.9064
-2 239.4238
-1 235.1755
0 236.6335
1 218.5387
2 230.6459
3 240.03
4 270.1079
5 267.8098
6 233.8941
7 258.1993
8 239.8103
9 221.794
10 226.3599
11 241.1523
12 241.4543
13 249.6651
14 265.4102
15 252.9138
16 259.968
17 247.3107
18 228.0896
19 216.3484
20 243.5813
21 244.4312
22 241.54
23 239.6517
24 231.6494
25 226.0694
26 227.2506
27 212.4587
28 219.1124
29 222.102
30 214.5266
31 217.8526
32 224.0503
33 239.1153
34 252.0676
35 224.2151
36 224.4837
37 234.2725
38 241.281
39 244.848
40 235.7448
41 233.2634
42 216.2327
43 243.6002
44 250.9154
45 269.6682
46 282.4524
47 266.8286
48 287.6706
49 300.5213
50 323.2574
51 327.4758
52 362.8874
53 357.0404
54 347.0367
55 385.9153
56 412.3076
57 406.0923
58 443.6055
59 454.4633
60 489.0786
61 503.6506
62 516.8469
63 521.0769
64 549.9962
65 596.0038
66 654.2389
67 699.8929
68 805.7088
69 830.566
70 892.2509
71 972.6993
72 1026.0031
73 1078.5189
74 1229.8635
75 1319.7893
76 1367.5719
77 1481.1049
78 1597.2164
79 1618.2922
80 1620.7632
81 1706.3059
82 1829.699
83 1847.7719
84 1853.0693
85 1886.7719
86 2050.8518
87 2069.2136
88 2147.3352
89 2215.717
