-90 2883.6807
-89 3012.9753
-88 3061.0115
-87 3104.5452
-86 3239.2095
-85 3238.03
-84 3154.2979
-83 3071.8318
-82 3175.136
-81 3101.5928
-80 3045.3845
-79 2969.176
-78 2951.5825
-77 2877.4954
-76 2812.4697
-75 2696.9482
-74 2643.4087
-73 2530.324
-72 2435.5322
-71 2309.1855
-70 2254.8577
-69 2219.7163
-68 2083.7178
-67 2064.5889
-66 1964.147
-65 1833.6232
-64 1745.8663
-63 1627.8068
-62 1560.5927
-61 1525.6697
-60 1454.9309
-59 1312.2209
-58 1296.6301
-57 1200.0946
-56 1100.9757
-55 961.981
-54 945.8508
-53 906.551
-52 828.2913
-51 753.8257
-50 725.5085
-49 650.0753
-48 602.2283
-47 576.3752
-46 536.5892
-45 482.0114
-44 435.2372
-43 431.1459
-42 409.635
-41 402.7912
-40 360.2002
-39 361.2357
-38 350.4805
-37 323.8
-36 287.8112
-35 297.3481
-34 285.4701
-33 277.2842
-32 284.3614
-31 278.6374
-30 243.5637
-29 244.3043
-28 255.5236
-27 252.6433
-26 242.6054
-25 258.3622
-24 281.8289
-23 261.5484
-22 243.9067
-21 239.5688
-20 229.9585
-19 218.0891
-18 235.9649
-17 224.8593
-16 212.3928
-15 205.7113
-14 194.9285
-13 199.3486
-12 193.0909
-11 212.902
-10 211.7863
-9 212.2384
-8 216.423
-7 199.088
-6 193.2449
-5 200.1779
-4 221.3642
-3 228.2031
-2 240.0638
-1 257.0148
0 263.4761
1 266.1516
2 264.7805
3 261.9232
4 232.577
5 237.5898
6 252.703
7 236.2609
8 226.576
9 231.5466
10 227.1919
11 218.6967
12 217.67
13 221.6657
14 237.5023
15 231.7119
16 229.6116
17 212.5641
18 210.7363
19 222.1613
20 228.1757
21 224.6039
22 214.7818
23 218.2262
24 244.5435
25 228.4699
26 239.5466
27 248.7774
28 237.2189
29 246.8423
30 259.3286
31 207.0507
32 225.105
33 225.8605
34 215.4467
35 215.308
36 227.8424
37 217.3104
38 240.7217
39 255.1172
40 236.2714
41 233.9952
42 229.7961
43 230.6724
44 242.4655
45 253.2378
46 265.0208
47 264.2703
48 302.9883
49 305.305
50 321.0588
51 303.5775
52 306.2351
53 307.3596
54 326.0959
55 331.535
56 370.5156
57 398.4961
58 421.7768
59 471.7068
60 507.3173
61 553.8792
62 616.7924
63 715.5262
64 730.7098
65 758.3066
66 861.1575
67 908.8809
68 970.5672
69 956.0837
70 1035.4446
71 1140.665
72 1207.3873
73 1292.459
74 1414.5555
75 1522.6886
76 1599.9877
77 1735.0052
78 1806.644
79 1900.4912
80 2045.5188
81 2140.9961
82 2200.6145
83 2297.3101
84 2472.6885
85 2559.6909
86 2629.8237
87 2655.7949
88 2776.123
89 2827.6272
