-90 764.5096
-89 810.6971
-88 819.1248
-87 828.2452
-86 781.507
-85 825.2876
-84 821.6869
-83 807.2976
-82 837.4957
-81 789.7062
-80 813.2209
-79 810.068
-78 825.4321
-77 845.0085
-76 847.3975
-75 864.5192
-74 820.8868
-73 801.2006
-72 742.0936
-71 770.2571
-70 734.7759
-69 740.0773
-68 737.9495
-67 659.4024
-66 645.781
-65 643.9226
-64 628.6955
-63 633.1629
-62 627.46
-61 591.4584
-60 581.3358
-59 580.0162
-58 547.1764
-57 519.3846
-56 548.226
-55 516.8478
-54 503.2014
-53 497.2257
-52 485.5726
-51 467.2719
-50 434.4281
-49 435.2823
-48 432.2269
-47 394.5477
-46 366.3016
-45 367.8051
-44 355.3307
-43 336.6281
-42 320.1795
-41 326.3493
-40 314.8554
-39 298.6195
-38 316.9444
-37 293.2053
-36 300.9304
-35 333.8939
-34 329.6604
-33 326.4686
-32 298.1227
-31 286.0693
-30 283.105
-29 286.1271
-28 270.9421
-27 279.2219
-26 262.6013
-25 263.6892
-24 267.3588
-23 280.3709
-22 266.3063
-21 265.6462
-20 279.1064
-19 291.0269
-18 313.0883
-17 296.9168
-16 280.6435
-15 245.6355
-14 240.0213
-13 235.2301
-12 234.4795
-11 242.5166
-10 259.5592
-9 265.2281
-8 247.8423
-7 235.8793
-6 225.6877
-5 226.2438
-4 230.7983
-3 235.063
-2 244.0685
-1 244.1685
0 236.4418
1 217.8191
2 238.3219
3 215.3167
4 215.864
5 222.3475
6 209.171
7 234.6567
8 253.1856
9 234.1804
10 236.5096
11 256.2825
12 253.6504
13 239.7371
14 241.2547
15 259.8231
16 243.8109
17 222.9637
18 235.1589
19 245.2642
20 254.2278
21 278.9883
22 239.7321
23 241.1298
24 234.2013
25 239.9467
26 247.2715
27 263.4749
28 251.3156
29 254.2292
30 241.7777
31 248.3334
32 242.068
33 224.5906
34 237.7021
35 248.7077
36 257.39
37 238.0897
38 227.5019
39 243.3865
40 234.3053
41 257.9788
42 274.9425
43 264.2121
44 245.2953
45 282.143
46 306.093
47 334.2451
48 317.7189
49 305.9239
50 317.6554
51 339.9383
52 327.0294
53 336.1849
54 311.1808
55 331.8342
56 352.3116
57 356.7968
58 334.9426
59 341.4015
60 354.3493
61 407.9656
62 416.5255
63 436.1331
64 441.4215
65 456.3523
66 413.6727
67 449.8736
68 450.928
69 461.6244
70 463.5906
71 432.9189
72 446.2192
73 491.1031
74 534.8295
75 556.8679
76 549.8232
77 524.4211
78 557.7138
79 628.6686
80 621.2079
81 651.9017
82 692.9636
83 675.8351
84 674.1141
85 677.1162
86 738.2774
87 711.956
88 718.5449
89 720.2125
