-90 938.5016
-89 982.46
-88 998.3194
-87 1002.9453
-86 1056.0659
-85 1025.1478
-84 1031.4537
-83 1066.2933
-82 1063.397
-81 1046.2838
-80 1059.751
-79 1067.387
-78 1048.8279
-77 1001.5134
-76 1012.0419
-75 1043.1862
-74 1083.7773
-73 1017.7631
-72 1001.8557
-71 1028.0032
-70 982.9306
-69 990.6069
-68 981.1071
-67 956.1186
-66 963.1824
-65 944.1188
-64 884.0621
-63 822.7881
-62 823.3713
-61 855.4808
-60 819.9553
-59 825.1012
-58 840.4841
-57 771.9276
-56 734.2512
-55 740.9464
-54 710.2099
-53 586.9385
-52 596.6868
-51 565.8312
-50 542.3244
-49 541.5223
-48 498.2847
-47 485.9532
-46 477.0565
-45 470.6071
-44 463.3812
-43 424.4107
-42 392.7068
-41 390.086
-40 370.023
-39 352.3976
-38 326.7412
-37 334.6531
-36 346.886
-35 333.504
-34 319.1633
-33 327.6138
-32 276.429
-31 302.0608
-30 280.313
-29 268.7562
-28 284.6404
-27 281.3016
-26 257.4207
-25 262.9626
-24 235.0506
-23 234.911
-22 228.167
-21 242.1465
-20 233.4912
-19 260.0506
-18 254.4246
-17 224.3382
-16 235.9428
-15 219.9998
-14 229.8698
-13 220.1589
-12 229.8609
-11 214.8007
-10 197.4515
-9 205.7402
-8 229.6783
-7 221.529
-6 228.9015
-5 251.5218
-4 254.3144
-3 241.8075
-2 260.6892
-1 270.5155
0 267.6126
1 261.3339
2 243.2278
3 238.9285
4 215.5157
5 215.4866
6 205.9328
7 209.1436
8 201.4952
9 202.3934
10 180.679
11 193.5245
12 203.2705
13 211.3267
14 230.9834
15 233.3035
16 247.8381
17 245.1736
18 255.8858
19 258.3203
20 268.677
21 288.129
22 286.5063
23 298.6068
24 280.9612
25 290.3149
26 290.793
27 283.2025
28 263.5764
29 250.1131
30 274.7544
31 264.8281
32 236.113
33 214.4749
34 218.5598
35 207.0841
36 222.6794
37 245.0582
38 240.1237
39 244.7927
40 243.7574
41 260.4855
42 256.4782
43 257.1973
44 278.5313
45 291.3532
46 306.3026
47 323.3235
48 294.9103
49 306.0603
50 331.6638
51 346.8027
52 334.5548
53 330.5492
54 337.503
55 365.4482
56 358.0888
57 348.5791
58 361.5934
59 408.888
60 463.7658
61 487.0129
62 504.9375
63 510.2969
64 496.6208
65 510.7297
66 519.3508
67 536.9874
68 529.6617
69 527.2849
70 557.3447
71 560.1481
72 574.9807
73 610.6683
74 624.2123
75 662.1238
76 689.4258
77 718.6136
78 750.5992
79 727.4619
80 758.0312
81 813.8415
82 848.7457
83 837.9457
84 835.0579
85 852.3207
86 910.5323
87 929.4042
88 985.2478
89 964.2773
