-90 378.0092
-89 360.0427
-88 344.3467
-87 380.7592
-86 352.2721
-85 322.9414
-84 313.0915
-83 327.2896
-82 322.8759
-81 292.2599
-80 296.5557
-79 294.289
-78 273.895
-77 272.3713
-76 281.0138
-75 277.0416
-74 272.8751
-73 293.9201
-72 280.9521
-71 256.2923
-70 261.2142
-69 240.0974
-68 271.1582
-67 245.9783
-66 219.2681
-65 226.6662
-64 230.7997
-63 201.0236
-62 196.4375
-61 205.258
-60 186.9628
-59 182.7178
-58 157.2784
-57 175.7855
-56 162.7581
-55 144.6424
-54 160.4732
-53 156.0189
-52 138.787
-51 125.5297
-50 153.4267
-49 138.4758
-48 130.3071
-47 133.2261
-46 133.6098
-45 132.8357
-44 115.0783
-43 132.2189
-42 139.2075
-41 150.5564
-40 150.4429
-39 145.3825
-38 136.7614
-37 134.1632
-36 138.0022
-35 154.6071
-34 156.2329
-33 166.4683
-32 154.8551
-31 144.7741
-30 121.8878
-29 134.9663
-28 131.3575
-27 124.5556
-26 122.757
-25 116.2613
-24 122.4969
-23 117.0819
-22 114.4405
-21 125.9777
-20 133.3559
-19 127.6236
-18 134.9149
-17 143.0255
-16 130.9646
-15 148.0798
-14 157.2243
-13 149.453
-12 150.7895
-11 135.6439
-10 126.4747
-9 145.659
-8 146.5026
-7 133.0384
-6 121.1474
-5 118.6604
-4 131.5606
-3 134.5651
-2 144.221
-1 148.8362
0 148.4062
1 155.4731
2 158.0257
3 169.5803
4 171.5886
5 185.7331
6 177.5864
7 175.4503
8 168.3349
9 159.9257
10 169.2337
11 174.1996
12 163.4736
13 160.6037
14 163.5408
15 173.0385
16 196.2606
17 195.0745
18 200.9154
19 190.5114
20 193.2893
21 198.9396
22 207.8109
23 212.7397
24 219.0051
25 216.0995
26 217.5852
27 238.1353
28 196.1199
29 223.047
30 217.3676
31 199.0223
32 200.3508
33 226.3481
34 232.5408
35 244.7762
36 246.4495
37 250.4423
38 229.8388
39 227.5947
40 254.9771
41 259.6662
42 280.8404
43 291.7124
44 309.9695
45 311.0579
46 302.2709
47 328.0802
48 355.4187
49 338.5566
50 326.0274
51 333.7367
52 321.1207
53 303.3919
54 330.8026
55 301.6451
56 318.4807
57 307.2869
58 293.3776
59 307.2946
60 290.9675
61 296.0501
62 295.9789
63 312.8275
64 320.4529
65 332.4809
66 360.7595
67 380.0974
68 362.534
69 343.314
70 371.0201
71 383.9644
72 378.8631
73 381.0012
74 391.5236
75 404.3829
76 438.8199
77 449.282
78 440.6932
79 415.8431
80 407.2593
81 426.4756
82 437.8277
83 433.1415
84 428.2617
85 382.1693
86 385.5121
87 398.7913
88 406.5669
89 379.0968
