-90 765.3094
-89 821.0235
-88 790.6418
-87 795.4783
-86 792.905
-85 797.0107
-84 747.5725
-83 753.1928
-82 803.3856
-81 778.5198
-80 813.4322
-79 809.0942
-78 830.1447
-77 823.4677
-76 810.8231
-75 841.2846
-74 888.4409
-73 869.8397
-72 908.0036
-71 876.8333
-70 860.1512
-69 846.4948
-68 851.845
-67 836.8284
-66 823.1755
-65 895.581
-64 858.3147
-63 828.6358
-62 811.0967
-61 826.9294
-60 785.0591
-59 779.5341
-58 744.385
-57 800.265
-56 787.5222
-55 768.2953
-54 753.9346
-53 725.5247
-52 724.4638
-51 696.4776
-50 703.1418
-49 725.627
-48 680.6301
-47 690.9773
-46 677.107
-45 626.0752
-44 610.1567
-43 578.7166
-42 573.4139
-41 579.1127
-40 579.3525
-39 577.0452
-38 582.791
-37 556.022
-36 543.1681
-35 544.2657
-34 597.7955
-33 631.8322
-32 651.6469
-31 654.1193
-30 631.3778
-29 609.4247
-28 621.8097
-27 644.8096
-26 664.2879
-25 668.3927
-24 667.8209
-23 642.4199
-22 639.3041
-21 660.2169
-20 650.4883
-19 653.7858
-18 674.0398
-17 661.1819
-16 635.4343
-15 690.8136
-14 683.7199
-13 652.9423
-12 658.3481
-11 663.7631
-10 646.7296
-9 643.5486
-8 629.8201
-7 648.4959
-6 623.9685
-5 612.4783
-4 647.3663
-3 649.2448
-2 643.2458
-1 702.9871
0 705.2642
1 701.2631
2 690.2357
3 655.6596
4 644.1795
5 671.0253
6 657.2112
7 686.3141
8 666.8438
9 693.7704
10 648.6052
11 682.318
12 662.8554
13 627.5526
14 637.9893
15 661.2632
16 698.9653
17 692.2179
18 704.4157
19 627.8986
20 652.7579
21 651.5547
22 670.292
23 645.8438
24 667.3378
25 661.8393
26 686.8416
27 670.1738
28 610.7949
29 619.1652
30 595.9567
31 586.0184
32 567.1173
33 557.5056
34 540.1002
35 537.0065
36 564.913
37 562.0579
38 567.3126
39 552.515
40 544.8696
41 523.236
42 523.1151
43 523.5885
44 508.3372
45 490.2983
46 481.9324
47 505.5549
48 521.4788
49 540.9186
50 479.586
51 481.7225
52 503.9574
53 492.9633
54 458.507
55 449.8779
56 443.2144
57 461.9162
58 472.6848
59 468.2196
60 464.1378
61 460.4327
62 491.0677
63 496.7944
64 502.6723
65 529.53
66 499.7032
67 505.1551
68 564.215
69 554.41
70 575.2252
71 583.6689
72 577.0021
73 554.4388
74 604.8473
75 642.5502
76 646.7885
77 616.5493
78 642.282
79 659.7164
80 658.5544
81 660.9515
82 684.5198
83 716.1985
84 735.9865
85 702.77
86 754.2963
87 722.5479
88 762.2021
89 760.3456
