-90 1046.2968
-89 1151.0503
-88 1077.9833
-87 1119.5546
-86 1122.7362
-85 1089.9677
-84 1168.4229
-83 1219.1348
-82 1263.4602
-81 1231.0579
-80 1278.73
-79 1275.1086
-78 1339.1199
-77 1455.9595
-76 1574.8347
-75 1556.1978
-74 1580.09
-73 1584.3977
-72 1596.8516
-71 1657.9724
-70 1749.8574
-69 1751.4723
-68 1789.0378
-67 1836.3901
-66 1848.6083
-65 1771.7059
-64 1696.7311
-63 1775.4812
-62 1662.9419
-61 1578.9458
-60 1539.2573
-59 1483.3569
-58 1457.1595
-57 1454.9327
-56 1392.3223
-55 1273.6156
-54 1252.8944
-53 1263.9495
-52 1201.2052
-51 1132.1504
-50 1072.1838
-49 1038.3124
-48 966.1033
-47 941.1261
-46 943.4695
-45 873.7802
-44 819.7231
-43 761.6337
-42 718.54
-41 630.8838
-40 590.5477
-39 508.2592
-38 514.3254
-37 452.4096
-36 431.7289
-35 401.1745
-34 361.9294
-33 328.6829
-32 319.5119
-31 316.2349
-30 297.9747
-29 243.6246
-28 216.5304
-27 218.5182
-26 198.9064
-25 193.3783
-24 172.971
-23 158.2649
-22 142.8812
-21 115.4214
-20 122.9655
-19 93.2041
-18 98.2533
-17 81.1742
-16 82.4404
-15 76.5049
-14 69.285
-13 65.6515
-12 61.8641
-11 52.0388
-10 52.1849
-9 54.2298
-8 59.0153
-7 59.7283
-6 58.5245
-5 59.4643
-4 58.346
-3 53.757
-2 51.6291
-1 43.7366
0 40.1517
1 40.3811
2 50.2188
3 55.9886
4 55.2079
5 46.0607
6 43.7867
7 42.6083
8 40.5927
9 40.7211
10 38.9981
11 31.8974
12 34.4215
13 39.3312
14 39.8368
15 40.602
16 38.7232
17 41.0627
18 33.2476
19 32.7203
20 34.669
21 43.3065
22 43.6003
23 42.7323
24 38.7669
25 45.1869
26 55.732
27 38.183
28 42.8872
29 43.0468
30 51.8206
31 47.3163
32 40.2961
33 43.0372
34 50.5674
35 37.8499
36 40.9691
37 45.577
38 46.4215
39 39.4765
40 30.5048
41 34.9894
42 36.9967
43 42.5386
44 44.6154
45 42.7243
46 40.2699
47 39.6256
48 39.9964
49 48.149
50 56.0695
51 61.3751
52 68.9639
53 77.7752
54 75.4079
55 74.548
56 92.0768
57 98.2212
58 99.9367
59 105.013
60 102.4585
61 132.4842
62 172.8405
63 192.9303
64 216.2274
65 250.1551
66 284.4621
67 299.5908
68 284.4444
69 293.5459
70 312.7797
71 302.1798
72 344.203
73 330.6714
74 374.1454
75 417.3158
76 476.9573
77 509.5331
78 534.1663
79 534.3723
80 564.2399
81 577.9922
82 625.8414
83 668.5272
84 664.559
85 721.5748
86 794.7438
87 833.9193
88 855.8889
89 934.0837
