-90 1817.0099
-89 1863.4734
-88 1904.3202
-87 1932.2212
-86 2028.8843
-85 2100.3049
-84 2082.5967
-83 2232.1904
-82 2170.5596
-81 2114.6147
-80 2076.0537
-79 2074.9346
-78 2085.8062
-77 2089.2798
-76 2074.1978
-75 2036.6581
-74 2013.0909
-73 1993.738
-72 1928.2209
-71 1839.8206
-70 1651.6592
-69 1593.1664
-68 1499.4513
-67 1442.8431
-66 1388.2631
-65 1331.3431
-64 1234.4407
-63 1212.962
-62 1168.2356
-61 1112.9933
-60 1098.9886
-59 1040.7433
-58 944.4965
-57 813.1113
-56 840.0538
-55 799.3091
-54 762.0834
-53 753.3756
-52 733.1389
-51 681.3211
-50 624.9995
-49 625.1805
-48 568.1581
-47 517.1071
-46 486.6772
-45 470.5723
-44 411.1815
-43 406.389
-42 371.8464
-41 362.5625
-40 350.1035
-39 307.791
-38 282.1826
-37 274.2932
-36 247.376
-35 192.022
-34 196.6401
-33 200.5911
-32 178.7895
-31 161.4269
-30 164.8227
-29 118.9346
-28 118.263
-27 108.2246
-26 102.7155
-25 102.795
-24 104.324
-23 86.7704
-22 97.3476
-21 86.3932
-20 68.3085
-19 62.867
-18 72.8364
-17 74.5896
-16 76.2193
-15 65.0261
-14 64.7786
-13 63.6052
-12 63.8091
-11 62.013
-10 47.8603
-9 51.9582
-8 56.5731
-7 40.0926
-6 53.1677
-5 57.5818
-4 51.0672
-3 54.4604
-2 51.4105
-1 50.1552
0 50.8951
1 56.8888
2 54.1608
3 52.8803
4 47.0404
5 45.7405
6 48.3715
7 47.4695
8 47.3618
9 38.4834
10 44.5575
11 54.3688
12 53.0083
13 35.7267
14 45.8911
15 51.7904
16 52.5042
17 60.0353
18 60.76
19 57.5964
20 57.0498
21 48.395
22 42.7623
23 46.0736
24 49.4678
25 46.5197
26 51.4352
27 57.8294
28 66.6812
29 68.0231
30 59.8798
31 57.7905
32 61.9438
33 47.6432
34 50.6267
35 57.0165
36 55.5429
37 64.3191
38 66.1967
39 70.2796
40 69.7376
41 73.3071
42 70.2699
43 89.159
44 84.093
45 85.745
46 94.6709
47 93.0975
48 115.3251
49 116.3108
50 122.7867
51 138.3896
52 139.4055
53 153.0467
54 155.2287
55 163.18
56 166.8755
57 195.5503
58 224.4997
59 233.8089
60 237.1918
61 261.2586
62 269.0925
63 284.1438
64 327.426
65 373.3597
66 401.3905
67 440.0817
68 446.739
69 485.3736
70 537.1545
71 590.0588
72 704.2606
73 750.8456
74 794.0595
75 852.0393
76 908.904
77 915.2495
78 920.4393
79 1010.1786
80 1147.4733
81 1157.9781
82 1269.422
83 1348.4159
84 1395.2424
85 1470.9904
86 1595.2649
87 1675.2599
88 1694.7589
89 1788.8822
