-90 681.7356
-89 715.0945
-88 692.6688
-87 631.5794
-86 674.5578
-85 681.6532
-84 706.1569
-83 732.2468
-82 759.3184
-81 801.5042
-80 837.5994
-79 888.8892
-78 914.4716
-77 975.4064
-76 953.063
-75 986.8438
-74 987.5756
-73 1001.9966
-72 1001.1249
-71 1045.4899
-70 1032.1105
-69 1010.7459
-68 1093.871
-67 1080.9003
-66 1118.7957
-65 1249.5021
-64 1236.8304
-63 1296.0155
-62 1207.9434
-61 1167.0858
-60 1166.6302
-59 1152.1609
-58 1172.2578
-57 1108.8757
-56 1113.4551
-55 1163.5697
-54 1144.4299
-53 1060.9967
-52 1042.4106
-51 1043.978
-50 1024.1201
-49 1034.2069
-48 987.1583
-47 939.8817
-46 945.8692
-45 914.0495
-44 942.2258
-43 912.9584
-42 881.2854
-41 835.2114
-40 796.2186
-39 779.4747
-38 730.1701
-37 710.3772
-36 679.1928
-35 683.5221
-34 630.3023
-33 605.2895
-32 576.4235
-31 564.2277
-30 529.1829
-29 533.1793
-28 487.3245
-27 445.0542
-26 418.748
-25 388.5628
-24 382.5037
-23 339.1483
-22 341.2423
-21 309.2944
-20 285.6644
-19 278.3369
-18 267.1291
-17 224.69
-16 200.2926
-15 201.6313
-14 207.4525
-13 203.9825
-12 182.465
-11 159.2451
-10 157.8883
-9 142.2346
-8 135.9938
-7 118.5069
-6 103.2718
-5 101.3669
-4 102.4079
-3 89.2333
-2 95.0171
-1 67.5546
0 65.8436
1 70.8146
2 64.8792
3 60.8756
4 71.3585
5 62.6864
6 54.3606
7 62.1549
8 73.1587
9 71.8835
10 51.4631
11 42.8965
12 35.4658
13 39.6901
14 36.5527
15 37.5223
16 39.2933
17 33.3288
18 35.2794
19 35.3854
20 30.5165
21 37.4535
22 35.3319
23 42.9502
24 47.6292
25 41.2293
26 38.7564
27 38.2842
28 42.2023
29 51.6135
30 43.4812
31 47.0163
32 41.5483
33 38.6002
34 36.1845
35 37.1747
36 37.7997
37 34.7929
38 30.9904
39 37.2074
40 49.362
41 44.7208
42 40.045
43 42.2976
44 42.4241
45 41.1383
46 39.2694
47 39.6919
48 47.1177
49 45.0363
50 44.6445
51 44.1879
52 52.9033
53 61.4521
54 72.0145
55 76.8478
56 93.8441
57 100.4325
58 107.1259
59 122.6033
60 142.2835
61 135.3724
62 135.1435
63 144.2427
64 132.6391
65 134.0201
66 151.5501
67 145.7846
68 149.0546
69 179.7685
70 215.6503
71 237.2095
72 273.6325
73 306.5013
74 318.1188
75 336.082
76 388.0287
77 419.3923
78 416.1585
79 469.8137
80 482.0794
81 479.0493
82 489.2563
83 496.5594
84 493.3859
85 555.4605
86 575.5988
87 564.6994
88 630.3992
89 664.8615
