-90 1607.7899
-89 1677.5756
-88 1740.1936
-87 1863.8447
-86 1913.5051
-85 1845.918
-84 1841.1896
-83 1741.0236
-82 1784.8323
-81 1801.6129
-80 1722.9973
-79 1713.4048
-78 1713.2201
-77 1735.1606
-76 1672.5797
-75 1544.0706
-74 1580.0681
-73 1577.647
-72 1472.3903
-71 1438.1146
-70 1439.8135
-69 1438.2035
-68 1390.208
-67 1329.2688
-66 1274.0618
-65 1189.4277
-64 1175.4009
-63 1225.2454
-62 1137.4227
-61 1039.126
-60 930.7963
-59 892.2883
-58 852.233
-57 836.3813
-56 770.0533
-55 753.1814
-54 754.5319
-53 774.3195
-52 722.5343
-51 644.7502
-50 590.0681
-49 577.8528
-48 529.0143
-47 509.8107
-46 463.6924
-45 407.4048
-44 396.1502
-43 369.83
-42 340.8551
-41 348.0459
-40 318.1841
-39 294.6188
-38 225.072
-37 253.4962
-36 235.9079
-35 210.1923
-34 210.4783
-33 201.5995
-32 201.2716
-31 178.1555
-30 185.1977
-29 181.3581
-28 167.7923
-27 158.4521
-26 129.5586
-25 114.3496
-24 85.6357
-23 96.2377
-22 85.0992
-21 96.7581
-20 102.3185
-19 89.0681
-18 90.9199
-17 79.832
-16 86.3436
-15 83.386
-14 88.2086
-13 72.3414
-12 81.2143
-11 76.9376
-10 76.1525
-9 71.9416
-8 61.1833
-7 67.3213
-6 61.7806
-5 60.6775
-4 74.4398
-3 64.9821
-2 57.6661
-1 63.1661
0 69.9202
1 70.0872
2 68.2403
3 62.8293
4 66.4399
5 82.6076
6 72.5078
7 68.8519
8 71.1039
9 69.5018
10 59.9
11 60.1713
12 70.9952
13 71.8884
14 59.4749
15 77.2713
16 57.8796
17 65.8795
18 55.2479
19 58.9506
20 63.8822
21 53.4225
22 54.4448
23 60.6208
24 55.1251
25 47.1791
26 43.936
27 44.9299
28 42.7952
29 55.8163
30 37.2279
31 40.5814
32 46.2622
33 42.5729
34 38.5624
35 44.8521
36 41.139
37 43.6909
38 46.3526
39 39.4976
40 50.8615
41 43.3813
42 47.1961
43 50.684
44 43.0645
45 47.1711
46 49.8721
47 47.5244
48 51.1245
49 58.3132
50 61.3321
51 69.7487
52 85.7365
53 110.2669
54 106.6966
55 118.0393
56 124.059
57 140.8561
58 166.1283
59 168.831
60 180.7949
61 160.7709
62 205.4259
63 226.2313
64 237.2657
65 241.9645
66 279.5202
67 297.4387
68 332.4247
69 349.9743
70 397.099
71 464.4429
72 501.7112
73 556.4106
74 600.2946
75 639.0442
76 656.2582
77 739.597
78 764.3989
79 793.8582
80 846.4096
81 967.9634
82 1039.7252
83 1079.3055
84 1133.9904
85 1195.2622
86 1206.0193
87 1269.4155
88 1426.2035
89 1512.7632
