-90 602.1509
-89 563.8299
-88 492.9086
-87 491.0283
-86 459.7744
-85 429.4476
-84 420.4696
-83 386.7778
-82 341.8273
-81 357.6446
-80 352.631
-79 328.7967
-78 319.117
-77 289.0921
-76 275.5911
-75 247.6258
-74 268.4893
-73 248.2813
-72 241.5405
-71 220.9578
-70 217.0196
-69 222.8105
-68 162.4598
-67 175.51
-66 182.5191
-65 172.2337
-64 165.8749
-63 143.8214
-62 157.3788
-61 132.4412
-60 113.7892
-59 96.8059
-58 100.2987
-57 85.2277
-56 70.3978
-55 61.7493
-54 74.3853
-53 71.3175
-52 58.6999
-51 60.1289
-50 55.3849
-49 59.3989
-48 56.88
-47 58.1349
-46 55.6684
-45 36.7789
-44 36.7435
-43 33.3422
-42 34.6968
-41 31.156
-40 28.7255
-39 27.4322
-38 29.7881
-37 28.0283
-36 25.6573
-35 19.9367
-34 27.5297
-33 27.2636
-32 17.6734
-31 19.8565
-30 23.7525
-29 18.8287
-28 18.8494
-27 21.9099
-26 20.5167
-25 22.637
-24 20.7054
-23 8.9955
-22 10.0151
-21 16.0844
-20 13.1675
-19 10.5543
-18 15.0583
-17 10.9151
-16 15.7757
-15 19.9569
-14 14.0915
-13 8.4445
-12 10.7763
-11 16.0256
-10 21.4133
-9 13.1855
-8 12.9956
-7 13.3569
-6 11.2697
-5 10.6829
-4 9.7256
-3 9.6623
-2 9.9829
-1 9.7819
0 7.685
1 10.7562
2 9.9866
3 11.2478
4 7.3241
5 9.2026
6 7.6841
7 9.2428
8 10.4186
9 13.3339
10 9.5714
11 8.0785
12 12.0409
13 11.7064
14 10.0084
15 7.893
16 6.9998
17 11.6254
18 12.4895
19 9.7104
20 6.9362
21 9.753
22 12.1462
23 12.7561
24 22.4283
25 17.4954
26 12.5137
27 12.7916
28 9.9269
29 13.4611
30 14.3918
31 18.5214
32 21.4797
33 21.7191
34 19.7916
35 18.7019
36 18.9556
37 18.8923
38 25.9851
39 25.0938
40 27.6587
41 33.0895
42 29.018
43 28.3077
44 33.3332
45 50.0914
46 64.4156
47 68.7607
48 66.6027
49 65.7363
50 78.2576
51 80.7726
52 89.657
53 91.8091
54 109.9607
55 126.5433
56 161.1692
57 166.629
58 173.2378
59 225.2392
60 231.1812
61 263.2499
62 275.4918
63 285.2754
64 294.3181
65 323.6766
66 371.2531
67 419.9503
68 440.2552
69 432.1558
70 460.4358
71 496.3953
72 577.8945
73 600.1162
74 660.9669
75 685.2526
76 690.922
77 725.5916
78 794.0669
79 819.6411
80 864.6796
81 792.1
82 802.9168
83 824.6095
84 832.4581
85 787.4524
86 744.1408
87 701.5334
88 632.2405
89 649.1699
