-90 455.3177
-89 386.7474
-88 400.7614
-87 419.8202
-86 418.2847
-85 374.3022
-84 328.4499
-83 289.8825
-82 250.0563
-81 262.9216
-80 283.971
-79 307.657
-78 318.0998
-77 282.3492
-76 245.9996
-75 220.2069
-74 231.3692
-73 225.0757
-72 226.2431
-71 226.6814
-70 252.7561
-69 276.6562
-68 269.6284
-67 231.5379
-66 206.8991
-65 218.4819
-64 222.8025
-63 225.4133
-62 219.1492
-61 195.8454
-60 177.4869
-59 191.8015
-58 208.6638
-57 208.104
-56 191.8835
-55 186.4838
-54 169.5654
-53 155.3778
-52 134.7168
-51 118.5539
-50 129.9318
-49 115.9207
-48 108.9432
-47 109.8977
-46 106.4589
-45 121.128
-44 117.4952
-43 112.1048
-42 103.055
-41 106.1263
-40 90.9889
-39 108.2967
-38 112.5383
-37 98.3047
-36 91.9549
-35 93.8637
-34 110.8094
-33 80.6943
-32 75.5815
-31 67.1141
-30 76.3175
-29 84.3177
-28 68.0658
-27 61.4433
-26 68.0683
-25 67.8227
-24 58.1588
-23 59.4275
-22 61.7629
-21 71.9557
-20 58.9999
-19 51.3102
-18 44.6631
-17 57.8416
-16 42.7521
-15 43.8058
-14 39.4453
-13 35.8372
-12 29.6052
-11 22.7598
-10 24.9551
-9 20.7053
-8 31.8888
-7 21.0024
-6 22.7429
-5 24.9871
-4 27.1989
-3 29.4021
-2 28.4914
-1 35.1977
0 28.9105
1 19.4709
2 20.5287
3 27.8159
4 23.2948
5 26.9543
6 33.0766
7 39.8497
8 36.2948
9 37.423
10 37.104
11 44.9826
12 44.3491
13 41.2786
14 19.2332
15 26.2942
16 27.2783
17 28.3051
18 34.6732
19 27.6272
20 30.9084
21 32.389
22 31.6529
23 27.2659
24 28.3068
25 22.2128
26 19.2841
27 18.0344
28 19.6405
29 13.3931
30 22.797
31 22.5494
32 16.4606
33 21.1663
34 31.6714
35 25.1834
36 29.647
37 35.8378
38 39.0101
39 41.619
40 35.6107
41 37.9641
42 25.3569
43 27.3475
44 32.0416
45 33.4717
46 36.1672
47 37.1244
48 47.2553
49 46.3302
50 48.5792
51 53.1962
52 62.2099
53 68.6707
54 81.5719
55 84.6508
56 94.4245
57 99.5152
58 89.2549
59 91.39
60 122.8501
61 112.3069
62 126.2572
63 117.1134
64 125.3723
65 168.8638
66 167.8533
67 196.7923
68 239.5851
69 243.5147
70 285.3617
71 333.42
72 320.9796
73 315.3752
74 325.9263
75 372.5792
76 386.7901
77 405.3401
78 401.2294
79 422.7643
80 461.4387
81 454.7336
82 492.2125
83 456.8123
84 452.2407
85 464.4515
86 437.4596
87 432.7462
88 446.7253
89 445.9938
