-90 516.1449
-89 563.4421
-88 623.9873
-87 624.0059
-86 657.4819
-85 615.9749
-84 617.1218
-83 621.0322
-82 613.4468
-81 607.2091
-80 581.9509
-79 597.5684
-78 600.1326
-77 575.7029
-76 587.5568
-75 536.5641
-74 524.8441
-73 517.4054
-72 529.8658
-71 498.7322
-70 457.5164
-69 439.5401
-68 437.8934
-67 404.9401
-66 412.7812
-65 360.579
-64 421.0318
-63 428.0894
-62 394.7216
-61 386.7633
-60 360.2539
-59 314.1804
-58 280.0652
-57 270.7579
-56 245.6463
-55 239.065
-54 230.975
-53 211.9505
-52 213.4476
-51 175.3557
-50 176.8748
-49 157.3646
-48 148.096
-47 152.3145
-46 138.2769
-45 145.2625
-44 132.4918
-43 135.211
-42 124.523
-41 118.7051
-40 131.0354
-39 104.9719
-38 95.9689
-37 88.2325
-36 86.1348
-35 94.7585
-34 99.6438
-33 86.1906
-32 74.2548
-31 63.2169
-30 68.1478
-29 62.1915
-28 49.4456
-27 53.7817
-26 50.2225
-25 48.025
-24 42.5119
-23 41.6648
-22 37.673
-21 35.1359
-20 37.8499
-19 38.1077
-18 37.3105
-17 36.1208
-16 35.569
-15 30.4207
-14 25.9681
-13 18.7671
-12 24.5732
-11 23.4806
-10 22.9668
-9 19.9037
-8 20.5438
-7 28.7527
-6 18.0027
-5 19.3939
-4 22.4394
-3 23.7802
-2 16.1704
-1 22.5562
0 24.9235
1 30.0077
2 22.758
3 20.8756
4 31.3806
5 21.062
6 15.2018
7 13.5013
8 15.4687
9 19.5607
10 20.8802
11 18.6669
12 13.0217
13 12.5076
14 12.7852
15 16.7432
16 15.6954
17 16.008
18 16.4458
19 22.9768
20 23.3095
21 18.1656
22 21.9497
23 18.4946
24 19.1733
25 20.8214
26 26.1757
27 21.5639
28 25.5509
29 30.6084
30 26.0849
31 23.6959
32 25.6782
33 20.6129
34 25.147
35 24.861
36 24.8645
37 25.0071
38 21.9561
39 21.0189
40 24.4478
41 28.6885
42 31.2095
43 37.7861
44 36.6912
45 43.1773
46 34.5305
47 35.0642
48 32.7199
49 35.4143
50 37.6419
51 35.8808
52 46.399
53 48.4119
54 58.0889
55 70.2985
56 69.5888
57 79.0489
58 81.5664
59 88.8123
60 102.0923
61 104.7874
62 138.7781
63 116.0919
64 109.7087
65 134.5667
66 154.0523
67 162.816
68 165.2963
69 196.3791
70 213.0451
71 233.8597
72 314.8377
73 370.4085
74 335.8233
75 327.6446
76 310.3894
77 321.9241
78 320.1352
79 331.9473
80 318.091
81 368.0308
82 346.8813
83 370.2343
84 377.7255
85 407.4208
86 404.2989
87 456.3013
88 441.8279
89 456.51
