-90 613.0942
-89 630.0844
-88 669.2399
-87 699.5441
-86 738.0729
-85 761.5144
-84 782.4555
-83 773.9178
-82 816.2916
-81 848.9951
-80 888.4972
-79 913.4604
-78 951.9462
-77 1019.2609
-76 1003.0728
-75 1055.7992
-74 1114.6283
-73 1099.2559
-72 1081.7393
-71 1069.9331
-70 1035.8708
-69 1002.3041
-68 971.8264
-67 996.2933
-66 976.071
-65 1002.0383
-64 983.5651
-63 993.1233
-62 995.7433
-61 1004.9642
-60 998.2793
-59 956.3582
-58 927.5121
-57 934.1039
-56 882.0855
-55 928.9828
-54 867.6511
-53 866.7755
-52 789.0386
-51 749.5502
-50 736.7807
-49 722.1412
-48 659.7525
-47 614.0646
-46 581.3016
-45 536.8241
-44 525.5605
-43 478.6758
-42 458.9985
-41 407.3495
-40 378.1629
-39 364.0352
-38 293.3649
-37 274.0031
-36 230.4743
-35 220.1526
-34 201.777
-33 184.6724
-32 165.6913
-31 165.58
-30 162.1784
-29 148.6445
-28 130.8371
-27 134.9178
-26 120.0063
-25 120.2619
-24 88.1115
-23 88.6192
-22 87.4966
-21 90.4639
-20 74.4742
-19 70.5798
-18 62.5563
-17 54.0178
-16 52.8683
-15 40.7178
-14 43.7932
-13 41.0864
-12 36.3348
-11 47.0299
-10 42.2522
-9 50.9066
-8 54.1798
-7 47.4169
-6 47.432
-5 51.4298
-4 48.4381
-3 56.2384
-2 50.3051
-1 37.8943
0 45.087
1 44.5659
2 44.9192
3 42.1147
4 30.2677
5 24.1754
6 24.3845
7 27.8883
8 27.0979
9 32.8061
10 32.9323
11 30.1658
12 29.6676
13 28.8451
14 34.4817
15 41.3415
16 36.6711
17 38.9216
18 44.6608
19 33.5166
20 28.3401
21 30.1557
22 31.1469
23 32.0719
24 37.5746
25 33.479
26 33.1343
27 25.076
28 26.2391
29 22.3678
30 21.6158
31 25.1954
32 22.7662
33 24.6703
34 26.2746
35 22.5653
36 27.0244
37 29.9931
38 26.0605
39 35.2068
40 33.4481
41 42.7867
42 43.8943
43 29.2714
44 33.1225
45 42.8065
46 39.9066
47 47.1503
48 45.589
49 48.9052
50 49.2355
51 55.5192
52 60.8807
53 62.5108
54 61.5296
55 52.118
56 63.627
57 75.0243
58 85.2854
59 105.6791
60 104.5714
61 116.7877
62 128.358
63 147.1929
64 147.2873
65 152.7625
66 153.6997
67 147.2499
68 159.4231
69 147.5666
70 165.6518
71 195.1482
72 202.8481
73 219.881
74 243.4245
75 255.3682
76 276.2396
77 277.6702
78 291.1645
79 314.4745
80 347.4332
81 353.5455
82 358.3093
83 399.1669
84 426.8547
85 438.6077
86 483.4979
87 505.9919
88 513.1422
89 581.6068
