-90 3136.6958
-89 2864.5127
-88 2674.7961
-87 2563.8467
-86 2418.5796
-85 2365.7021
-84 2243.8965
-83 2119.4272
-82 2192.8787
-81 2027.6705
-80 1811.8032
-79 1657.6154
-78 1600.5931
-77 1547.2532
-76 1421.8019
-75 1316.3452
-74 1199.8771
-73 1079.2982
-72 972.8451
-71 920.3475
-70 851.8633
-69 806.3669
-68 795.3163
-67 748.4278
-66 684.7532
-65 600.1584
-64 573.8887
-63 543.5528
-62 489.3764
-61 453.7777
-60 451.8407
-59 433.5659
-58 371.2362
-57 342.8304
-56 355.7959
-55 341.0669
-54 298.1556
-53 300.0932
-52 275.3378
-51 269.1935
-50 256.9603
-49 226.2101
-48 217.7409
-47 216.1226
-46 196.5889
-45 175.258
-44 179.665
-43 151.228
-42 137.6706
-41 130.4549
-40 125.9002
-39 124.4079
-38 130.8567
-37 108.5982
-36 94.1929
-35 102.1941
-34 101.8221
-33 91.3559
-32 92.467
-31 100.2293
-30 107.6106
-29 123.8813
-28 104.6891
-27 124.3059
-26 105.5044
-25 108.7075
-24 102.8919
-23 107.8176
-22 122.8631
-21 129.5237
-20 123.6376
-19 108.7591
-18 105.0373
-17 116.9352
-16 120.3126
-15 132.8111
-14 133.2611
-13 138.1407
-12 157.0531
-11 153.8122
-10 140.1331
-9 164.0267
-8 151.803
-7 171.9282
-6 161.393
-5 146.2182
-4 156.7899
-3 148.5029
-2 139.0062
-1 151.0323
0 148.7874
1 130.1089
2 126.0201
3 132.3627
4 136.2233
5 162.5833
6 169.633
7 186.2404
8 188.0853
9 199.1658
10 201.1991
11 212.3239
12 215.2974
13 203.5328
14 207.4138
15 234.7791
16 247.9188
17 261.5611
18 252.4413
19 251.0905
20 298.5515
21 299.0357
22 327.3
23 311.1846
24 339.6397
25 356.3802
26 345.7298
27 384.031
28 430.0626
29 444.8732
30 516.7598
31 510.189
32 505.7606
33 540.0247
34 540.2675
35 621.2981
36 650.0624
37 662.7379
38 670.3157
39 694.9777
40 715.8623
41 759.0601
42 836.2499
43 902.6096
44 927.5806
45 999.3483
46 1029.5974
47 1099.7928
48 1179.7974
49 1228.347
50 1280.8954
51 1322.5026
52 1423.3217
53 1452.4357
54 1533.1547
55 1532.8481
56 1599.568
57 1768.5486
58 1877.1207
59 1973.3009
60 2000.8224
61 2075.5583
62 2226.0969
63 2259.6633
64 2314.96
65 2397.521
66 2508.3542
67 2461.6458
68 2462.3818
69 2548.2305
70 2567.7844
71 2582.8811
72 2640.5732
73 2687.4956
74 2821.3027
75 2821.7532
76 2925.5403
77 3095.8755
78 3240.8013
79 3211.9312
80 3243.9692
81 3320.957
82 3423.8057
83 3464.8357
84 3443.7393
85 3374.9336
86 3392.7007
87 3430.2788
88 3361.188
89 3339.1011
