-90 2213.5427
-89 2125.2605
-88 1962.7664
-87 1829.3594
-86 1726.3275
-85 1636.8757
-84 1595.7397
-83 1509.764
-82 1453.5813
-81 1446.6946
-80 1381.4921
-79 1327.8367
-78 1257.8831
-77 1213.2417
-76 1205.5688
-75 1125.3528
-74 1060.6206
-73 1032.5077
-72 1005.2366
-71 1002.416
-70 942.3605
-69 882.7361
-68 824.3027
-67 772.4991
-66 738.8845
-65 668.5782
-64 644.9857
-63 661.2438
-62 664.6022
-61 677.8149
-60 644.1421
-59 584.4304
-58 542.8052
-57 545.4705
-56 517.3906
-55 486.814
-54 500.8027
-53 464.7362
-52 413.5674
-51 403.4773
-50 373.4841
-49 332.6099
-48 306.7248
-47 287.2677
-46 277.2845
-45 279.388
-44 306.339
-43 269.6777
-42 241.3504
-41 222.1809
-40 225.4061
-39 211.1195
-38 182.0628
-37 190.977
-36 175.85
-35 181.6273
-34 162.4032
-33 140.7894
-32 126.5675
-31 113.744
-30 116.1471
-29 126.4704
-28 127.5498
-27 105.1445
-26 112.6997
-25 106.1175
-24 101.3733
-23 107.5663
-22 93.1566
-21 73.1326
-20 80.3294
-19 83.2591
-18 82.8559
-17 81.3623
-16 85.5189
-15 85.6813
-14 77.8897
-13 82.3253
-12 92.1262
-11 81.2612
-10 85.6874
-9 85.2667
-8 89.0032
-7 90.7491
-6 90.382
-5 96.0619
-4 71.5862
-3 83.1076
-2 79.6176
-1 76.0159
0 82.0852
1 73.056
2 80.6691
3 89.8439
4 101.2148
5 105.3051
6 88.6949
7 126.99
8 122.3097
9 119.2252
10 123.0021
11 134.1002
12 129.3997
13 122.7468
14 129.4354
15 135.6223
16 131.7345
17 130.867
18 135.8403
19 144.7885
20 162.9908
21 156.3495
22 153.2873
23 174.1828
24 183.3477
25 193.9588
26 200.1264
27 204.9225
28 207.8791
29 228.613
30 264.0699
31 274.5853
32 257.2421
33 313.0251
34 330.8734
35 341.2018
36 377.4883
37 392.1354
38 408.5041
39 439.5974
40 477.2227
41 484.0435
42 562.6528
43 576.1034
44 526.7806
45 558.7538
46 644.98
47 670.6912
48 737.0437
49 762.523
50 873.2411
51 898.6513
52 936.217
53 992.4185
54 1046.3778
55 1177.2083
56 1286.3226
57 1345.1049
58 1427.932
59 1483.4789
60 1560.5231
61 1609.71
62 1702.1752
63 1793.8701
64 1891.335
65 1973.9016
66 2048.856
67 2227.5251
68 2208.5942
69 2321.6052
70 2397.6799
71 2430.2222
72 2544.7419
73 2636.0188
74 2717.8247
75 2805.5366
76 2851.1172
77 2808.3635
78 2847.4397
79 2861.2859
80 2789.1931
81 2721.5247
82 2646.3005
83 2615.728
84 2539.4651
85 2491.6633
86 2370.8694
87 2304.8391
88 2223.4812
89 2196.4534
