-90 1197.2581
-89 1055.009
-88 1002.1751
-87 952.476
-86 943.9813
-85 940.9379
-84 886.566
-83 849.884
-82 818.0485
-81 803.3386
-80 760.4088
-79 735.0808
-78 700.6986
-77 687.9
-76 654.0027
-75 597.4737
-74 536.6827
-73 521.9919
-72 469.6939
-71 456.5342
-70 433.5754
-69 422.2511
-68 438.6433
-67 429.0685
-66 403.8471
-65 362.6776
-64 373.5356
-63 401.2609
-62 399.272
-61 373.7906
-60 336.9666
-59 317.9916
-58 308.373
-57 307.7184
-56 293.6818
-55 293.8383
-54 256.8404
-53 243.8574
-52 254.8386
-51 242.7596
-50 246.6186
-49 236.4163
-48 221.7913
-47 186.1951
-46 195.0622
-45 194.3737
-44 198.4998
-43 181.768
-42 175.0482
-41 162.5139
-40 148.5842
-39 163.4712
-38 137.6508
-37 144.6259
-36 141.2338
-35 137.0424
-34 151.8376
-33 150.232
-32 144.5078
-31 173.979
-30 186.3418
-29 189.0399
-28 191.1868
-27 174.1671
-26 166.1727
-25 157.6913
-24 153.8204
-23 165.3235
-22 165.8871
-21 183.4816
-20 181.5133
-19 189.2629
-18 181.9801
-17 171.343
-16 187.8316
-15 194.091
-14 199.4578
-13 204.481
-12 211.5549
-11 235.7468
-10 228.8781
-9 242.4871
-8 259.9895
-7 266.4796
-6 253.9494
-5 272.9871
-4 287.0536
-3 262.6405
-2 242.5937
-1 254.7144
0 274.9297
1 286.6962
2 309.0789
3 326.8182
4 323.0797
5 337.8798
6 345.8956
7 381.512
8 395.5319
9 386.919
10 390.4205
11 422.5725
12 465.5101
13 412.0443
14 431.8625
15 462.0925
16 495.7568
17 497.7827
18 496.4479
19 516.5054
20 529.9459
21 578.2226
22 581.5767
23 581.5471
24 619.2099
25 642.082
26 661.1631
27 655.2981
28 744.6165
29 787.9532
30 769.9926
31 861.0488
32 881.1987
33 981.7504
34 977.5834
35 966.6671
36 954.2629
37 934.6219
38 1034.1163
39 1026.7866
40 1067.9558
41 1111.199
42 1147.9176
43 1164.446
44 1232.697
45 1226.3483
46 1243.899
47 1240.3044
48 1206.1708
49 1246.1266
50 1349.0785
51 1377.0951
52 1467.4443
53 1557.1512
54 1477.114
55 1531.274
56 1603.0055
57 1609.0332
58 1689.9625
59 1702.0116
60 1799.8187
61 1771.7496
62 1875.085
63 1873.1864
64 1812.3341
65 1735.9567
66 1755.1934
67 1709.8296
68 1770.1868
69 1814.2843
70 1908.9641
71 1897.1915
72 1940.2426
73 1877.0367
74 1851.7935
75 1736.3898
76 1832.298
77 1889.9219
78 1828.1753
79 1747.3716
80 1691.3298
81 1639.0977
82 1637.2659
83 1595.6635
84 1540.7599
85 1475.6608
86 1368.2494
87 1289.3208
88 1306.8759
89 1280.0864
