-90 1724.2898
-89 1729.275
-88 1671.5742
-87 1631.3142
-86 1602.993
-85 1516.7371
-84 1485.2817
-83 1363.4659
-82 1334.0945
-81 1217.1986
-80 1179.5082
-79 1109.2295
-78 1063.5337
-77 1037.5753
-76 1048.1444
-75 968.3387
-74 913.8727
-73 922.6107
-72 817.3678
-71 813.7082
-70 738.0521
-69 688.8596
-68 694.9244
-67 649.9611
-66 604.15
-65 578.3427
-64 512.6535
-63 480.5757
-62 491.7269
-61 432.8177
-60 380.0864
-59 353.2573
-58 335.8445
-57 328.7144
-56 288.3804
-55 294.4019
-54 262.752
-53 250.7606
-52 272.3748
-51 261.2038
-50 259.1595
-49 281.0747
-48 238.0207
-47 188.7924
-46 196.1841
-45 176.1083
-44 171.8771
-43 171.1914
-42 168.7343
-41 148.2478
-40 150.0782
-39 142.888
-38 143.8592
-37 146.2723
-36 146.3913
-35 135.122
-34 136.2995
-33 138.9333
-32 120.6031
-31 117.2096
-30 121.661
-29 119.8988
-28 138.8005
-27 134.0594
-26 131.722
-25 132.5725
-24 128.567
-23 128.8005
-22 142.1321
-21 133.4085
-20 127.7171
-19 151.9233
-18 155.9828
-17 125.6517
-16 130.3008
-15 140.0602
-14 135.7162
-13 120.7661
-12 124.6476
-11 133.8907
-10 144.2928
-9 133.6308
-8 148.3837
-7 147.185
-6 129.7645
-5 136.3801
-4 138.3799
-3 145.4799
-2 144.8347
-1 148.4976
0 138.9701
1 133.1026
2 127.1304
3 141.6744
4 131.1795
5 130.0931
6 127.5926
7 155.424
8 171.2323
9 163.4399
10 163.4763
11 149.548
12 160.8855
13 157.7628
14 168.2045
15 156.6611
16 174.1657
17 180.143
18 208.3847
19 217.7791
20 213.4375
21 210.0679
22 214.4236
23 227.3524
24 252.8467
25 264.5281
26 253.616
27 283.3219
28 289.7809
29 284.2806
30 299.4081
31 322.0439
32 331.9768
33 335.625
34 373.3084
35 363.1686
36 402.415
37 394.7892
38 387.3483
39 415.5463
40 415.4758
41 414.8115
42 421.3094
43 437.2196
44 463.3684
45 498.0819
46 569.3566
47 591.674
48 659.9235
49 719.3893
50 772.684
51 784.2341
52 816.1508
53 891.0348
54 955.3057
55 975.1955
56 1012.5376
57 1058.9969
58 1040.978
59 1123.412
60 1175.7098
61 1228.1442
62 1292.219
63 1333.7238
64 1358.5494
65 1441.9099
66 1474.2281
67 1596.6521
68 1626.0333
69 1669.5316
70 1758.5813
71 1755.4534
72 1784.0084
73 1858.1874
74 1819.7972
75 1872.77
76 1828.3899
77 1958.9731
78 2019.8374
79 2003.384
80 2027.5328
81 1936.8676
82 1886.8995
83 1886.892
84 1897.1862
85 1829.9741
86 1800.2699
87 1843.5673
88 1837.1002
89 1737.0618
