-90 1749.9789
-89 1791.2551
-88 1683.0962
-87 1653.3022
-86 1636.6383
-85 1571.2744
-84 1492.0033
-83 1386.6395
-82 1299.979
-81 1238.6826
-80 1191.4551
-79 1082.0685
-78 1114.7206
-77 1023.7375
-76 987.8478
-75 973.1816
-74 939.7238
-73 905.8466
-72 872.0489
-71 839.9398
-70 837.0938
-69 793.1017
-68 769.6522
-67 730.5791
-66 673.6339
-65 642.2877
-64 636.0269
-63 565.5974
-62 522.794
-61 515.6273
-60 427.3674
-59 430.0301
-58 416.2848
-57 411.1109
-56 419.6933
-55 410.9505
-54 383.3353
-53 334.4729
-52 329.5811
-51 323.9672
-50 306.9881
-49 320.4096
-48 314.2585
-47 326.8332
-46 360.3176
-45 352.1936
-44 337.6726
-43 332.7609
-42 300.9704
-41 287.7912
-40 258.8901
-39 266.321
-38 261.3418
-37 226.9937
-36 256.0484
-35 279.0723
-34 273.8354
-33 272.2514
-32 308.8654
-31 295.34
-30 284.3703
-29 269.2398
-28 263.8087
-27 247.3962
-26 254.6794
-25 251.8497
-24 212.5987
-23 214.5245
-22 207.9691
-21 238.9243
-20 228.0204
-19 187.8427
-18 198.2213
-17 204.098
-16 177.2085
-15 170.0208
-14 146.7839
-13 128.2988
-12 107.2397
-11 106.5945
-10 93.6792
-9 80.7829
-8 101.0546
-7 87.4414
-6 66.8629
-5 68.2555
-4 68.6744
-3 72.057
-2 63.2702
-1 62.3909
0 58.5506
1 37.5501
2 53.0827
3 47.6238
4 42.0251
5 47.1034
6 49.5082
7 36.5919
8 43.1655
9 41.349
10 39.9628
11 34.2275
12 33.8375
13 39.6184
14 35.6197
15 34.3458
16 32.2087
17 34.092
18 33.5585
19 35.5493
20 42.4865
21 33.1844
22 32.4616
23 31.9015
24 25.1452
25 35.4791
26 36.8074
27 34.1016
28 30.4911
29 31.893
30 28.5597
31 38.8426
32 35.9008
33 37.7636
34 48.8993
35 48.2214
36 59.2781
37 49.2346
38 53.992
39 52.5628
40 47.1764
41 62.3707
42 58.9514
43 73.1965
44 84.3992
45 82.7318
46 81.4252
47 81.9864
48 81.8787
49 85.3595
50 106.0045
51 115.847
52 129.5134
53 176.5081
54 192.6436
55 221.0515
56 212.6626
57 230.2396
58 268.589
59 323.4019
60 355.5336
61 410.9242
62 467.8595
63 508.7941
64 552.8971
65 654.6198
66 712.9729
67 808.3088
68 880.1487
69 971.9382
70 992.5295
71 998.8612
72 1122.8154
73 1212.7185
74 1262.5001
75 1338.9117
76 1434.2533
77 1498.7549
78 1512.6826
79 1556.9679
80 1559.7109
81 1601.8104
82 1691.4899
83 1690.37
84 1716.9473
85 1766.0646
86 1741.5446
87 1838.9301
88 1813.2307
89 1725.0116
