-90 2163.908
-89 2188.1399
-88 2255.467
-87 2259.5447
-86 2427.9312
-85 2471.3188
-84 2417.6943
-83 2334.7136
-82 2359.678
-81 2432.6904
-80 2490.9807
-79 2415.4175
-78 2459.1108
-77 2444.6143
-76 2361.6338
-75 2322.8997
-74 2194.0378
-73 2037.395
-72 1941.3135
-71 1873.6284
-70 1688.7898
-69 1563.0297
-68 1540.3854
-67 1505.2672
-66 1417.623
-65 1299.7268
-64 1196.2793
-63 1130.5748
-62 1041.0541
-61 999.5973
-60 884.3253
-59 842.7693
-58 783.9009
-57 759.0812
-56 699.8031
-55 583.123
-54 542.4059
-53 534.0975
-52 510.5367
-51 463.2347
-50 447.897
-49 472.1521
-48 451.0992
-47 440.9463
-46 402.5447
-45 397.1641
-44 356.5065
-43 293.5853
-42 301.7165
-41 268.9888
-40 267.814
-39 234.7487
-38 213.1743
-37 211.4672
-36 187.7614
-35 154.0321
-34 125.8844
-33 109.4182
-32 99.6011
-31 107.3463
-30 114.9435
-29 76.9308
-28 91.0817
-27 87.1542
-26 75.9378
-25 72.9528
-24 83.3833
-23 70.4541
-22 92.0895
-21 110.8505
-20 107.6644
-19 126.4443
-18 142.5432
-17 119.3966
-16 105.6388
-15 97.6136
-14 82.3873
-13 88.4643
-12 87.5983
-11 78.9089
-10 63.4808
-9 59.3214
-8 70.8868
-7 60.9285
-6 54.9501
-5 64.2292
-4 74.1077
-3 75.7495
-2 64.3431
-1 73.1274
0 70.2165
1 65.4408
2 73.8512
3 82.3413
4 69.7882
5 68.9593
6 59.2473
7 56.3943
8 62.7722
9 50.2068
10 38.5441
11 45.867
12 40.3616
13 40.8783
14 35.8314
15 41.9308
16 44.8398
17 44.1023
18 36.1913
19 33.8857
20 42.8546
21 41.4427
22 36.8541
23 37.7621
24 41.226
25 34.8072
26 36.9914
27 40.5732
28 39.1345
29 33.6783
30 42.628
31 37.0051
32 40.0782
33 44.8715
34 36.2729
35 42.737
36 40.9525
37 43.1678
38 54.254
39 60.3099
40 63.7631
41 73.4902
42 71.8015
43 90.4953
44 105.5912
45 91.1743
46 99.7679
47 102.9544
48 118.0872
49 115.8115
50 134.5087
51 160.2722
52 168.4284
53 182.213
54 196.2356
55 196.0162
56 190.8535
57 245.1303
58 260.3014
59 279.9213
60 299.8184
61 353.7121
62 408.9869
63 401.9567
64 481.1829
65 510.7109
66 529.822
67 568.0652
68 642.3583
69 736.6523
70 811.6324
71 921.7781
72 979.3999
73 1069.0624
74 1248.2622
75 1316.7142
76 1414.1777
77 1508.3408
78 1613.599
79 1699.0513
80 1678.4529
81 1810.8519
82 1880.1436
83 1978.5348
84 2088.0007
85 2079.0232
86 2190.4583
87 2237.3511
88 2200.7405
89 2107.5562
