-90 2471.0481
-89 2624.2517
-88 2600.9509
-87 2660.4209
-86 2704.4116
-85 2669.6121
-84 2712.2698
-83 2707.73
-82 2589.397
-81 2587.553
-80 2538.1719
-79 2481.0681
-78 2496.7971
-77 2374.7319
-76 2402.8994
-75 2301.3589
-74 2173.4812
-73 2086.9465
-72 1899.8737
-71 1783.427
-70 1667.2235
-69 1536.8958
-68 1313.5808
-67 1259.5011
-66 1251.8792
-65 1190.1202
-64 1030.3488
-63 929.8568
-62 855.2753
-61 834.5472
-60 740.6308
-59 666.3721
-58 646.0176
-57 574.5676
-56 551.9784
-55 506.1156
-54 480.3039
-53 452.3881
-52 396.6317
-51 386.6931
-50 341.4182
-49 302.5647
-48 287.3224
-47 265.0872
-46 255.447
-45 247.549
-44 236.8676
-43 220.4799
-42 187.2733
-41 155.4973
-40 156.8766
-39 140.9066
-38 112.1423
-37 105.0036
-36 107.6173
-35 98.1626
-34 97.3888
-33 90.5157
-32 94.4506
-31 84.0154
-30 63.115
-29 70.2723
-28 82.1382
-27 69.4024
-26 69.7663
-25 73.7913
-24 84.419
-23 69.8779
-22 68.6139
-21 66.0357
-20 74.6054
-19 71.678
-18 63.6074
-17 67.8901
-16 74.3309
-15 65.3992
-14 62.4655
-13 62.754
-12 74.2435
-11 65.6698
-10 63.4632
-9 62.6509
-8 68.0912
-7 71.6055
-6 74.0464
-5 70.059
-4 68.7646
-3 80.9297
-2 92.2234
-1 82.8298
0 81.7813
1 82.4854
2 93.0851
3 88.552
4 85.6177
5 79.3066
6 85.571
7 92.9377
8 82.0039
9 74.729
10 72.8729
11 68.6493
12 69.2351
13 66.4484
14 66.4677
15 65.9732
16 64.3107
17 74.7084
18 73.5723
19 73.278
20 73.2211
21 84.3322
22 95.3345
23 105.9796
24 94.2629
25 95.1712
26 112.3018
27 122.4
28 129.1433
29 133.8488
30 141.426
31 148.021
32 160.2316
33 202.1442
34 218.7352
35 240.8635
36 255.9901
37 305.512
38 297.8495
39 292.7336
40 366.8309
41 389.342
42 400.0346
43 467.1524
44 483.654
45 542.0635
46 586.989
47 596.2765
48 582.6235
49 641.7562
50 725.3435
51 801.7631
52 844.1325
53 902.8264
54 888.2656
55 864.9833
56 942.0197
57 1010.4156
58 990.7059
59 1040.9242
60 1125.1993
61 1128.3477
62 1137.9141
63 1191.8395
64 1227.9172
65 1273.6853
66 1326.037
67 1419.7086
68 1520.8397
69 1559.8671
70 1561.3099
71 1539.6722
72 1528.597
73 1579.4781
74 1735.5898
75 1849.3237
76 1896.4696
77 1942.1577
78 1986.1725
79 2072.4729
80 2129.562
81 2205.313
82 2362.7268
83 2309.7896
84 2361.8691
85 2473.509
86 2564.7773
87 2496.4624
88 2350.2168
89 2419.3569
