-90 1785.0288
-89 1839.7421
-88 1778.217
-87 1857.4532
-86 1944.488
-85 1945.5365
-84 2049.8796
-83 2031.0474
-82 1988.9681
-81 1979.6089
-80 1968.382
-79 1934.3207
-78 1884.1097
-77 1910.6024
-76 1933.4373
-75 1871.2004
-74 1815.4911
-73 1706.4327
-72 1749.464
-71 1769.2375
-70 1666.4934
-69 1594.8528
-68 1582.6025
-67 1512.3334
-66 1454.5557
-65 1427.8485
-64 1349.3593
-63 1290.6543
-62 1240.9738
-61 1187.3669
-60 1137.968
-59 1049.4133
-58 991.0791
-57 961.254
-56 988.0028
-55 875.2081
-54 837.6769
-53 782.0205
-52 729.0818
-51 714.9606
-50 708.4866
-49 669.8247
-48 654.3319
-47 619.6481
-46 563.2299
-45 552.9153
-44 512.3998
-43 484.1192
-42 498.0263
-41 484.2621
-40 451.8885
-39 461.1617
-38 422.01
-37 415.7769
-36 410.8978
-35 400.3074
-34 381.4083
-33 362.5788
-32 353.1898
-31 339.8679
-30 324.3553
-29 309.9352
-28 305.6372
-27 316.2437
-26 299.8398
-25 289.9179
-24 275.8791
-23 281.7959
-22 281.8426
-21 267.3858
-20 272.0403
-19 268.0526
-18 244.8909
-17 263.5838
-16 242.8256
-15 267.3944
-14 226.881
-13 198.7266
-12 204.4233
-11 189.4422
-10 206.5409
-9 200.7452
-8 200.2347
-7 180.8584
-6 183.1344
-5 162.5901
-4 179.0703
-3 182.2983
-2 195.2946
-1 217.9258
0 202.8881
1 187.3877
2 205.0419
3 197.3636
4 174.0741
5 171.2925
6 178.3467
7 167.2554
8 148.4663
9 148.0773
10 157.7295
11 124.197
12 133.1173
13 132.4992
14 131.7176
15 137.3094
16 140.5405
17 127.712
18 134.3341
19 126.4075
20 129.5786
21 120.89
22 117.7756
23 113.2249
24 114.1031
25 136.1262
26 130.0663
27 122.0792
28 129.6896
29 118.7469
30 99.7986
31 99.2697
32 99.8566
33 98.9843
34 101.2272
35 112.0986
36 103.651
37 92.0623
38 99.0217
39 106.0401
40 106.8344
41 109.4255
42 109.9984
43 107.531
44 124.2537
45 112.8368
46 107.5928
47 125.328
48 126.2628
49 142.8953
50 163.1356
51 161.9843
52 140.0381
53 159.0388
54 158.7205
55 180.0681
56 202.0243
57 225.981
58 235.2645
59 286.006
60 313.1528
61 320.3692
62 334.6387
63 370.6388
64 388.9044
65 422.7713
66 455.4997
67 504.5955
68 558.4681
69 607.5068
70 619.2027
71 635.9834
72 745.0588
73 787.3077
74 851.0796
75 898.7827
76 940.6786
77 964.9862
78 1034.504
79 1118.2849
80 1230.3341
81 1342.1177
82 1393.441
83 1416.9474
84 1459.8163
85 1455.7164
86 1555.4907
87 1682.7343
88 1749.5306
89 1760.7098
