-90 2047.5095
-89 2114.2556
-88 2089.606
-87 2089.8557
-86 2132.1895
-85 2108.5757
-84 2089.6025
-83 2067.0396
-82 2084.3726
-81 2097.8149
-80 2060.4268
-79 2011.8167
-78 2042.6599
-77 1968.8289
-76 1972.5826
-75 1902.2189
-74 1791.295
-73 1678.865
-72 1685.4012
-71 1624.5754
-70 1503.0676
-69 1434.7889
-68 1371.189
-67 1299.0009
-66 1196.1533
-65 1212.9498
-64 1171.4923
-63 1077.2271
-62 961.6376
-61 941.7885
-60 832.362
-59 797.374
-58 801.8613
-57 724.3898
-56 663.2294
-55 600.308
-54 541.74
-53 495.2911
-52 481.7437
-51 452.5708
-50 450.654
-49 417.6121
-48 372.8155
-47 362.7371
-46 320.3303
-45 319.2791
-44 287.3941
-43 274.809
-42 271.6027
-41 245.0316
-40 250.1602
-39 209.1375
-38 197.0384
-37 196.668
-36 197.9982
-35 192.9667
-34 169.3847
-33 180.2845
-32 165.7304
-31 156.6854
-30 136.719
-29 130.0529
-28 145.1252
-27 116.9785
-26 106.7989
-25 86.5671
-24 75.593
-23 87.7778
-22 87.4631
-21 88.9734
-20 79.1605
-19 76.285
-18 78.8951
-17 74.2395
-16 74.8295
-15 84.6993
-14 89.4723
-13 80.9618
-12 65.7373
-11 67.445
-10 76.5907
-9 76.5722
-8 76.1686
-7 91.9437
-6 89.6364
-5 93.7468
-4 76.4937
-3 66.9242
-2 74.2254
-1 84.7147
0 81.074
1 76.1656
2 80.0129
3 86.8082
4 65.2495
5 62.8042
6 68.7115
7 75.405
8 66.3172
9 79.1235
10 72.409
11 60.9168
12 64.8058
13 74.903
14 72.4403
15 76.6747
16 83.3568
17 85.6351
18 85.5556
19 108.378
20 108.7016
21 106.432
22 86.0582
23 98.4503
24 97.0483
25 91.737
26 103.0706
27 108.1951
28 109.764
29 93.5475
30 95.8702
31 94.7878
32 102.1367
33 116.2595
34 105.3834
35 115.3357
36 129.6106
37 132.3916
38 130.2935
39 141.3389
40 147.6785
41 150.0077
42 167.1631
43 183.8866
44 174.5005
45 208.086
46 226.4087
47 214.6152
48 222.0792
49 219.8489
50 205.0367
51 234.0228
52 266.2014
53 286.3675
54 301.277
55 351.3
56 371.2287
57 379.7065
58 423.2631
59 431.3865
60 463.3624
61 487.2388
62 516.0803
63 550.2953
64 578.6786
65 622.8586
66 673.5552
67 682.5825
68 730.7686
69 799.5441
70 891.6393
71 943.2295
72 1044.7632
73 1122.5911
74 1160.9717
75 1181.7327
76 1255.3026
77 1340.4309
78 1395.59
79 1467.2336
80 1541.1039
81 1616.3933
82 1716.1263
83 1804.6571
84 1881.3851
85 1968.1356
86 1953.3262
87 2036.0688
88 2060.2368
89 2038.5488
