-90 2734.0947
-89 2667.1301
-88 2568.0505
-87 2539.7307
-86 2451.7141
-85 2416.1917
-84 2398.4905
-83 2279.095
-82 2259.9395
-81 2221.9719
-80 2218.1482
-79 2169.4009
-78 2108.4211
-77 1933.7231
-76 1887.9503
-75 1865.5254
-74 1767.5803
-73 1751.2493
-72 1711.125
-71 1644.6422
-70 1569.6892
-69 1447.2244
-68 1369.756
-67 1352.7711
-66 1324.6155
-65 1202.9153
-64 1041.8287
-63 1026.3658
-62 1023.5805
-61 971.7478
-60 892.9755
-59 792.7626
-58 740.3926
-57 696.4336
-56 671.8812
-55 701.73
-54 623.2935
-53 606.9921
-52 556.7549
-51 483.8935
-50 494.8703
-49 455.5348
-48 439.2188
-47 418.9643
-46 394.0844
-45 361.8013
-44 357.3701
-43 341.9642
-42 330.6525
-41 339.3571
-40 301.0882
-39 289.6076
-38 266.9225
-37 254.1146
-36 243.8378
-35 246.555
-34 252.0971
-33 252.4612
-32 236.6799
-31 252.4854
-30 221.8198
-29 223.5532
-28 197.0769
-27 200.4226
-26 187.4754
-25 179.6998
-24 172.5569
-23 173.5029
-22 170.3436
-21 170.7847
-20 159.3892
-19 161.932
-18 146.7542
-17 152.4295
-16 151.4883
-15 131.386
-14 152.7234
-13 136.2911
-12 133.7943
-11 146.9175
-10 131.6387
-9 125.6958
-8 122.9251
-7 122.2949
-6 122.4379
-5 129.6857
-4 140.7301
-3 135.0914
-2 144.7537
-1 142.0904
0 122.843
1 131.9511
2 122.9808
3 128.2103
4 123.4575
5 113.8502
6 114.0781
7 125.193
8 137.5712
9 166.7246
10 154.7606
11 152.8552
12 146.2245
13 165.1464
14 174.4605
15 174.4372
16 149.4968
17 174.9912
18 150.0949
19 163.1793
20 165.0189
21 188.6269
22 201.5945
23 208.1858
24 225.9284
25 196.1986
26 193.6673
27 195.2864
28 195.893
29 194.7919
30 224.1962
31 218.1565
32 223.7524
33 235.9475
34 216.7263
35 233.1024
36 250.1078
37 251.9376
38 264.772
39 280.026
40 306.5604
41 323.2379
42 346.5207
43 358.7809
44 391.5327
45 379.7476
46 356.2205
47 364.919
48 386.7113
49 419.6344
50 448.7606
51 478.6289
52 513.6016
53 566.0564
54 590.8381
55 636.3444
56 626.9716
57 667.0644
58 707.1558
59 736.9256
60 739.0311
61 781.7882
62 814.9791
63 858.9127
64 922.1332
65 1028.3478
66 1131.053
67 1148.1486
68 1229.8723
69 1301.6578
70 1365.5167
71 1395.861
72 1510.9324
73 1648.8175
74 1733.4272
75 1821.0283
76 1809.3208
77 1920.2847
78 1984.922
79 2118.8167
80 2148.8218
81 2249.8596
82 2300.293
83 2313.8208
84 2318.8816
85 2446.3899
86 2429.9917
87 2484.5083
88 2499.791
89 2598.8147
