-90 1917.2793
-89 1815.3948
-88 1734.7504
-87 1694.3054
-86 1569.6412
-85 1461.7241
-84 1397.7446
-83 1433.9982
-82 1361.9221
-81 1291.6184
-80 1144.3895
-79 1117.9324
-78 1044.8259
-77 1023.1119
-76 1043.7357
-75 988.3233
-74 966.1983
-73 972.9826
-72 897.2281
-71 795.9535
-70 765.2564
-69 696.4365
-68 641.298
-67 597.9285
-66 592.419
-65 537.8949
-64 517.6149
-63 490.3217
-62 494.0365
-61 496.5712
-60 474.656
-59 443.2644
-58 400.8963
-57 366.1555
-56 324.2462
-55 310.433
-54 296.2537
-53 258.0631
-52 271.6325
-51 268.6788
-50 228.9538
-49 220.9254
-48 212.3699
-47 183.2905
-46 165.7655
-45 153.6216
-44 139.1053
-43 141.3177
-42 146.3932
-41 135.4669
-40 128.7181
-39 121.9894
-38 112.1288
-37 99.775
-36 88.8898
-35 104.8212
-34 96.8765
-33 86.8608
-32 95.3115
-31 100.7641
-30 94.8279
-29 100.793
-28 89.8812
-27 99.3012
-26 101.2102
-25 81.4073
-24 85.3541
-23 83.9494
-22 81.143
-21 81.9488
-20 92.0102
-19 90.8469
-18 80.8225
-17 81.5339
-16 98.3572
-15 91.0255
-14 86.6737
-13 99.0358
-12 106.2097
-11 115.966
-10 112.2481
-9 94.7206
-8 92.2259
-7 88.7059
-6 88.2322
-5 95.8468
-4 93.776
-3 99.51
-2 95.6062
-1 96.017
0 101.0628
1 100.802
2 101.7209
3 93.3608
4 109.2994
5 108.5201
6 96.7867
7 103.0855
8 97.7298
9 124.1469
10 132.2196
11 123.059
12 139.1901
13 145.7191
14 150.5621
15 148.4254
16 161.8506
17 146.1188
18 158.0974
19 176.9327
20 178.5598
21 202.3816
22 207.326
23 212.2908
24 228.9471
25 246.3246
26 262.1177
27 268.4352
28 318.4591
29 388.8209
30 383.2794
31 381.6179
32 372.9389
33 399.7935
34 432.4247
35 488.6318
36 526.4093
37 579.2623
38 616.2247
39 662.0753
40 706.3345
41 735.4158
42 727.7626
43 809.9938
44 855.1353
45 904.5112
46 1006.9756
47 1064.3698
48 1182.421
49 1199.6654
50 1293.7043
51 1351.0706
52 1341.5699
53 1379.4622
54 1365.4969
55 1477.8523
56 1455.5936
57 1456.5273
58 1562.4374
59 1649.3517
60 1687.8126
61 1792.1129
62 1838.9393
63 1914.9304
64 1896.5138
65 1868.1824
66 1976.5378
67 2052.0728
68 2089.2644
69 2194.562
70 2246.9353
71 2367.1882
72 2296.3623
73 2214.6743
74 2288.7893
75 2297.3892
76 2321.0918
77 2288.1252
78 2278.8274
79 2320.157
80 2260.5352
81 2314.4995
82 2235.3425
83 2199.9507
84 2188.0493
85 2096.6096
86 2069.9944
87 2011.625
88 1972.422
89 1906.6021
