-90 2450.0369
-89 2438.1565
-88 2404.3904
-87 2318.7788
-86 2319.7349
-85 2340.1379
-84 2235.678
-83 2160.2336
-82 2061.2034
-81 1985.7897
-80 1975.1028
-79 1948.8989
-78 1934.3152
-77 1833.6246
-76 1747.8024
-75 1682.8802
-74 1634.5398
-73 1569.2698
-72 1446.0916
-71 1412.3539
-70 1369.2734
-69 1247.8987
-68 1168.6007
-67 1095.5741
-66 968.5168
-65 907.9061
-64 845.8824
-63 797.6226
-62 710.8635
-61 702.477
-60 674.6503
-59 587.8345
-58 581.0541
-57 553.2892
-56 481.6031
-55 442.6917
-54 420.0896
-53 376.6231
-52 376.4995
-51 346.3947
-50 305.7518
-49 292.1091
-48 263.5555
-47 254.4289
-46 259.8766
-45 288.3089
-44 268.5421
-43 243.9025
-42 241.7137
-41 212.7102
-40 222.7343
-39 214.1899
-38 168.0028
-37 185.0046
-36 156.8271
-35 144.5941
-34 146.4565
-33 133.8114
-32 142.9473
-31 128.6834
-30 131.5123
-29 123.9136
-28 118.8256
-27 113.6603
-26 113.1077
-25 116.7993
-24 97.3374
-23 105.4732
-22 108.414
-21 104.5039
-20 117.1658
-19 94.1225
-18 81.1163
-17 83.6172
-16 87.8718
-15 89.0852
-14 82.1613
-13 96.7452
-12 92.5217
-11 108.305
-10 90.9093
-9 87.5749
-8 86.1857
-7 77.4909
-6 72.2574
-5 84.5846
-4 80.1792
-3 87.9684
-2 97.8571
-1 89.569
0 87.0686
1 94.7966
2 87.4919
3 78.1011
4 76.9903
5 86.6848
6 103.6469
7 81.418
8 70.4024
9 72.8719
10 72.5911
11 83.9759
12 85.2218
13 74.7591
14 99.9875
15 96.7963
16 109.8028
17 114.6718
18 115.6487
19 109.4987
20 102.6151
21 118.9439
22 126.3383
23 131.137
24 140.954
25 138.7275
26 126.9921
27 122.3447
28 110.9434
29 133.0858
30 153.3009
31 159.3433
32 139.0505
33 146.5439
34 148.5111
35 173.6902
36 188.5127
37 185.5909
38 213.6379
39 217.6167
40 225.3633
41 247.7567
42 262.4234
43 255.452
44 270.1638
45 273.3983
46 288.33
47 282.1736
48 315.485
49 347.8877
50 347.4884
51 362.0974
52 392.7083
53 452.8822
54 469.9301
55 535.55
56 549.6539
57 610.2531
58 701.6456
59 741.0364
60 778.8714
61 821.2859
62 857.8182
63 895.0978
64 987.9552
65 1043.3181
66 1110.6881
67 1161.7662
68 1229.9156
69 1296.7083
70 1318.0907
71 1469.791
72 1528.0991
73 1623.8864
74 1692.1949
75 1782.2699
76 1785.236
77 1854.1008
78 1919.1765
79 2014.3943
80 2066.241
81 2080.4863
82 2147.906
83 2203.7917
84 2230.5503
85 2278.1033
86 2360.5222
87 2305.0562
88 2401.8354
89 2377.436
