-90 450.7094
-89 429.7468
-88 433.0038
-87 440.3349
-86 430.2594
-85 396.6398
-84 416.2965
-83 408.4982
-82 384.2473
-81 372.3072
-80 344.3532
-79 353.1093
-78 317.0827
-77 310.1511
-76 304.8454
-75 302.9688
-74 275.8657
-73 267.9898
-72 274.3718
-71 250.5779
-70 266.595
-69 253.3474
-68 215.0197
-67 212.9393
-66 193.1318
-65 187.7257
-64 203.6124
-63 242.8944
-62 210.1873
-61 195.9845
-60 172.0648
-59 146.6888
-58 133.7523
-57 114.3659
-56 116.2167
-55 91.2119
-54 95.9818
-53 87.851
-52 107.0124
-51 108.3321
-50 94.4441
-49 102.7066
-48 114.5141
-47 110.3728
-46 105.8386
-45 93.8951
-44 96.0429
-43 94.0129
-42 84.503
-41 72.8137
-40 76.6755
-39 77.3774
-38 77.9762
-37 76.9658
-36 72.6484
-35 65.5093
-34 70.8204
-33 76.1793
-32 81.5106
-31 79.7083
-30 91.4827
-29 91.3827
-28 87.8924
-27 85.949
-26 83.4056
-25 89.5455
-24 71.2173
-23 67.1288
-22 61.3722
-21 64.3552
-20 78.916
-19 93.0942
-18 91.9747
-17 93.4527
-16 106.2028
-15 102.9537
-14 99.5392
-13 94.7312
-12 86.8193
-11 109.5038
-10 110.6057
-9 83.2959
-8 97.4283
-7 92.7127
-6 86.335
-5 82.2421
-4 83.8138
-3 89.7574
-2 94.3211
-1 105.5934
0 103.4458
1 98.4972
2 94.0351
3 96.9292
4 96.5654
5 98.7434
6 92.6905
7 96.4361
8 100.7806
9 87.1547
10 89.7355
11 84.6373
12 89.7602
13 97.15
14 109.5731
15 111.0507
16 115.6638
17 111.0882
18 119.6
19 139.1658
20 141.9193
21 145.991
22 138.0554
23 154.0278
24 162.2992
25 170.7171
26 177.9512
27 199.8029
28 177.1158
29 175.3072
30 188.2233
31 205.6129
32 201.3065
33 200.3248
34 203.6304
35 194.793
36 208.4982
37 197.3506
38 208.5992
39 175.8626
40 181.3643
41 215.5767
42 226.2825
43 232.7036
44 240.454
45 227.1014
46 233.5825
47 247.251
48 236.6981
49 256.8417
50 261.7811
51 276.4019
52 280.3494
53 311.7083
54 324.074
55 309.2211
56 271.7819
57 288.9418
58 295.7718
59 286.6644
60 293.8879
61 317.3535
62 305.2266
63 321.1924
64 322.456
65 318.6634
66 275.4008
67 295.8221
68 303.8429
69 292.3557
70 338.8368
71 353.1283
72 376.1311
73 382.3111
74 406.7451
75 440.9093
76 498.8684
77 480.5314
78 513.2341
79 558.2885
80 550.683
81 530.1074
82 525.787
83 526.6116
84 493.3954
85 513.8654
86 493.0317
87 431.7723
88 412.8061
89 439.6762
