-90 1482.9633
-89 1534.6799
-88 1572.1897
-87 1666.3958
-86 1673.0542
-85 1791.6368
-84 1722.5187
-83 1699.1993
-82 1703.7262
-81 1766.3303
-80 1774.8884
-79 1782.8508
-78 1703.4363
-77 1661.8794
-76 1559.967
-75 1470.2836
-74 1398.0547
-73 1358.2742
-72 1361.3888
-71 1382.9525
-70 1351.0865
-69 1352.2166
-68 1358.9976
-67 1385.2516
-66 1414.4446
-65 1289.4564
-64 1227.3279
-63 1142.8961
-62 1027.658
-61 1006.5321
-60 943.1508
-59 887.428
-58 841.3582
-57 775.962
-56 733.4791
-55 679.4098
-54 591.2683
-53 545.3505
-52 479.7022
-51 434.214
-50 405.141
-49 394.9122
-48 337.0778
-47 317.3224
-46 325.2593
-45 303.4398
-44 254.5778
-43 253.8195
-42 239.863
-41 184.7119
-40 191.021
-39 181.5911
-38 194.7463
-37 188.4038
-36 180.8637
-35 155.7254
-34 142.9522
-33 137.0573
-32 132.5163
-31 134.5037
-30 127.31
-29 134.5766
-28 132.4556
-27 128.3083
-26 115.4022
-25 114.4024
-24 119.7043
-23 104.0293
-22 103.3299
-21 94.5563
-20 84.2482
-19 90.9189
-18 90.1658
-17 85.5016
-16 83.4148
-15 76.1444
-14 79.5115
-13 73.6455
-12 71.1091
-11 77.5224
-10 68.6446
-9 68.1825
-8 64.621
-7 59.8106
-6 61.6965
-5 61.6447
-4 59.723
-3 59.4148
-2 58.8762
-1 75.0954
0 70.6131
1 72.4522
2 71.5725
3 67.18
4 75.7182
5 78.1364
6 63.9067
7 62.6943
8 66.5123
9 64.0307
10 53.3223
11 49.5936
12 59.3109
13 52.618
14 43.8637
15 47.9689
16 46.4153
17 50.1652
18 39.299
19 44.3572
20 53.6757
21 48.8286
22 53.7957
23 66.9296
24 60.2399
25 55.8424
26 63.8529
27 66.8272
28 67.4854
29 67.4144
30 70.5543
31 80.9694
32 59.3692
33 59.5993
34 62.9948
35 75.095
36 71.4129
37 75.9546
38 63.1659
39 64.7782
40 66.6801
41 69.2196
42 67.2784
43 78.7133
44 87.719
45 85.4612
46 96.9881
47 118.9648
48 124.1887
49 138.9631
50 135.6097
51 128.4149
52 118.1002
53 105.0502
54 125.9098
55 133.073
56 127.0423
57 129.6275
58 125.1476
59 125.7022
60 135.5534
61 161.7027
62 177.3326
63 185.3727
64 172.1973
65 197.3719
66 222.2724
67 249.1578
68 286.1837
69 305.1976
70 354.8455
71 403.7383
72 450.1841
73 471.3116
74 503.9207
75 597.4687
76 641.2319
77 692.4261
78 722.1543
79 775.6489
80 828.5082
81 928.8404
82 978.6231
83 1080.0747
84 1150.3829
85 1164.625
86 1145.8649
87 1233.5485
88 1249.208
89 1362.2417
