-90 560.9786
-89 560.7885
-88 613.2888
-87 629.9031
-86 602.5087
-85 645.2435
-84 660.0803
-83 641.1009
-82 645.6845
-81 623.2719
-80 601.5436
-79 657.0649
-78 701.5247
-77 751.7298
-76 786.0813
-75 800.903
-74 741.8206
-73 679.4459
-72 638.2101
-71 592.2042
-70 585.8893
-69 579.6791
-68 578.9434
-67 565.6844
-66 543.9135
-65 513.0203
-64 495.6865
-63 479.5251
-62 482.3984
-61 457.0303
-60 421.7677
-59 396.9971
-58 376.0149
-57 350.8523
-56 341.2317
-55 324.8692
-54 326.2841
-53 318.2455
-52 297.7816
-51 276.8062
-50 261.6686
-49 241.9143
-48 238.8125
-47 230.3424
-46 203.5462
-45 192.074
-44 216.4824
-43 208.8585
-42 195.8425
-41 200.9844
-40 195.3719
-39 205.0854
-38 208.517
-37 216.38
-36 223.427
-35 213.694
-34 210.5429
-33 213.1474
-32 197.3108
-31 172.3149
-30 171.2267
-29 174.3183
-28 172.0674
-27 179.9647
-26 176.0305
-25 176.1304
-24 177.0366
-23 191.3946
-22 158.0027
-21 161.435
-20 153.6485
-19 150.3558
-18 144.4424
-17 128.1425
-16 128.1263
-15 144.3568
-14 152.2726
-13 147.9933
-12 145.3358
-11 145.2087
-10 146.717
-9 151.5888
-8 140.5302
-7 142.3939
-6 135.7267
-5 124.0619
-4 114.3707
-3 130.479
-2 144.6089
-1 161.4163
0 156.794
1 137.1537
2 123.2868
3 130.9273
4 113.1502
5 123.5725
6 129.7209
7 121.8726
8 109.5611
9 108.3122
10 116.7575
11 117.1078
12 116.8729
13 118.5969
14 128.6278
15 114.1916
16 138.8971
17 145.9204
18 125.9509
19 113.3269
20 106.5919
21 114.3673
22 113.0388
23 110.5474
24 104.8603
25 100.1324
26 101.8174
27 86.2475
28 91.3052
29 105.3482
30 95.1713
31 81.6136
32 84.5334
33 71.904
34 65.3822
35 71.3429
36 72.6248
37 79.7776
38 71.8094
39 80.3712
40 66.0581
41 62.0095
42 65.7156
43 78.6146
44 80.2619
45 81.5388
46 91.5082
47 101.3419
48 123.4986
49 126.5601
50 163.8659
51 174.7186
52 151.8408
53 156.5126
54 172.9866
55 183.9599
56 185.6458
57 196.7999
58 204.2193
59 187.0462
60 209.8232
61 228.962
62 242.68
63 272.2174
64 269.1154
65 326.3133
66 318.5145
67 317.2211
68 294.6928
69 323.1408
70 333.7862
71 357.4768
72 356.9612
73 452.1612
74 437.2842
75 415.2447
76 421.6352
77 417.2052
78 432.3458
79 460.9843
80 478.2688
81 481.7151
82 504.594
83 460.4832
84 475.9995
85 469.3199
86 481.7288
87 479.3826
88 549.936
89 588.5781
