-90 755.6882
-89 817.7706
-88 881.1304
-87 966.176
-86 1034.8063
-85 1100.636
-84 1135.3439
-83 1222.1227
-82 1188.3591
-81 1194.8943
-80 1209.6621
-79 1266.3573
-78 1356.915
-77 1386.5869
-76 1431.3481
-75 1482.6477
-74 1568.9261
-73 1601.1184
-72 1578.4176
-71 1604.1855
-70 1653.776
-69 1676.936
-68 1613.2109
-67 1537.8303
-66 1516.6029
-65 1558.9779
-64 1600.2249
-63 1570.8395
-62 1459.2023
-61 1428.0436
-60 1482.23
-59 1426.3783
-58 1368.3405
-57 1340.6436
-56 1304.7513
-55 1318.2396
-54 1268.3877
-53 1266.4021
-52 1224.6276
-51 1178.3291
-50 1103.4556
-49 1064.9109
-48 1025.7249
-47 1005.6932
-46 944.3362
-45 886.063
-44 902.2018
-43 952.2828
-42 948.4326
-41 899.7811
-40 778.0018
-39 734.8749
-38 719.7834
-37 713.4099
-36 655.0602
-35 632.6249
-34 627.9678
-33 561.6155
-32 572.3718
-31 536.6835
-30 511.9146
-29 502.5108
-28 493.3194
-27 499.8058
-26 488.7338
-25 461.8927
-24 405.0962
-23 422.6894
-22 384.0099
-21 394.2558
-20 406.4605
-19 446.4122
-18 433.3474
-17 430.4833
-16 462.8077
-15 461.2827
-14 440.4229
-13 441.8955
-12 435.0719
-11 418.3445
-10 429.0644
-9 402.8837
-8 393.6049
-7 390.8646
-6 357.6218
-5 308.9402
-4 295.6651
-3 309.7178
-2 292.9077
-1 284.0559
0 258.6919
1 243.3185
2 230.1855
3 224.3848
4 205.803
5 183.9338
6 170.3162
7 150.1376
8 154.7151
9 139.7349
10 124.9778
11 118.5504
12 96.9183
13 96.5929
14 95.3263
15 84.6535
16 94.3105
17 84.1126
18 88.2052
19 86.7306
20 76.993
21 68.7779
22 81.9774
23 75.0259
24 63.7098
25 60.9708
26 70.2108
27 62.724
28 61.8509
29 64.3932
30 63.8334
31 55.593
32 56.4928
33 52.2559
34 49.9831
35 43.7016
36 44.1488
37 41.6976
38 44.1339
39 52.1761
40 40.7383
41 49.4284
42 58.2275
43 54.88
44 58.3407
45 74.232
46 65.1445
47 61.7989
48 71.7599
49 71.2998
50 68.1712
51 69.3603
52 60.526
53 65.3032
54 89.9255
55 89.1062
56 87.2807
57 69.4439
58 81.4261
59 93.2609
60 103.7319
61 115.2309
62 136.9731
63 138.8375
64 132.6095
65 144.857
66 141.7233
67 165.271
68 159.6052
69 169.673
70 207.6973
71 227.9698
72 238.406
73 233.0203
74 242.6271
75 271.2785
76 277.4222
77 306.5891
78 320.006
79 325.424
80 351.5881
81 395.0693
82 457.1161
83 472.0372
84 502.078
85 534.6757
86 576.3085
87 619.5896
88 659.038
89 701.1011
