-90 1211.7737
-89 1199.7964
-88 1200.5083
-87 1162.1105
-86 1115.304
-85 1110.8583
-84 1101.7268
-83 1088.658
-82 1071.8789
-81 1076.4413
-80 1078.5564
-79 1060.0424
-78 1039.9207
-77 1031.8834
-76 1000.0862
-75 1024.3636
-74 1009.5041
-73 953.5668
-72 955.3745
-71 929.4459
-70 918.5999
-69 909.8854
-68 908.7772
-67 916.3763
-66 903.0941
-65 938.1202
-64 870.5832
-63 857.5212
-62 855.1763
-61 835.2094
-60 781.8969
-59 773.7794
-58 800.4313
-57 758.783
-56 754.3271
-55 746.7356
-54 763.4323
-53 742.4852
-52 746.1271
-51 747.9939
-50 726.6222
-49 717.2729
-48 734.3315
-47 706.4117
-46 664.1578
-45 665.2701
-44 645.0256
-43 634.4128
-42 684.7065
-41 670.5677
-40 643.1823
-39 605.4807
-38 586.7969
-37 613.7397
-36 603.4811
-35 603.094
-34 595.096
-33 591.772
-32 575.3251
-31 570.6947
-30 623.3816
-29 589.9617
-28 570.3923
-27 582.9901
-26 565.2541
-25 598.0357
-24 585.4535
-23 575.3608
-22 544.8806
-21 530.7081
-20 528.9207
-19 549.5214
-18 538.2842
-17 583.7635
-16 571.5494
-15 557.1187
-14 574.5464
-13 572.1753
-12 584.9687
-11 574.6924
-10 590.5249
-9 617.2668
-8 606.0262
-7 590.4532
-6 585.7879
-5 582.3667
-4 567.4861
-3 542.8606
-2 552.2209
-1 583.8845
0 592.481
1 545.3381
2 514.0845
3 527.0215
4 545.5019
5 553.6277
6 554.2295
7 559.524
8 514.515
9 494.3072
10 508.9308
11 534.1907
12 537.1561
13 524.146
14 503.3118
15 493.1124
16 500.3951
17 502.6891
18 497.8086
19 465.8869
20 461.1779
21 442.3345
22 461.9292
23 474.0603
24 468.4801
25 500.334
26 479.0911
27 485.7193
28 479.5663
29 472.9925
30 463.3042
31 462.0501
32 464.8636
33 465.7832
34 528.5295
35 515.5483
36 487.33
37 506.0647
38 502.5646
39 505.5468
40 526.8804
41 560.533
42 562.07
43 558.2421
44 562.1664
45 594.0206
46 588.4547
47 583.7196
48 556.3238
49 568.2281
50 561.6273
51 584.2172
52 612.067
53 623.9964
54 573.2095
55 612.0182
56 635.6973
57 625.7534
58 657.7771
59 626.4839
60 680.1373
61 744.2095
62 747.0843
63 765.9417
64 798.2303
65 849.9302
66 866.0089
67 891.1795
68 938.5987
69 938.4697
70 951.5431
71 960.5158
72 974.4666
73 950.5231
74 992.8024
75 1026.1655
76 1046.9646
77 1109.0657
78 1095.2382
79 1181.5072
80 1258.3964
81 1261.4878
82 1255.5491
83 1211.1851
84 1225.1127
85 1218.6403
86 1251.6364
87 1248.9236
88 1233.4136
89 1270.4183
