-90 3188.2397
-89 3197.5842
-88 3236.0193
-87 3257.5012
-86 3239.9924
-85 3283.3037
-84 3278.2458
-83 3183.9875
-82 3134.0344
-81 3182.7112
-80 3171.8379
-79 3222.3706
-78 3264.333
-77 3254.8376
-76 3233.0559
-75 3192.3269
-74 3163.3547
-73 3033.1243
-72 2935.3906
-71 2872.0769
-70 2687.0005
-69 2667.9912
-68 2625.5364
-67 2489.2832
-66 2466.1311
-65 2287.7659
-64 2242.885
-63 2084.554
-62 2023.0815
-61 2019.5817
-60 1968.9854
-59 1868.248
-58 1764.6483
-57 1650.7948
-56 1564.2081
-55 1442.579
-54 1362.207
-53 1357.8733
-52 1246.5459
-51 1207.1011
-50 1196.0889
-49 1079.5442
-48 1020.0515
-47 974.4333
-46 924.4162
-45 849.4908
-44 821.2028
-43 763.7176
-42 708.4135
-41 700.9844
-40 718.4869
-39 677.0482
-38 665.6442
-37 643.175
-36 603.5378
-35 598.4644
-34 536.8134
-33 524.9993
-32 497.8973
-31 453.816
-30 449.59
-29 430.4843
-28 405.4442
-27 373.5304
-26 367.8949
-25 349.8595
-24 342.593
-23 348.9698
-22 363.3
-21 370.8141
-20 358.0704
-19 321.2521
-18 351.3604
-17 332.6903
-16 353.426
-15 317.376
-14 297.5735
-13 289.7557
-12 313.3652
-11 279.8409
-10 272.153
-9 249.1765
-8 283.133
-7 264.2485
-6 269.5496
-5 268.6331
-4 282.5934
-3 264.5758
-2 289.4381
-1 247.8468
0 259.3134
1 273.8357
2 264.0664
3 276.7832
4 273.5161
5 260.9171
6 239.9513
7 260.2076
8 263.0057
9 271.0317
10 259.0586
11 260.392
12 282.2806
13 282.6314
14 261.7882
15 245.958
16 245.1635
17 248.7316
18 257.881
19 246.903
20 230.811
21 241.1311
22 249.9546
23 241.3033
24 221.8467
25 206.8438
26 209.9585
27 200.8921
28 198.2332
29 218.41
30 241.1257
31 253.4704
32 251.8035
33 239.9628
34 253.0034
35 266.5769
36 266.439
37 270.5578
38 273.4424
39 258.6908
40 285.9029
41 305.3677
42 305.7323
43 311.1157
44 338.8732
45 369.661
46 376.3247
47 386.9576
48 409.4203
49 446.9324
50 463.1335
51 512.0452
52 528.199
53 510.8611
54 585.0797
55 604.9482
56 655.3669
57 724.976
58 745.5982
59 800.5994
60 866.5063
61 875.1782
62 924.803
63 965.9324
64 1031.53
65 1150.8015
66 1242.7817
67 1253.5696
68 1291.7991
69 1386.061
70 1470.113
71 1589.0171
72 1651.8685
73 1710.2344
74 1802.0544
75 1891.254
76 2045.7102
77 2161.7803
78 2226.1257
79 2386.7219
80 2431.6721
81 2500.2097
82 2613.0554
83 2737.5701
84 2736.7144
85 2887.5779
86 2902.7349
87 3027.0991
88 3088.6365
89 3129.3188
