-90 1209.4109
-89 1214.6605
-88 1322.3975
-87 1307.624
-86 1381.2119
-85 1446.194
-84 1435.8525
-83 1413.8042
-82 1420.8082
-81 1425.1372
-80 1454.59
-79 1463.4957
-78 1574.6436
-77 1568.6383
-76 1600.1191
-75 1582.0717
-74 1555.9475
-73 1509.2784
-72 1523.8524
-71 1523.7878
-70 1618.5118
-69 1622.5756
-68 1577.6423
-67 1572.7646
-66 1596.2261
-65 1591.4609
-64 1599.5391
-63 1549.5371
-62 1523.0814
-61 1500.9236
-60 1499.2778
-59 1438.4142
-58 1361.9866
-57 1357.9536
-56 1346.1588
-55 1348.4371
-54 1232.2148
-53 1238.8472
-52 1221.9397
-51 1226.0967
-50 1194.621
-49 1189.5914
-48 1149.8193
-47 1111.2959
-46 1056.7474
-45 1058.858
-44 1010.7824
-43 967.3038
-42 958.9319
-41 925.9191
-40 864.9841
-39 821.9643
-38 772.7297
-37 765.6875
-36 735.3364
-35 731.6957
-34 689.8456
-33 665.6915
-32 639.2623
-31 605.1303
-30 587.6572
-29 564.8051
-28 543.7175
-27 546.728
-26 516.7372
-25 478.1407
-24 497.9949
-23 497.288
-22 422.3289
-21 448.882
-20 419.9189
-19 400.3417
-18 387.5025
-17 343.351
-16 383.234
-15 359.1212
-14 343.0847
-13 322.7182
-12 332.4764
-11 332.5985
-10 308.7566
-9 340.5095
-8 315.0667
-7 292.6193
-6 288.8447
-5 308.7685
-4 273.6574
-3 284.2091
-2 272.5597
-1 261.9131
0 238.5141
1 215.8691
2 233.5936
3 252.9636
4 266.1278
5 277.1258
6 282.8145
7 250.2738
8 275.3641
9 227.0478
10 231.8629
11 237.6766
12 238.9717
13 234.1116
14 225.8217
15 246.1933
16 223.4157
17 217.7344
18 227.3714
19 223.4976
20 207.5164
21 199.6239
22 231.1912
23 231.7335
24 221.2304
25 228.6741
26 241.9236
27 234.9561
28 215.8328
29 243.7187
30 250.3011
31 238.4165
32 242.404
33 236.8767
34 240.106
35 232.411
36 223.0845
37 218.2169
38 227.0878
39 229.656
40 216.5954
41 206.4413
42 215.2479
43 191.1363
44 202.7823
45 195.9602
46 215.9556
47 220.8858
48 226.4581
49 249.4398
50 244.2248
51 264.9678
52 260.9849
53 271.7578
54 277.5052
55 319.6387
56 318.1502
57 341.6242
58 384.7148
59 397.0753
60 383.2063
61 405.5259
62 442.672
63 444.1028
64 440.9919
65 425.1693
66 450.4005
67 481.2771
68 518.1732
69 523.3931
70 538.6699
71 553.0994
72 574.7908
73 618.1687
74 655.6203
75 704.3867
76 734.0626
77 785.5066
78 830.7097
79 901.9547
80 901.0273
81 929.878
82 1024.9142
83 1049.0941
84 1054.4485
85 1029.6254
86 1047.3489
87 1102.3365
88 1154.6245
89 1155.6904
