-90 816.6271
-89 843.2436
-88 860.7842
-87 852.6618
-86 878.6711
-85 893.3834
-84 923.923
-83 882.1304
-82 866.1992
-81 886.5488
-80 917.954
-79 864.0929
-78 857.467
-77 907.5663
-76 845.6639
-75 871.4825
-74 853.9677
-73 840.0284
-72 817.8005
-71 807.0311
-70 747.9636
-69 766.4589
-68 820.5516
-67 791.4642
-66 745.7963
-65 677.0188
-64 629.2286
-63 623.204
-62 591.5407
-61 549.9142
-60 554.7889
-59 567.2112
-58 572.9235
-57 569.9579
-56 544.0806
-55 556.4313
-54 545.2126
-53 523.1329
-52 550.6689
-51 522.6535
-50 553.9003
-49 533.7051
-48 526.6345
-47 500.3589
-46 462.417
-45 425.3455
-44 467.082
-43 449.1089
-42 451.6865
-41 431.5803
-40 411.0724
-39 393.4381
-38 378.815
-37 415.5644
-36 404.7607
-35 383.9963
-34 404.8727
-33 383.1621
-32 360.3712
-31 380.9077
-30 392.745
-29 319.8287
-28 302.6799
-27 280.8541
-26 272.168
-25 246.4012
-24 262.3876
-23 254.6586
-22 248.004
-21 238.9626
-20 220.7463
-19 219.4776
-18 214.5444
-17 210.0614
-16 203.1422
-15 206.1538
-14 214.4881
-13 220.5639
-12 223.1826
-11 212.2343
-10 208.5935
-9 193.68
-8 202.1614
-7 205.2991
-6 202.3132
-5 220.2677
-4 219.708
-3 208.5565
-2 188.6972
-1 194.0833
0 198.9603
1 199.0803
2 205.7641
3 176.7296
4 169.7016
5 182.2633
6 188.4201
7 191.1813
8 183.8244
9 204.2876
10 211.076
11 226.4896
12 196.7839
13 197.3379
14 184.9746
15 194.1183
16 200.4974
17 200.2892
18 211.728
19 199.5775
20 200.4497
21 191.4365
22 192.4766
23 202.0515
24 213.8157
25 209.1608
26 215.3826
27 214.3442
28 217.7286
29 207.6492
30 208.8727
31 222.1514
32 235.3149
33 232.3518
34 227.3389
35 254.6164
36 250.9683
37 259.3004
38 293.8893
39 285.2707
40 293.1118
41 282.2469
42 267.3745
43 287.0545
44 285.1417
45 310.3678
46 307.4261
47 357.0685
48 362.9607
49 367.2521
50 393.5419
51 409.6342
52 426.9887
53 436.4537
54 438.1006
55 460.2867
56 460.3549
57 459.7332
58 453.0772
59 490.6732
60 557.1176
61 545.6628
62 565.067
63 605.4899
64 626.7759
65 605.2142
66 620.0007
67 612.6019
68 613.9092
69 614.5529
70 635.3752
71 633.9917
72 659.0876
73 636.3918
74 666.2117
75 645.1327
76 679.8046
77 695.8485
78 723.0418
79 739.7545
80 749.0726
81 771.5588
82 775.6233
83 778.5506
84 819.1081
85 834.8488
86 877.8145
87 867.8577
88 852.4193
89 846.1337
