-90 1270.4905
-89 1337.7217
-88 1332.3724
-87 1338.377
-86 1331.3495
-85 1333.7031
-84 1366.2634
-83 1328.4443
-82 1328.2169
-81 1328.5167
-80 1340.4794
-79 1415.5732
-78 1477.6005
-77 1559.4094
-76 1580.8947
-75 1552.3485
-74 1597.4702
-73 1569.4514
-72 1627.9086
-71 1729.4852
-70 1738.8358
-69 1722.6512
-68 1642.2506
-67 1615.6213
-66 1582.2323
-65 1494.0923
-64 1441.9139
-63 1526.1168
-62 1615.9611
-61 1595.1904
-60 1528.6549
-59 1464.5225
-58 1421.3292
-57 1375.9792
-56 1349.1223
-55 1310.2345
-54 1285.3335
-53 1258.2377
-52 1230.8722
-51 1222.6039
-50 1186.351
-49 1192.1953
-48 1146.5898
-47 1130.2416
-46 1141.0831
-45 1161.3934
-44 1086.649
-43 1080.0411
-42 1082.2473
-41 1077.4222
-40 1044.5576
-39 1001.2313
-38 975.4905
-37 976.8924
-36 891.9704
-35 871.863
-34 880.6027
-33 806.3655
-32 778.8836
-31 767.2993
-30 707.1987
-29 660.0518
-28 642.1677
-27 598.1649
-26 575.3303
-25 561.4885
-24 577.4086
-23 524.8772
-22 498.8785
-21 497.5442
-20 438.0032
-19 443.0931
-18 432.1939
-17 391.9616
-16 380.9062
-15 340.2085
-14 337.3418
-13 318.2925
-12 318.5245
-11 328.0266
-10 290.6653
-9 328.7444
-8 303.2835
-7 306.3382
-6 315.722
-5 290.3753
-4 276.0883
-3 276.3984
-2 267.3756
-1 243.7013
0 246.4194
1 265.4831
2 281.0308
3 266.9659
4 261.3912
5 248.0818
6 227.4064
7 233.9557
8 251.7038
9 251.6682
10 250.6126
11 235.1554
12 214.0542
13 232.839
14 243.8505
15 214.7689
16 232.3146
17 234.2083
18 229.3286
19 212.2424
20 216.9289
21 218.016
22 213.8723
23 199.8896
24 214.8936
25 198.3989
26 208.3923
27 202.4099
28 210.0355
29 204.6925
30 206.1495
31 188.7871
32 217.0924
33 215.822
34 228.7145
35 228.1669
36 234.8518
37 240.0193
38 239.644
39 267.3451
40 285.3279
41 268.8462
42 264.4523
43 285.2048
44 319.7926
45 365.758
46 373.0259
47 369.1798
48 410.5066
49 400.602
50 432.1057
51 448.8062
52 498.4413
53 518.4748
54 560.5786
55 594.9985
56 629.1166
57 683.6125
58 683.9032
59 740.3467
60 732.8909
61 731.0283
62 748.543
63 757.9063
64 711.7438
65 755.6774
66 800.0367
67 776.0102
68 791.7441
69 850.8917
70 821.8519
71 852.5084
72 963.2585
73 1020.1356
74 1028.8798
75 1068.9015
76 1124.3815
77 1147.7526
78 1213.0083
79 1175.1445
80 1171.3204
81 1120.2378
82 1161.3278
83 1215.3232
84 1202.9241
85 1272.5762
86 1350.6548
87 1291.845
88 1257.3501
89 1343.3794
