-90 626.8771
-89 726.3489
-88 720.8539
-87 748.0062
-86 760.9155
-85 820.7567
-84 887.0835
-83 892.6727
-82 926.9272
-81 937.2145
-80 949.4393
-79 967.5579
-78 964.554
-77 987.383
-76 967.2339
-75 994.811
-74 1086.8966
-73 1140.8622
-72 1164.9969
-71 1192.6217
-70 1198.3339
-69 1203.4949
-68 1237.1053
-67 1287.7083
-66 1336.8929
-65 1333.3041
-64 1378.6881
-63 1380.6844
-62 1415.7166
-61 1481.5555
-60 1477.8464
-59 1497.7091
-58 1471.4379
-57 1419.3087
-56 1422.0651
-55 1423.5862
-54 1393.9865
-53 1390.8369
-52 1347.5533
-51 1408.6028
-50 1414.9551
-49 1429.2832
-48 1395.7031
-47 1399.413
-46 1314.2289
-45 1275.583
-44 1267.1752
-43 1236.1089
-42 1186.7186
-41 1178.5288
-40 1125.8065
-39 1074.2274
-38 1039.572
-37 1086.0406
-36 1023.8241
-35 985.1614
-34 947.5752
-33 929.6132
-32 893.2554
-31 919.33
-30 884.3292
-29 918.068
-28 843.1101
-27 741.97
-26 721.1104
-25 693.8845
-24 666.4053
-23 679.7069
-22 697.2808
-21 649.6969
-20 618.2159
-19 579.1196
-18 541.4335
-17 536.3796
-16 546.9952
-15 546.5932
-14 531.7116
-13 541.901
-12 502.3802
-11 468.7511
-10 466.2198
-9 440.0994
-8 437.4879
-7 396.9493
-6 373.0285
-5 374.8426
-4 375.8021
-3 388.7192
-2 380.6297
-1 342.4849
0 352.6633
1 370.6528
2 358.1016
3 382.1462
4 382.0774
5 343.5818
6 355.8834
7 365.326
8 366.7206
9 344.1067
10 319.4191
11 327.3661
12 303.0581
13 313.2207
14 322.9648
15 308.3403
16 309.3626
17 297.9738
18 276.9461
19 260.369
20 282.4236
21 259.8831
22 251.1899
23 246.7593
24 265.8553
25 279.8909
26 287.4522
27 297.6193
28 279.962
29 257.4016
30 248.604
31 240.6478
32 227.7958
33 212.0612
34 211.8436
35 222.0236
36 216.9094
37 224.1637
38 207.0144
39 198.8224
40 180.5803
41 200.532
42 224.2102
43 196.9048
44 190.5122
45 196.2085
46 172.3097
47 178.6746
48 169.3572
49 176.8011
50 189.6035
51 173.0513
52 164.966
53 164.3593
54 176.0736
55 184.7048
56 184.5607
57 208.6007
58 212.8363
59 204.7274
60 189.6751
61 211.6035
62 202.0439
63 204.971
64 209.6416
65 228.9131
66 238.3224
67 240.9752
68 272.7142
69 277.371
70 328.1317
71 326.0098
72 333.0769
73 344.126
74 376.0352
75 406.3321
76 382.3572
77 394.9228
78 416.8983
79 437.3199
80 469.3964
81 516.0873
82 494.4972
83 554.8893
84 551.9774
85 525.1769
86 540.1573
87 567.2858
88 604.0052
89 567.28
