-90 1280.4127
-89 1301.0919
-88 1361.0773
-87 1386.5558
-86 1487.5608
-85 1562.5632
-84 1599.0615
-83 1540.6228
-82 1663.2648
-81 1740.8136
-80 1746.3668
-79 1790.9943
-78 1860.822
-77 1862.3762
-76 1869.0824
-75 1877.2747
-74 1894.8733
-73 2001.0717
-72 1975.6348
-71 2053.3323
-70 2050.2947
-69 2067.2686
-68 2098.7
-67 2054.2131
-66 2080.1748
-65 2223.094
-64 2154.4504
-63 2159.5981
-62 2106.0439
-61 2029.4127
-60 1953.5294
-59 1919.6715
-58 1954.9045
-57 1909.3413
-56 1869.9044
-55 1853.0916
-54 1801.5935
-53 1699.9875
-52 1678.2736
-51 1698.844
-50 1578.7018
-49 1551.5887
-48 1514.8354
-47 1525.027
-46 1464.6647
-45 1467.7775
-44 1393.2926
-43 1359.4862
-42 1287.9921
-41 1287.2368
-40 1277.4243
-39 1204.0653
-38 1135.5751
-37 1122.9551
-36 1120.0111
-35 1053.373
-34 990.9316
-33 1022.0986
-32 1017.4326
-31 973.5007
-30 926.4274
-29 889.1954
-28 875.6668
-27 801.039
-26 820.3154
-25 775.1677
-24 711.8639
-23 724.5064
-22 686.9387
-21 611.9471
-20 536.6343
-19 518.325
-18 489.1901
-17 481.7615
-16 479.149
-15 452.837
-14 445.1812
-13 440.5396
-12 417.1655
-11 402.4681
-10 370.1878
-9 405.2117
-8 384.0969
-7 380.7209
-6 380.895
-5 378.6881
-4 379.2273
-3 346.571
-2 322.6062
-1 315.4272
0 318.8062
1 304.2511
2 289.0818
3 291.5332
4 292.3955
5 293.4774
6 316.2158
7 322.6126
8 327.9457
9 316.3992
10 329.3339
11 339.0532
12 301.3316
13 263.2447
14 262.9406
15 248.6866
16 236.6932
17 255.1914
18 254.7583
19 263.4994
20 237.3355
21 220.2538
22 225.1782
23 221.3024
24 205.0112
25 206.6373
26 178.653
27 191.077
28 183.1523
29 173.2763
30 175.3091
31 199.8002
32 176.2531
33 173.2379
34 172.8793
35 172.568
36 173.1502
37 175.7843
38 167.968
39 177.055
40 172.6441
41 175.2584
42 171.6667
43 164.318
44 168.7452
45 159.3563
46 169.2138
47 175.0369
48 186.0562
49 187.042
50 215.9709
51 210.3395
52 222.672
53 227.9469
54 256.2568
55 264.8128
56 286.2386
57 291.1263
58 307.653
59 306.8009
60 305.1379
61 322.7377
62 349.6234
63 338.5784
64 360.6511
65 399.9905
66 385.7767
67 397.603
68 436.4919
69 467.1317
70 507.9991
71 529.3267
72 553.4609
73 551.7617
74 553.6133
75 623.1282
76 634.3471
77 661.1462
78 653.3818
79 712.166
80 757.0282
81 770.6954
82 808.4598
83 854.4594
84 924.1099
85 904.3299
86 919.3842
87 999.3825
88 1089.7402
89 1184.176
