-90 898.4559
-89 935.9214
-88 938.3905
-87 966.825
-86 1002.9985
-85 1004.106
-84 1067.619
-83 1062.8322
-82 1046.599
-81 1030.3107
-80 1084.0651
-79 1061.6981
-78 1025.0278
-77 963.2338
-76 972.7985
-75 1006.0349
-74 958.137
-73 920.2037
-72 892.4396
-71 915.8942
-70 899.3903
-69 861.6754
-68 841.257
-67 780.8345
-66 834.2092
-65 803.4017
-64 770.1467
-63 779.9877
-62 747.2354
-61 689.3486
-60 713.1751
-59 731.9355
-58 736.7401
-57 729.5718
-56 745.9149
-55 777.3818
-54 730.2365
-53 728.5696
-52 733.9338
-51 716.0766
-50 730.6448
-49 733.5601
-48 710.2786
-47 671.064
-46 711.8976
-45 675.935
-44 661.5988
-43 634.3176
-42 643.6283
-41 576.4775
-40 580.9554
-39 559.9923
-38 525.774
-37 505.2415
-36 526.4754
-35 497.0388
-34 487.823
-33 481.6797
-32 475.9705
-31 485.3387
-30 477.6094
-29 453.5995
-28 429.3668
-27 425.4504
-26 411.8822
-25 418.5328
-24 426.8535
-23 430.2052
-22 449.145
-21 453.3851
-20 443.9737
-19 466.4991
-18 473.9814
-17 452.8192
-16 438.5233
-15 470.2397
-14 453.7577
-13 441.9069
-12 431.2921
-11 437.7671
-10 462.8089
-9 442.7523
-8 466.1133
-7 419.8672
-6 424.8687
-5 405.493
-4 384.6054
-3 362.9096
-2 368.3401
-1 357.7071
0 395.5081
1 400.4661
2 427.2871
3 389.5851
4 374.766
5 369.6317
6 364.4349
7 328.7343
8 336.8081
9 333.7971
10 323.9968
11 314.9994
12 313.4012
13 312.9385
14 314.3302
15 280.9822
16 273.6345
17 255.3248
18 255.1053
19 264.6495
20 272.4724
21 278.9153
22 276.1926
23 285.8943
24 272.1867
25 275.778
26 285.2307
27 289.9585
28 273.0937
29 268.877
30 275.1235
31 284.2753
32 269.611
33 255.852
34 252.8267
35 246.3706
36 264.5379
37 285.4221
38 278.8505
39 277.7276
40 281.9144
41 293.2332
42 281.8979
43 267.058
44 274.8246
45 281.2321
46 257.5984
47 288.7299
48 304.8765
49 289.8323
50 283.9682
51 306.5151
52 302.2906
53 318.5908
54 315.0082
55 297.6758
56 325.2266
57 326.8101
58 340.0557
59 340.6602
60 333.879
61 385.2041
62 388.0496
63 395.2029
64 408.4367
65 451.2388
66 455.5136
67 447.5264
68 462.5559
69 459.3486
70 500.018
71 490.6459
72 506.1906
73 545.7301
74 551.7242
75 603.0521
76 652.4905
77 647.408
78 693.4573
79 687.4098
80 732.8926
81 737.2701
82 774.0568
83 857.7051
84 887.337
85 943.5753
86 897.7925
87 907.6525
88 904.4372
89 946.4832
