-90 794.251
-89 791.5181
-88 819.9755
-87 824.3574
-86 865.2418
-85 904.6647
-84 924.231
-83 895.8506
-82 864.2626
-81 849.0457
-80 851.2754
-79 869.9141
-78 885.8453
-77 936.0366
-76 894.9321
-75 897.102
-74 860.1643
-73 873.629
-72 874.1984
-71 847.5424
-70 816.252
-69 749.86
-68 740.1582
-67 667.9427
-66 616.5564
-65 512.1
-64 478.8587
-63 467.9401
-62 473.3845
-61 434.1661
-60 431.4336
-59 417.6213
-58 409.3836
-57 407.9132
-56 364.9455
-55 327.639
-54 314.795
-53 287.6931
-52 267.8052
-51 268.1826
-50 267.9737
-49 268.7969
-48 256.826
-47 233.3322
-46 232.2465
-45 182.5383
-44 208.1242
-43 209.306
-42 208.9601
-41 179.4156
-40 186.1973
-39 201.7759
-38 171.9944
-37 187.1297
-36 189.8302
-35 171.8954
-34 171.7911
-33 160.1462
-32 157.2335
-31 160.1089
-30 159.7314
-29 134.0553
-28 137.0129
-27 130.9507
-26 137.3353
-25 142.3105
-24 144.8
-23 140.3997
-22 136.6778
-21 136.7411
-20 118.7617
-19 123.1781
-18 115.5785
-17 114.6519
-16 112.0192
-15 110.3121
-14 109.4133
-13 116.2311
-12 123.4016
-11 124.2519
-10 109.5772
-9 106.1899
-8 115.4686
-7 117.3606
-6 124.4324
-5 114.1173
-4 109.2451
-3 111.1847
-2 101.6795
-1 113.3782
0 101.7127
1 78.6301
2 83.7321
3 87.4967
4 81.5286
5 76.8256
6 92.9875
7 82.6953
8 87.104
9 96.7645
10 103.9304
11 94.4054
12 90.9241
13 106.6978
14 104.3389
15 93.6996
16 91.8875
17 95.6288
18 83.6607
19 85.4677
20 94.0812
21 95.6286
22 114.8071
23 125.7712
24 119.2297
25 125.0651
26 117.2758
27 120.0647
28 122.6022
29 116.7238
30 122.997
31 114.0319
32 115.8811
33 110.2353
34 129.6028
35 130.5771
36 138.4454
37 141.8109
38 150.666
39 159.5762
40 157.236
41 158.7748
42 142.3644
43 172.9016
44 146.5977
45 155.4273
46 144.5192
47 156.8451
48 151.3183
49 171.7275
50 187.6902
51 177.913
52 158.0696
53 168.8541
54 165.7628
55 181.2736
56 184.7496
57 178.5205
58 187.8493
59 208.481
60 212.7526
61 254.3452
62 240.4685
63 291.4219
64 275.9682
65 283.632
66 282.8907
67 297.8609
68 313.7194
69 324.409
70 357.0028
71 322.1036
72 341.489
73 376.8541
74 403.9986
75 447.3021
76 473.1808
77 555.224
78 550.6529
79 534.4084
80 539.5734
81 608.7903
82 620.5918
83 689.9094
84 674.115
85 683.8676
86 716.4478
87 740.2736
88 749.4053
89 792.3016
