-90 528.6401
-89 537.36
-88 596.0506
-87 636.87
-86 667.8438
-85 732.4656
-84 736.7412
-83 764.2208
-82 790.1733
-81 798.9515
-80 829.5425
-79 833.9854
-78 835.9549
-77 872.525
-76 836.6015
-75 864.6463
-74 938.3926
-73 943.3886
-72 926.3237
-71 917.4968
-70 876.6025
-69 877.9466
-68 891.2964
-67 878.8892
-66 837.2036
-65 803.7514
-64 786.8751
-63 800.7598
-62 788.299
-61 771.6584
-60 719.4645
-59 730.7419
-58 652.7474
-57 609.0593
-56 590.1044
-55 520.0623
-54 464.8781
-53 425.3062
-52 361.2357
-51 316.3543
-50 280.0039
-49 255.2716
-48 248.7466
-47 237.7506
-46 209.6655
-45 196.8272
-44 198.1099
-43 182.8693
-42 166.0067
-41 149.4825
-40 149.0875
-39 138.4222
-38 112.0392
-37 119.4457
-36 114.2745
-35 100.3934
-34 89.4749
-33 79.6886
-32 88.0577
-31 86.5605
-30 102.3891
-29 109.4379
-28 84.8617
-27 70.8731
-26 63.3803
-25 54.7312
-24 51.1912
-23 43.5522
-22 48.3918
-21 49.2408
-20 43.9073
-19 44.6073
-18 38.3176
-17 34.155
-16 34.4382
-15 26.7436
-14 32.7488
-13 32.1828
-12 38.8836
-11 45.7505
-10 41.5473
-9 45.5887
-8 55.5305
-7 50.7369
-6 42.4227
-5 38.6555
-4 43.5383
-3 40.2002
-2 37.9891
-1 35.951
0 35.073
1 36.8435
2 36.8912
3 28.9688
4 28.8647
5 26.6939
6 29.7199
7 29.6595
8 23.937
9 24.9484
10 29.7602
11 41.7022
12 39.0281
13 37.5502
14 28.4434
15 23.5426
16 28.7319
17 25.7851
18 29.0734
19 31.2493
20 33.9659
21 31.9452
22 32.3888
23 33.6455
24 33.7556
25 29.5296
26 31.1961
27 32.0268
28 25.9544
29 31.5403
30 34.0807
31 31.3216
32 34.8895
33 42.073
34 32.7871
35 35.3178
36 40.7628
37 41.5263
38 30.0745
39 36.6864
40 35.9194
41 41.4879
42 43.7604
43 38.9483
44 41.6657
45 47.6652
46 52.0727
47 48.4355
48 50.2788
49 49.9221
50 62.4701
51 62.0827
52 63.8389
53 66.0491
54 52.369
55 56.0373
56 61.4393
57 63.242
58 72.2891
59 72.8804
60 78.9354
61 87.2598
62 87.1508
63 100.7597
64 122.5075
65 119.616
66 119.9579
67 149.3882
68 139.7071
69 126.6627
70 135.5314
71 148.4261
72 170.6495
73 169.2645
74 192.2949
75 187.8196
76 233.2715
77 239.7718
78 253.2347
79 283.1994
80 241.6259
81 295.5341
82 327.0107
83 358.5555
84 390.0557
85 395.5059
86 451.7881
87 494.9175
88 541.5292
89 547.6564
