-90 1268.9822
-89 1171.4919
-88 1134.0626
-87 1158.4304
-86 1130.1841
-85 1077.7551
-84 1052.8849
-83 1073.4988
-82 935.9144
-81 895.9292
-80 837.9343
-79 825.3116
-78 832.3192
-77 837.0704
-76 766.9729
-75 767.1915
-74 754.1497
-73 680.584
-72 631.6926
-71 587.1087
-70 554.8007
-69 502.5517
-68 514.1671
-67 536.7714
-66 508.8772
-65 486.5748
-64 470.778
-63 415.8824
-62 372.6714
-61 343.7326
-60 306.9778
-59 292.682
-58 251.6082
-57 248.7398
-56 220.244
-55 201.6325
-54 178.3983
-53 167.5573
-52 151.8419
-51 135.7463
-50 119.8824
-49 128.0279
-48 125.0076
-47 116.5915
-46 117.4988
-45 109.036
-44 108.8282
-43 110.3173
-42 106.4035
-41 96.1413
-40 97.7552
-39 103.4746
-38 118.865
-37 119.3886
-36 112.768
-35 114.8603
-34 107.135
-33 105.146
-32 95.1632
-31 87.9711
-30 96.2967
-29 99.4971
-28 100.3682
-27 95.1042
-26 96.5428
-25 98.6236
-24 89.1881
-23 85.3125
-22 103.5302
-21 101.4943
-20 107.3008
-19 105.8289
-18 110.7392
-17 123.7688
-16 123.9629
-15 113.8592
-14 115.1242
-13 98.3402
-12 89.3345
-11 113.2655
-10 102.378
-9 110.6524
-8 91.176
-7 79.1269
-6 82.18
-5 100.972
-4 106.9951
-3 88.0974
-2 85.106
-1 95.0192
0 84.2169
1 90.0712
2 103.6797
3 120.2375
4 123.4096
5 124.0212
6 118.7717
7 125.5963
8 103.745
9 112.9024
10 109.6337
11 114.2057
12 116.1964
13 101.2482
14 110.9417
15 117.8533
16 107.8032
17 126.7537
18 130.9059
19 148.928
20 145.3096
21 138.3564
22 139.2141
23 133.5527
24 145.0615
25 144.9358
26 155.2509
27 176.4522
28 176.4377
29 180.1754
30 200.6461
31 210.2236
32 204.352
33 194.7818
34 178.3116
35 178.431
36 197.8503
37 179.4747
38 198.9264
39 205.2894
40 220.228
41 239.9493
42 249.1397
43 245.6245
44 276.4684
45 277.5838
46 278.4476
47 302.3858
48 332.0233
49 351.0469
50 359.4321
51 363.8531
52 410.847
53 397.1161
54 436.0972
55 432.874
56 468.8473
57 501.2293
58 538.4842
59 516.4547
60 543.5191
61 615.4521
62 658.3971
63 671.7311
64 741.3539
65 781.0551
66 813.5396
67 805.1774
68 844.4422
69 885.9512
70 910.9841
71 945.1782
72 991.5804
73 1089.687
74 1104.9421
75 1194.7367
76 1229.8113
77 1214.201
78 1265.891
79 1332.1873
80 1321.549
81 1396.7919
82 1477.7589
83 1495.1641
84 1464.1935
85 1407.13
86 1382.5352
87 1316.9222
88 1268.6417
89 1292.2692
