-90 2629.4209
-89 2573.4517
-88 2393.4468
-87 2390.6853
-86 2360.6265
-85 2215.7791
-84 2174.9072
-83 2126.2427
-82 2107.9485
-81 1996.2604
-80 1908.9277
-79 1877.6385
-78 1761.0491
-77 1735.6063
-76 1703.821
-75 1705.616
-74 1566.8408
-73 1480.8392
-72 1452.4572
-71 1372.269
-70 1326.3013
-69 1271.3759
-68 1177.6382
-67 1089.0348
-66 1048.7045
-65 936.5817
-64 882.2477
-63 829.4725
-62 796.6768
-61 736.1027
-60 690.1511
-59 641.0457
-58 558.3182
-57 533.5969
-56 483.5052
-55 409.8192
-54 425.7416
-53 378.7307
-52 376.5945
-51 350.952
-50 369.0139
-49 358.3119
-48 343.5598
-47 344.3577
-46 319.9647
-45 318.0292
-44 324.7584
-43 292.6566
-42 281.0998
-41 245.0545
-40 237.9446
-39 237.0537
-38 241.9218
-37 223.4752
-36 232.6419
-35 213.7811
-34 189.186
-33 167.0059
-32 167.1476
-31 176.7282
-30 160.5323
-29 157.6443
-28 159.9227
-27 161.0254
-26 162.8836
-25 141.4137
-24 149.1087
-23 145.4307
-22 136.3246
-21 139.794
-20 151.6298
-19 154.533
-18 147.2322
-17 166.5402
-16 187.5586
-15 180.3003
-14 153.2247
-13 161.5906
-12 161.2375
-11 157.7209
-10 156.0816
-9 164.4797
-8 180.9102
-7 177.8117
-6 192.1398
-5 188.3151
-4 185.4481
-3 192.9535
-2 196.0825
-1 197.7022
0 186.5646
1 210.3019
2 213.9733
3 199.2373
4 245.5687
5 268.1278
6 254.3263
7 255.6741
8 286.1195
9 267.787
10 288.1809
11 293.5593
12 289.3979
13 293.1961
14 320.7538
15 350.2245
16 375.6913
17 391.4085
18 405.9573
19 433.9293
20 467.6672
21 470.9886
22 494.8536
23 544.2103
24 562.5472
25 571.8375
26 592.3586
27 627.3132
28 680.5967
29 704.7899
30 753.2552
31 742.8378
32 750.2272
33 791.2296
34 827.5035
35 836.4611
36 928.6433
37 946.0671
38 987.5828
39 1033.2045
40 1077.7234
41 1159.1978
42 1225.6458
43 1231.864
44 1323.0587
45 1382.077
46 1379.7791
47 1441.5499
48 1461.9076
49 1509.0835
50 1580.8088
51 1585.6414
52 1633.9771
53 1663.5895
54 1796.6958
55 1870.8217
56 1949.8208
57 1985.3422
58 2067.4827
59 2124.0791
60 2232.9673
61 2251.7573
62 2252.3958
63 2285.3794
64 2315.9656
65 2313.5042
66 2392.4724
67 2413.8591
68 2506.6753
69 2542.3254
70 2560.0464
71 2614.2651
72 2610.4475
73 2697.2239
74 2734.4558
75 2735.2327
76 2739.9019
77 2813.8359
78 2818.2178
79 2780.7556
80 2781.6047
81 2776.6931
82 2709.3982
83 2748.2429
84 2698.3923
85 2717.895
86 2768.9333
87 2799.8245
88 2697.2693
89 2695.0015
