-90 406.4632
-89 430.1015
-88 461.2019
-87 455.3462
-86 489.6166
-85 526.7446
-84 570.4514
-83 585.8134
-82 598.8549
-81 628.8858
-80 662.4379
-79 717.5687
-78 774.1779
-77 744.1821
-76 795.5356
-75 849.934
-74 839.9896
-73 895.7712
-72 867.9767
-71 848.0078
-70 831.1076
-69 887.1891
-68 897.6584
-67 944.9965
-66 983.6161
-65 984.8618
-64 947.1286
-63 993.1538
-62 1031.6213
-61 1035.5217
-60 997.2813
-59 1043.6599
-58 1062.311
-57 1088.3539
-56 1023.0893
-55 1036.7832
-54 1012.2619
-53 1046.0659
-52 995.6866
-51 951.9077
-50 987.5787
-49 909.8806
-48 980.6006
-47 977.12
-46 948.6366
-45 966.7858
-44 913.6013
-43 942.8668
-42 873.9347
-41 832.6299
-40 816.594
-39 791.6058
-38 789.2609
-37 760.2123
-36 752.7021
-35 689.4351
-34 654.0645
-33 636.1616
-32 632.0881
-31 620.5931
-30 597.8219
-29 571.6771
-28 562.7933
-27 533.916
-26 500.3039
-25 489.9705
-24 443.7593
-23 390.9489
-22 378.5588
-21 362.515
-20 337.236
-19 315.8747
-18 311.6746
-17 284.7248
-16 278.9332
-15 287.7845
-14 264.0792
-13 241.1298
-12 224.0965
-11 197.1101
-10 182.103
-9 168.3764
-8 153.4377
-7 160.6726
-6 131.1668
-5 129.7984
-4 119.7658
-3 103.4488
-2 97.6393
-1 94.1444
0 94.557
1 83.9672
2 94.2201
3 100.9627
4 87.0388
5 80.1839
6 81.8477
7 76.0479
8 85.1975
9 96.3904
10 83.9199
11 74.7634
12 66.2249
13 81.5557
14 81.6088
15 66.7254
16 67.0614
17 77.2469
18 75.9164
19 69.1656
20 73.7579
21 84.1225
22 81.8195
23 74.1206
24 68.1216
25 63.615
26 61.1907
27 62.8912
28 67.7309
29 67.7049
30 70.8726
31 81.3944
32 83.1306
33 75.1057
34 69.5694
35 63.0356
36 65.32
37 79.3988
38 75.7917
39 67.041
40 57.8894
41 65.4842
42 73.156
43 67.7658
44 64.4186
45 67.5451
46 74.2668
47 86.7667
48 77.5421
49 79.8928
50 107.9157
51 102.6322
52 107.8127
53 116.5226
54 125.7545
55 128.0323
56 112.2203
57 111.6784
58 114.663
59 108.2669
60 110.5089
61 124.4953
62 116.7374
63 110.6033
64 116.9537
65 121.5682
66 125.248
67 133.586
68 126.187
69 141.5106
70 150.1171
71 154.5318
72 159.2554
73 189.5805
74 195.9206
75 232.6151
76 244.5301
77 289.3497
78 279.2024
79 260.4117
80 311.2518
81 290.9403
82 317.3714
83 308.4904
84 341.541
85 368.1172
86 357.3734
87 367.6024
88 378.6314
89 413.2829
