-90 702.2296
-89 709.8714
-88 711.7112
-87 736.3435
-86 770.3909
-85 841.4474
-84 842.8616
-83 849.4927
-82 862.8637
-81 860.6151
-80 882.3619
-79 890.2415
-78 910.5794
-77 898.1067
-76 846.3679
-75 829.3365
-74 892.7446
-73 831.811
-72 883.571
-71 880.6775
-70 913.2238
-69 893.1537
-68 856.0251
-67 851.8673
-66 845.9577
-65 810.4534
-64 817.397
-63 769.1736
-62 755.0854
-61 741.7247
-60 712.957
-59 763.9678
-58 708.3
-57 670.8963
-56 665.1064
-55 625.0811
-54 580.9523
-53 570.2094
-52 530.9532
-51 533.9578
-50 536.0866
-49 510.9236
-48 497.7023
-47 485.5544
-46 438.2141
-45 389.3269
-44 340.5935
-43 351.7518
-42 345.4812
-41 301.1767
-40 287.0907
-39 261.6915
-38 256.8763
-37 249.1779
-36 225.1569
-35 205.1163
-34 201.9572
-33 198.3222
-32 192.6735
-31 173.2331
-30 156.2552
-29 146.1426
-28 170.4487
-27 163.7016
-26 158.7416
-25 137.9087
-24 150.2452
-23 140.5882
-22 142.5028
-21 124.0798
-20 95.7827
-19 106.7693
-18 108.7677
-17 94.6382
-16 98.6414
-15 87.9126
-14 87.3071
-13 82.4094
-12 85.9206
-11 90.5139
-10 79.334
-9 98.0982
-8 85.2238
-7 80.9682
-6 94.4129
-5 82.0112
-4 75.3949
-3 71.1573
-2 71.9598
-1 70.3192
0 69.7869
1 71.704
2 74.1319
3 53.806
4 64.6712
5 61.5405
6 51.0647
7 41.4252
8 46.2624
9 49.6123
10 41.4741
11 49.4064
12 52.9115
13 48.8506
14 39.1158
15 42.1954
16 43.9629
17 44.7531
18 46.5014
19 43.8158
20 40.9728
21 41.5979
22 39.4441
23 35.0442
24 41.9435
25 41.3898
26 32.9155
27 28.0985
28 39.8398
29 38.6403
30 43.1844
31 44.5555
32 41.6572
33 46.3559
34 44.7227
35 40.6334
36 36.9589
37 45.0471
38 42.917
39 40.3528
40 37.4279
41 44.8271
42 40.9541
43 63.7407
44 69.8068
45 72.6029
46 69.7984
47 57.4947
48 65.6007
49 66.697
50 74.0548
51 73.731
52 70.9891
53 89.984
54 90.2884
55 92.1188
56 141.7364
57 147.0517
58 150.6076
59 169.95
60 195.9253
61 222.5013
62 238.9904
63 240.4352
64 273.8244
65 281.0889
66 298.3303
67 302.4281
68 318.5945
69 315.1842
70 306.3084
71 304.563
72 359.4543
73 352.0388
74 381.5102
75 409.9005
76 485.2586
77 479.0399
78 478.1009
79 462.9684
80 506.0386
81 509.0667
82 540.8126
83 543.8932
84 549.4542
85 566.2653
86 628.8985
87 651.6672
88 636.5403
89 645.0978
