-90 2134.0129
-89 2098.2605
-88 2147.0542
-87 2232.7651
-86 2177.3179
-85 2305.8816
-84 2412.6023
-83 2333.9377
-82 2280.8916
-81 2340.6851
-80 2290.5686
-79 2332.5095
-78 2263.4124
-77 2129.5208
-76 2032.5089
-75 1967.6182
-74 1920.505
-73 1934.2974
-72 1892.0439
-71 1777.5227
-70 1724.0994
-69 1662.9998
-68 1606.1487
-67 1578.6614
-66 1570.2896
-65 1404.6616
-64 1380.9628
-63 1216.0236
-62 1167.775
-61 1135.2552
-60 1045.9401
-59 1000.725
-58 939.1501
-57 925.4787
-56 899.3092
-55 845.5569
-54 837.4952
-53 825.6932
-52 799.3039
-51 737.7371
-50 673.8403
-49 672.9446
-48 689.9495
-47 634.5651
-46 597.224
-45 619.7145
-44 608.0415
-43 622.7761
-42 586.0604
-41 586.7277
-40 582.451
-39 545.2867
-38 538.9764
-37 525.184
-36 544.5753
-35 508.9377
-34 516.4153
-33 480.3894
-32 483.0273
-31 475.2466
-30 474.5927
-29 441.1584
-28 447.8916
-27 451.4666
-26 432.5247
-25 436.695
-24 442.9552
-23 393.2252
-22 406.6454
-21 408.2463
-20 397.101
-19 394.2279
-18 407.9007
-17 353.0468
-16 341.227
-15 347.1291
-14 337.2534
-13 339.8228
-12 340.8643
-11 322.0296
-10 303.7744
-9 292.1892
-8 290.7082
-7 261.4263
-6 302.6196
-5 284.9308
-4 257.7227
-3 251.2809
-2 237.2753
-1 240.434
0 240.5827
1 237.7894
2 237.737
3 225.389
4 243.2482
5 232.6244
6 228.4259
7 218.8248
8 207.3241
9 221.3741
10 207.3737
11 186.5932
12 185.377
13 181.7033
14 183.4416
15 188.1514
16 219.1369
17 208.1191
18 210.4262
19 199.5684
20 211.4734
21 209.5501
22 205.9863
23 224.4035
24 204.937
25 197.2787
26 202.2482
27 217.678
28 218.0513
29 237.8063
30 259.5156
31 255.6742
32 253.4542
33 256.6599
34 262.3795
35 272.9718
36 303.9386
37 323.2103
38 326.1243
39 331.5674
40 329.5376
41 355.5877
42 344.8954
43 340.4125
44 401.5306
45 414.7535
46 445.8522
47 418.9097
48 425.835
49 442.0584
50 457.0555
51 486.0595
52 456.1452
53 463.9975
54 538.3978
55 541.7585
56 531.8171
57 582.8621
58 620.5936
59 621.2578
60 678.975
61 715.829
62 727.9703
63 723.4091
64 765.7955
65 796.7583
66 817.097
67 826.637
68 846.0772
69 888.0732
70 920.0806
71 1015.6606
72 1054.6975
73 1090.8524
74 1118.7635
75 1161.5903
76 1241.4919
77 1334.6569
78 1341.9773
79 1465.6704
80 1630.7512
81 1614.0447
82 1768.9343
83 1805.4713
84 1875.1708
85 1956.0352
86 1994.8182
87 1999.2255
88 2048.5767
89 2139.0891
