-90 2163.4827
-89 2161.9941
-88 2082.9412
-87 1988.5741
-86 1917.6249
-85 1930.5198
-84 1812.957
-83 1800.5719
-82 1683.2413
-81 1661.819
-80 1619.3463
-79 1606.7911
-78 1524.4835
-77 1441.589
-76 1368.678
-75 1275.577
-74 1259.6122
-73 1097.59
-72 1090.0068
-71 1076.438
-70 1037.0214
-69 966.4637
-68 911.6401
-67 832.9866
-66 823.197
-65 803.944
-64 771.2067
-63 755.702
-62 678.4022
-61 624.1678
-60 581.7619
-59 554.0495
-58 516.2471
-57 450.9523
-56 418.9943
-55 421.3739
-54 400.9487
-53 378.9443
-52 372.8908
-51 370.1019
-50 330.5499
-49 322.55
-48 290.4914
-47 267.4787
-46 251.7081
-45 240.7212
-44 225.3548
-43 258.3659
-42 233.684
-41 200.8082
-40 208.4477
-39 220.2316
-38 191.7771
-37 186.1303
-36 180.5746
-35 175.2191
-34 153.9559
-33 164.3803
-32 153.3027
-31 152.8863
-30 168.9725
-29 143.4472
-28 139.1195
-27 143.2561
-26 144.0335
-25 147.6427
-24 161.9188
-23 154.6847
-22 159.2926
-21 141.9367
-20 140.2954
-19 136.8926
-18 139.2666
-17 123.5636
-16 123.6478
-15 117.4063
-14 127.8016
-13 117.3026
-12 136.1009
-11 125.1437
-10 109.4224
-9 97.4738
-8 120.217
-7 116.4795
-6 122.388
-5 127.0311
-4 128.824
-3 129.0753
-2 120.8138
-1 129.5275
0 136.0541
1 144.599
2 143.1326
3 134.9011
4 143.5597
5 139.1962
6 145.617
7 150.4939
8 153.816
9 150.3895
10 154.5739
11 157.954
12 152.7598
13 158.9658
14 166.9213
15 175.2644
16 174.9242
17 196.1308
18 192.8874
19 195.5251
20 210.598
21 213.5907
22 207.7541
23 224.2495
24 227.8739
25 220.884
26 230.0172
27 238.8894
28 248.8436
29 268.2838
30 289.5178
31 276.9186
32 281.7801
33 309.3591
34 295.4198
35 327.8353
36 367.2131
37 394.2509
38 441.2284
39 444.0909
40 459.2821
41 473.3216
42 533.6912
43 530.4039
44 539.6405
45 555.7884
46 594.2634
47 652.5488
48 649.1639
49 695.2359
50 713.6761
51 753.9144
52 756.6115
53 785.9234
54 830.062
55 866.1541
56 904.7972
57 994.5017
58 1048.4564
59 1098.6456
60 1171.1903
61 1270.1373
62 1383.4403
63 1501.9968
64 1569.844
65 1664.0988
66 1819.1335
67 1903.6426
68 1967.5516
69 1947.6396
70 1980.2267
71 1990.3544
72 2021.7528
73 2166.5095
74 2131.425
75 2176.6592
76 2243.6736
77 2186.98
78 2215.6985
79 2220.6318
80 2170.6077
81 2172.2349
82 2151.135
83 2173.1423
84 2248.0964
85 2227.177
86 2239.6104
87 2232.6919
88 2198.2495
89 2230.2483
