-90 884.8529
-89 921.3091
-88 963.7092
-87 1002.8239
-86 991.7494
-85 1037.4545
-84 1077.6533
-83 1026.9424
-82 1112.1355
-81 1085.4875
-80 1022.5988
-79 1056.6722
-78 1047.3202
-77 1046.7103
-76 961.8119
-75 958.167
-74 958.52
-73 969.1194
-72 985.6064
-71 964.4276
-70 912.1627
-69 877.1638
-68 913.5314
-67 886.6124
-66 791.0495
-65 766.1016
-64 747.6627
-63 716.6376
-62 729.9018
-61 711.4319
-60 665.043
-59 654.79
-58 646.254
-57 607.7752
-56 574.0099
-55 596.3577
-54 545.2055
-53 550.3209
-52 576.1495
-51 495.355
-50 486.9026
-49 459.7195
-48 439.3536
-47 429.9114
-46 400.5879
-45 393.8731
-44 365.1983
-43 354.5495
-42 333.2193
-41 343.5172
-40 355.8383
-39 362.7036
-38 360.8076
-37 340.1485
-36 311.6327
-35 321.173
-34 313.4533
-33 321.3598
-32 291.8195
-31 274.5345
-30 238.4511
-29 235.5502
-28 241.5135
-27 252.8668
-26 236.2348
-25 230.2353
-24 222.1133
-23 213.9463
-22 212.9885
-21 195.1363
-20 206.3728
-19 190.2177
-18 180.6936
-17 169.9558
-16 145.2994
-15 150.7092
-14 144.1485
-13 138.067
-12 119.2645
-11 119.8643
-10 89.2857
-9 96.2429
-8 110.577
-7 116.4276
-6 99.1986
-5 92.9918
-4 104.9527
-3 120.5259
-2 128.9151
-1 115.4616
0 115.1737
1 117.6474
2 120.3644
3 112.3669
4 117.3361
5 98.731
6 89.8159
7 71.0027
8 81.483
9 83.2764
10 69.9922
11 68.2912
12 61.0437
13 63.5864
14 82.8295
15 66.6721
16 63.8563
17 82.5843
18 78.0886
19 70.3397
20 71.476
21 72.9875
22 63.043
23 61.8081
24 73.5129
25 78.5043
26 73.4098
27 72.3656
28 80.9968
29 89.6305
30 91.771
31 81.6213
32 84.5444
33 83.5185
34 88.2631
35 81.1838
36 77.1466
37 72.7172
38 78.1387
39 88.5612
40 90.1178
41 91.3277
42 87.0458
43 110.6494
44 110.1938
45 113.6746
46 114.1059
47 99.6861
48 103.646
49 98.9948
50 106.1117
51 110.815
52 106.4273
53 115.6132
54 124.1226
55 123.4977
56 124.6446
57 138.1792
58 141.4617
59 150.8191
60 161.6347
61 163.0134
62 161.3691
63 191.0063
64 198.4202
65 216.1886
66 242.5484
67 267.1828
68 291.1998
69 352.6382
70 340.6552
71 365.813
72 375.0918
73 420.4889
74 479.3129
75 496.461
76 505.8937
77 517.4418
78 577.8657
79 636.9578
80 710.3745
81 712.1255
82 742.7701
83 794.4799
84 793.2737
85 835.4392
86 791.6412
87 840.0667
88 878.2465
89 892.9196
