-90 2332.1021
-89 2436.1121
-88 2468.6924
-87 2505.9822
-86 2412.8955
-85 2484.7026
-84 2482.1423
-83 2500.7666
-82 2472.3696
-81 2457.9189
-80 2421.447
-79 2344.9055
-78 2310.0024
-77 2182.2263
-76 2183.5059
-75 2153.9978
-74 2109.9705
-73 2053.9827
-72 1886.891
-71 1871.7238
-70 1785.078
-69 1736.5651
-68 1729.1921
-67 1609.5032
-66 1522.329
-65 1449.3567
-64 1427.6274
-63 1347.2139
-62 1337.6818
-61 1302.3175
-60 1312.6807
-59 1236.4363
-58 1178.8822
-57 1090.3038
-56 1045.9092
-55 964.8721
-54 857.0318
-53 863.5494
-52 859.2341
-51 751.7624
-50 717.1216
-49 657.3081
-48 606.739
-47 572.1357
-46 548.7144
-45 529.1935
-44 517.0969
-43 479.8131
-42 505.9068
-41 450.0254
-40 393.5717
-39 391.3672
-38 373.5119
-37 353.3808
-36 354.511
-35 311.2754
-34 305.4525
-33 278.1563
-32 268.3647
-31 238.5628
-30 224.5279
-29 256.9355
-28 246.6297
-27 223.6167
-26 229.5553
-25 208.3864
-24 186.2085
-23 170.2463
-22 161.0741
-21 170.8273
-20 159.4793
-19 160.1306
-18 149.5957
-17 161.1923
-16 136.4684
-15 138.0465
-14 143.096
-13 140.6772
-12 130.8031
-11 111.3595
-10 99.503
-9 91.917
-8 109.1454
-7 82.2855
-6 76.295
-5 94.3914
-4 83.1299
-3 84.6709
-2 88.8233
-1 82.8739
0 69.8725
1 71.1923
2 70.71
3 63.4898
4 68.1856
5 82.1092
6 73.1803
7 85.9028
8 100.3154
9 95.8044
10 99.5154
11 84.2705
12 77.5182
13 82.2157
14 81.7683
15 81.0611
16 64.34
17 79.364
18 75.576
19 79.707
20 81.3516
21 72.2523
22 78.669
23 77.4309
24 79.291
25 82.6927
26 73.3667
27 77.4051
28 67.5286
29 71.3817
30 75.4964
31 93.7563
32 73.8304
33 88.597
34 102.5476
35 108.2664
36 110.1735
37 109.7498
38 114.0617
39 111.7743
40 114.683
41 111.5964
42 133.7728
43 131.4648
44 116.1016
45 147.2451
46 163.5017
47 170.9898
48 176.0423
49 206.4461
50 224.5583
51 260.6726
52 253.127
53 272.7516
54 289.0968
55 311.2862
56 305.8874
57 314.3136
58 352.3588
59 398.1344
60 418.9691
61 435.298
62 461.1652
63 512.8065
64 579.7368
65 630.8744
66 722.9246
67 776.212
68 840.6454
69 932.4523
70 1015.0229
71 1071.3313
72 1147.0936
73 1222.8882
74 1350.4467
75 1367.1615
76 1484.606
77 1560.1025
78 1714.6892
79 1694.4905
80 1803.9385
81 1884.7635
82 1962.4725
83 2072.0654
84 2077.9668
85 2150.5259
86 2170.6274
87 2348.165
88 2280.1191
89 2288.4548
