-90 1062.7728
-89 1063.4237
-88 1042.2747
-87 967.5879
-86 984.7205
-85 920.7666
-84 915.6761
-83 873.351
-82 858.265
-81 860.8497
-80 827.4677
-79 836.4355
-78 823.2728
-77 838.533
-76 724.5601
-75 699.7929
-74 675.804
-73 714.1617
-72 642.3743
-71 571.9279
-70 515.8616
-69 501.289
-68 495.2731
-67 487.0701
-66 512.0508
-65 490.738
-64 460.1111
-63 409.7502
-62 417.1197
-61 379.8698
-60 362.0768
-59 356.8414
-58 316.4302
-57 306.7888
-56 335.5047
-55 329.5789
-54 355.6486
-53 324.4933
-52 322.9458
-51 302.3711
-50 257.4163
-49 260.6076
-48 249.3592
-47 230.1332
-46 219.7897
-45 228.1128
-44 229.5902
-43 205.5205
-42 171.3076
-41 181.4782
-40 187.2192
-39 157.3575
-38 165.0996
-37 157.9742
-36 142.407
-35 143.7122
-34 149.0901
-33 156.5572
-32 151.916
-31 144.8168
-30 130.3501
-29 128.2465
-28 123.0878
-27 123.1066
-26 115.8587
-25 116.1178
-24 109.667
-23 114.0022
-22 95.1655
-21 105.1811
-20 104.108
-19 112.4898
-18 101.7465
-17 99.1117
-16 107.4291
-15 111.4856
-14 100.6955
-13 96.9452
-12 93.072
-11 91.5911
-10 113.2581
-9 100.7919
-8 117.3445
-7 107.856
-6 131.0203
-5 128.8498
-4 129.4678
-3 123.0749
-2 117.1558
-1 130.1964
0 118.0996
1 120.8523
2 109.9678
3 91.0648
4 104.0243
5 102.2285
6 104.3051
7 111.5864
8 110.9824
9 105.493
10 100.5724
11 97.397
12 92.2349
13 104.4034
14 94.7592
15 94.2897
16 91.3324
17 91.8954
18 90.7125
19 88.0779
20 112.3967
21 100.9604
22 100.6177
23 107.5648
24 107.2318
25 109.6082
26 92.5996
27 105.7906
28 102.6978
29 109.2378
30 102.7852
31 109.7688
32 102.6674
33 108.4101
34 120.3493
35 139.5798
36 156.0902
37 128.1938
38 146.3995
39 153.8811
40 152.4278
41 151.963
42 154.5903
43 151.4608
44 164.2837
45 154.3008
46 158.4052
47 166.5837
48 205.5481
49 199.9084
50 209.77
51 215.5991
52 254.2385
53 271.6353
54 280.6977
55 287.6743
56 321.3119
57 353.3618
58 379.112
59 411.918
60 407.767
61 410.9989
62 433.6121
63 460.8585
64 449.9867
65 494.7987
66 522.232
67 606.5706
68 633.4412
69 695.8519
70 788.397
71 855.7071
72 853.2689
73 836.9649
74 831.5958
75 904.4436
76 890.8316
77 887.9094
78 889.0189
79 920.8393
80 923.357
81 902.3121
82 885.445
83 906.6873
84 968.5192
85 910.2141
86 942.6082
87 987.5891
88 1031.9319
89 1019.271
