-90 4949.7227
-89 5311.1245
-88 5489.7256
-87 5566.2207
-86 5655.6636
-85 5660.8262
-84 5658.23
-83 5517.4653
-82 5452.7178
-81 5295.1558
-80 5135.3442
-79 4952.7842
-78 4769.7642
-77 4556.0181
-76 4372.4521
-75 4175.9468
-74 4006.9666
-73 3859.085
-72 3667.4636
-71 3432.9312
-70 3018.8574
-69 2911.325
-68 2712.4653
-67 2570.9763
-66 2338.7056
-65 2071.1125
-64 1927.2443
-63 1761.7605
-62 1633.8759
-61 1481.08
-60 1346.3635
-59 1199.2374
-58 1010.0768
-57 939.5949
-56 894.7034
-55 793.1855
-54 692.5497
-53 601.1638
-52 539.114
-51 461.4227
-50 407.3599
-49 410.3942
-48 356.8313
-47 322.5613
-46 307.074
-45 300.2158
-44 322.8368
-43 322.6657
-42 291.4539
-41 302.5054
-40 300.8954
-39 272.5439
-38 234.7006
-37 231.4633
-36 205.9576
-35 161.5546
-34 142.6496
-33 153.0477
-32 145.9797
-31 134.1949
-30 125.9451
-29 115.4002
-28 124.2945
-27 107.6524
-26 81.9641
-25 58.6948
-24 56.1173
-23 51.4873
-22 52.5254
-21 45.3288
-20 48.8676
-19 37.6774
-18 36.8165
-17 38.363
-16 41.0156
-15 42.2683
-14 28.8929
-13 30.58
-12 31.657
-11 34.887
-10 34.813
-9 27.856
-8 23.5689
-7 26.7334
-6 30.1007
-5 37.2664
-4 29.5907
-3 31.5914
-2 37.9501
-1 38.135
0 35.0224
1 30.2644
2 33.1813
3 27.644
4 26.1145
5 34.0613
6 33.9327
7 31.304
8 26.8365
9 36.0818
10 41.3369
11 37.6574
12 35.0605
13 35.781
14 34.1809
15 35.3934
16 36.5109
17 33.8439
18 24.2079
19 27.9911
20 21.6634
21 25.8493
22 33.5091
23 28.8486
24 29.3095
25 43.0335
26 28.3512
27 35.8583
28 38.8612
29 37.4986
30 41.7314
31 44.9855
32 40.1633
33 44.3345
34 43.8584
35 48.0393
36 53.5235
37 49.3589
38 45.9805
39 44.6469
40 53.2966
41 60.8011
42 62.9904
43 60.9343
44 62.2983
45 71.7884
46 92.1593
47 92.8235
48 105.693
49 95.6459
50 92.3841
51 95.5087
52 118.2671
53 131.9965
54 156.7042
55 178.0483
56 196.6373
57 213.1846
58 251.0393
59 263.1231
60 340.5495
61 366.1104
62 393.5936
63 415.2263
64 456.4709
65 506.9329
66 631.4562
67 705.5273
68 799.2949
69 858.8189
70 951.3834
71 1012.7816
72 1098.551
73 1313.6115
74 1520.271
75 1722.5392
76 1859.5298
77 2077.6868
78 2310.9993
79 2631.4578
80 2719.113
81 3005.425
82 3144.4009
83 3232.3479
84 3348.1145
85 3586.4038
86 3844.7939
87 4160.9282
88 4389.9004
89 4715.5
