-90 4582.333
-89 4781.1934
-88 4831.8682
-87 4840.8726
-86 4744.8828
-85 4592.1943
-84 4598.2539
-83 4494.0342
-82 4344.1958
-81 4283.8818
-80 4239.7847
-79 4146.4131
-78 3893.6326
-77 3775.8418
-76 3637.199
-75 3580.8904
-74 3426.1594
-73 3212.6438
-72 3099.4646
-71 3001.0637
-70 2875.6953
-69 2538.3674
-68 2333.5273
-67 2129.7007
-66 1968.7754
-65 1724.5963
-64 1573.4376
-63 1340.3419
-62 1218.484
-61 1071.4053
-60 996.8216
-59 853.6759
-58 759.5659
-57 692.8329
-56 629.3014
-55 611.8928
-54 526.3257
-53 435.7224
-52 377.5985
-51 366.0479
-50 345.9007
-49 274.0949
-48 261.8542
-47 234.2141
-46 188.9724
-45 190.4546
-44 191.5006
-43 152.7536
-42 135.5952
-41 122.5463
-40 105.9409
-39 94.6542
-38 86.4114
-37 79.9813
-36 66.2921
-35 59.0565
-34 58.0938
-33 51.251
-32 59.827
-31 46.0148
-30 44.5485
-29 35.9435
-28 29.8103
-27 32.2437
-26 25.9045
-25 26.1857
-24 26.2526
-23 29.0082
-22 29.8404
-21 23.8986
-20 23.4359
-19 28.5803
-18 24.0948
-17 24.805
-16 26.7235
-15 27.045
-14 20.3075
-13 16.0159
-12 14.7579
-11 22.7084
-10 22.8808
-9 27.1076
-8 23.7437
-7 26.9506
-6 30.8937
-5 34.1805
-4 23.298
-3 26.3555
-2 27.0358
-1 28.0579
0 24.8282
1 18.3579
2 13.8859
3 18.5807
4 16.3134
5 9.9476
6 14.6545
7 16.594
8 11.9705
9 10.0092
10 7.9671
11 11.998
12 15.676
13 14.2463
14 11.9561
15 16.2465
16 12.6695
17 11.8305
18 16.6292
19 12.6013
20 15.067
21 13.4047
22 15.7088
23 17.4557
24 15.5483
25 14.7465
26 22.6762
27 27.8907
28 26.2273
29 23.284
30 24.2374
31 28.8571
32 29.6114
33 28.3764
34 34.031
35 25.6017
36 34.156
37 28.8088
38 33.4267
39 44.7186
40 50.8196
41 50.0997
42 39.5788
43 41.9472
44 45.1924
45 55.903
46 56.4885
47 73.4956
48 82.2207
49 83.1482
50 94.7071
51 94.5228
52 121.0985
53 135.3138
54 165.6452
55 191.7395
56 198.1404
57 199.4278
58 225.7928
59 239.1322
60 260.5733
61 273.8573
62 354.9209
63 426.7711
64 462.9265
65 480.5825
66 581.4948
67 707.7831
68 764.7493
69 860.4578
70 1026.0728
71 1140.3809
72 1282.3667
73 1465.7063
74 1610.39
75 1747.6079
76 1883.719
77 2117.7932
78 2338.7375
79 2661.3115
80 2973.5327
81 3197.5789
82 3370.1938
83 3425.0681
84 3550.2512
85 3593.3982
86 3783.906
87 4011.9971
88 4212.3462
89 4503.939
