-90 1350.7845
-89 1477.8134
-88 1561.6666
-87 1504.5533
-86 1456.8157
-85 1490.321
-84 1512.2037
-83 1482.4009
-82 1543.7906
-81 1578.0961
-80 1608.7084
-79 1590.9747
-78 1525.3655
-77 1466.5812
-76 1429.5613
-75 1409.5342
-74 1358.5266
-73 1335.4799
-72 1322.9252
-71 1200.9827
-70 1176.9409
-69 1140.8464
-68 1123.3347
-67 1072.2393
-66 1020.6275
-65 978.9194
-64 859.9724
-63 767.5697
-62 802.5072
-61 777.0021
-60 764.6854
-59 726.3637
-58 669.7795
-57 676.5248
-56 655.3964
-55 625.3271
-54 616.1978
-53 544.0205
-52 517.7955
-51 505.1866
-50 463.7808
-49 458.3575
-48 470.4589
-47 421.6418
-46 423.3788
-45 410.1898
-44 378.1494
-43 355.812
-42 303.0029
-41 280.7094
-40 254.8999
-39 232.115
-38 221.3523
-37 226.7669
-36 233.5946
-35 208.9315
-34 207.7558
-33 207.8828
-32 179.6161
-31 177.432
-30 177.4607
-29 179.5886
-28 174.8765
-27 155.9471
-26 139.0688
-25 143.982
-24 139.5765
-23 124.9129
-22 118.5876
-21 106.2282
-20 102.0032
-19 105.3805
-18 115.7546
-17 111.8262
-16 114.6205
-15 122.9904
-14 105.9635
-13 102.3605
-12 112.2478
-11 102.4361
-10 102.2968
-9 107.0542
-8 97.2965
-7 117.3212
-6 111.4271
-5 95.7775
-4 78.0774
-3 95.5871
-2 83.104
-1 89.2674
0 96.2951
1 105.4439
2 89.4556
3 76.5804
4 75.7121
5 82.6929
6 79.301
7 91.3124
8 82.629
9 89.2065
10 77.0069
11 78.2543
12 66.5341
13 72.3395
14 74.462
15 62.3618
16 72.0286
17 72.3563
18 69.7874
19 64.1931
20 69.321
21 76.2793
22 81.2458
23 88.1869
24 85.6031
25 78.7817
26 83.0269
27 84.2585
28 84.8417
29 92.225
30 100.8344
31 108.6324
32 117.0767
33 109.2332
34 117.1012
35 124.5226
36 125.1016
37 125.5869
38 137.7082
39 133.0984
40 147.9253
41 156.3371
42 167.2378
43 168.351
44 175.6708
45 183.053
46 181.6994
47 213.9694
48 222.8487
49 235.9408
50 230.4256
51 224.2346
52 237.8848
53 261.2877
54 254.9026
55 272.5455
56 278.8434
57 307.2204
58 284.3202
59 327.4752
60 320.1725
61 357.4691
62 374.4835
63 418.0104
64 435.6265
65 465.3076
66 482.1391
67 494.3576
68 548.6067
69 573.7048
70 602.3749
71 643.0043
72 693.2249
73 771.1625
74 848.7966
75 853.8896
76 797.3382
77 847.8901
78 934.4238
79 1001.2548
80 1051.1753
81 1109.7748
82 1102.6753
83 1127.5647
84 1277.5316
85 1369.9716
86 1368.6958
87 1355.8584
88 1325.8787
89 1339.0072
