-90 907.3692
-89 918.1594
-88 937.0179
-87 966.4322
-86 918.0303
-85 972.2974
-84 991.8841
-83 927.1061
-82 932.3264
-81 948.4896
-80 970.8624
-79 985.3885
-78 986.9293
-77 986.9119
-76 992.4192
-75 951.7795
-74 960.1841
-73 950.2673
-72 976.1172
-71 928.3842
-70 921.2172
-69 884.1902
-68 841.2523
-67 854.0204
-66 857.9545
-65 872.0909
-64 892.8818
-63 929.942
-62 912.2757
-61 895.8376
-60 836.7905
-59 790.7124
-58 780.1032
-57 732.8961
-56 646.8343
-55 629.4123
-54 633.9739
-53 586.0492
-52 551.6127
-51 573.9995
-50 519.6253
-49 497.8462
-48 451.709
-47 453.5647
-46 458.1984
-45 447.027
-44 473.1919
-43 413.1926
-42 377.2279
-41 365.8604
-40 355.2274
-39 360.2665
-38 346.9341
-37 352.4078
-36 321.3978
-35 299.9697
-34 283.3698
-33 280.0952
-32 233.7128
-31 238.1094
-30 233.5033
-29 238.1861
-28 229.4953
-27 246.5407
-26 215.364
-25 204.7217
-24 187.3768
-23 181.3232
-22 191.4946
-21 185.6671
-20 172.1896
-19 159.255
-18 174.1083
-17 170.1123
-16 176.7961
-15 164.6741
-14 179.0204
-13 169.804
-12 162.641
-11 164.52
-10 164.5088
-9 153.4758
-8 150.6344
-7 141.7451
-6 141.8354
-5 136.4745
-4 126.9664
-3 132.118
-2 137.6916
-1 140.1682
0 138.0294
1 126.0223
2 127.2005
3 142.9297
4 143.6404
5 161.556
6 147.6341
7 148.8438
8 174.6856
9 166.1665
10 160.7921
11 149.0785
12 135.9675
13 137.24
14 114.9244
15 127.4372
16 143.1612
17 157.1338
18 164.4814
19 169.9038
20 138.0805
21 148.7971
22 150.6622
23 161.3903
24 145.1443
25 137.1418
26 142.5253
27 139.7348
28 127.3515
29 154.3418
30 160.6958
31 159.8151
32 142.9731
33 136.9763
34 147.2751
35 155.0502
36 148.3544
37 151.1978
38 179.1702
39 189.2743
40 202.3969
41 206.1392
42 187.4015
43 193.7913
44 211.8879
45 208.6438
46 252.6709
47 239.5109
48 231.1866
49 232.9997
50 267.614
51 273.8284
52 264.266
53 289.5281
54 311.7652
55 339.1718
56 360.0984
57 399.8984
58 426.9397
59 444.0841
60 452.1414
61 441.2845
62 451.3362
63 459.7522
64 508.9689
65 528.4559
66 539.5909
67 574.6696
68 604.3803
69 601.989
70 668.2573
71 631.9366
72 649.7771
73 665.9265
74 687.0237
75 705.2261
76 755.8265
77 743.8957
78 758.2899
79 800.7217
80 863.7815
81 864.3091
82 827.9051
83 838.2644
84 874.9835
85 881.7449
86 896.2887
87 865.9171
88 911.1683
89 854.2822
