-90 390.8478
-89 384.9218
-88 367.511
-87 375.4041
-86 341.8826
-85 351.7607
-84 341.7061
-83 337.0617
-82 324.2484
-81 358.1103
-80 351.0476
-79 336.0662
-78 305.8242
-77 323.5574
-76 282.632
-75 262.502
-74 254.6889
-73 251.2257
-72 267.2964
-71 293.73
-70 285.2863
-69 331.2961
-68 305.0618
-67 302.2482
-66 255.3426
-65 271.5403
-64 248.4817
-63 255.1682
-62 265.999
-61 252.2823
-60 238.8931
-59 230.2252
-58 242.8221
-57 278.321
-56 280.6323
-55 261.4429
-54 291.0932
-53 260.4891
-52 243.7061
-51 255.0099
-50 261.2323
-49 254.9137
-48 235.5735
-47 221.4798
-46 220.1969
-45 204.3624
-44 211.1592
-43 188.0199
-42 212.3011
-41 190.8745
-40 192.8261
-39 193.3371
-38 190.2495
-37 175.2725
-36 168.1292
-35 182.2468
-34 209.4086
-33 209.7854
-32 213.3545
-31 188.1042
-30 185.1616
-29 177.181
-28 157.7647
-27 176.9252
-26 174.1836
-25 165.1145
-24 158.8311
-23 153.875
-22 157.4365
-21 139.3378
-20 141.1768
-19 143.7326
-18 146.3218
-17 149.7484
-16 157.0796
-15 145.5323
-14 137.4511
-13 126.3585
-12 138.5189
-11 125.8237
-10 141.2309
-9 155.0924
-8 168.6268
-7 155.3425
-6 154.2391
-5 157.4276
-4 174.4195
-3 176.0021
-2 188.2741
-1 178.4846
0 184.711
1 190.9754
2 178.0255
3 173.232
4 161.0389
5 173.2432
6 184.2471
7 181.6981
8 173.2755
9 174.8233
10 183.6259
11 182.8378
12 186.0403
13 198.7601
14 197.8785
15 190.5079
16 184.6526
17 211.2563
18 204.3315
19 213.3067
20 202.9525
21 208.4367
22 213.7119
23 222.5028
24 217.0885
25 222.324
26 208.9422
27 204.1239
28 202.5165
29 209.7659
30 218.6155
31 219.6455
32 197.9153
33 200.4745
34 210.2565
35 204.0665
36 198.7187
37 216.7369
38 219.8159
39 233.543
40 247.8649
41 255.7141
42 256.2895
43 274.1588
44 290.7054
45 260.9816
46 261.2274
47 262.6709
48 263.5181
49 266.7724
50 272.0356
51 261.9431
52 256.6274
53 270.8414
54 287.8655
55 294.4916
56 286.9077
57 310.5547
58 314.1114
59 336.2437
60 351.8425
61 337.7854
62 341.8038
63 339.2419
64 314.8106
65 345.2082
66 346.7793
67 375.4733
68 428.6851
69 411.0931
70 373.5518
71 388.7042
72 416.1588
73 418.515
74 444.5237
75 455.9199
76 469.1626
77 426.2329
78 418.7949
79 444.1271
80 445.027
81 441.6626
82 454.1709
83 467.4462
84 459.0782
85 448.6566
86 492.2473
87 435.4078
88 424.9432
89 376.5267
