-90 1326.0018
-89 1335.2806
-88 1318.8856
-87 1348.2269
-86 1346.4026
-85 1394.8668
-84 1434.2596
-83 1480.8452
-82 1521.6919
-81 1595.5468
-80 1666.7865
-79 1711.2802
-78 1655.4769
-77 1659.8694
-76 1676.2367
-75 1750.7407
-74 1697.0662
-73 1643.408
-72 1742.4222
-71 1708.2484
-70 1721.6451
-69 1704.6284
-68 1640.1871
-67 1638.2368
-66 1632.9312
-65 1642.3921
-64 1562.4135
-63 1529.5029
-62 1544.6615
-61 1491.6849
-60 1451.6433
-59 1474.3362
-58 1346.2782
-57 1296.2684
-56 1318.4008
-55 1285.5892
-54 1305.5383
-53 1188.129
-52 1139.8104
-51 1099.386
-50 1127.2693
-49 1122.7435
-48 1100.0692
-47 1029.0471
-46 971.9272
-45 972.1588
-44 930.6265
-43 898.5389
-42 829.757
-41 769.1832
-40 783.3604
-39 736.0959
-38 719.1936
-37 715.3791
-36 696.1217
-35 664.2237
-34 682.4466
-33 650.2078
-32 637.2774
-31 667.1826
-30 646.6248
-29 629.8207
-28 628.5714
-27 585.7933
-26 575.4517
-25 531.391
-24 533.4962
-23 530.2025
-22 528.4509
-21 543.0699
-20 505.7164
-19 492.5551
-18 490.1992
-17 510.3575
-16 522.1705
-15 504.7648
-14 470.8751
-13 453.2245
-12 464.5997
-11 434.9817
-10 456.9449
-9 460.7755
-8 465.6165
-7 451.0768
-6 468.3264
-5 442.67
-4 448.3552
-3 427.3463
-2 411.9788
-1 415.8366
0 413.2407
1 430.5341
2 430.5938
3 454.8171
4 440.8763
5 439.7833
6 438.072
7 394.0076
8 383.4489
9 394.6586
10 383.127
11 367.7101
12 353.1946
13 368.341
14 412.8587
15 406.075
16 387.9331
17 394.2858
18 397.1404
19 390.2358
20 402.2313
21 389.1214
22 418.9557
23 398.7783
24 382.3085
25 364.758
26 366.0931
27 340.7491
28 366.5694
29 374.5349
30 358.8055
31 382.113
32 382.8953
33 378.6496
34 377.4285
35 380.7159
36 412.468
37 413.4391
38 395.0778
39 398.5695
40 435.1807
41 450.0115
42 443.2202
43 474.5309
44 499.6793
45 517.6672
46 529.9199
47 544.4741
48 509.9568
49 533.6436
50 551.4432
51 520.157
52 565.3524
53 592.9426
54 645.2563
55 678.7274
56 726.272
57 707.8745
58 720.5454
59 785.5201
60 809.2303
61 815.0555
62 845.0274
63 827.7569
64 868.22
65 903.7138
66 918.9946
67 894.4303
68 935.1807
69 936.8376
70 981.4873
71 942.0828
72 944.0337
73 954.8809
74 997.2067
75 1022.2896
76 1034.2172
77 1061.5641
78 1091.9039
79 1121.9404
80 1096.9365
81 1140.8556
82 1143
83 1180.8846
84 1192.6918
85 1190.842
86 1210.9001
87 1270.2109
88 1281.3311
89 1283.6317
