-90 1428.4966
-89 1437.5134
-88 1429.9021
-87 1461.7858
-86 1489.6201
-85 1513.6011
-84 1512.3956
-83 1477.9496
-82 1541.3572
-81 1486.7517
-80 1419.6863
-79 1389.6384
-78 1344.9487
-77 1348.9272
-76 1317.2932
-75 1289.8121
-74 1302.2648
-73 1257.1334
-72 1267.9043
-71 1258.6799
-70 1223.7214
-69 1281.6194
-68 1190.4924
-67 1126.3275
-66 1097.8815
-65 1080.0818
-64 1050.2357
-63 1052.3607
-62 990.4128
-61 985.5132
-60 929.8842
-59 909.6281
-58 855.0643
-57 821.9232
-56 788.3851
-55 820.6618
-54 821.8231
-53 797.4884
-52 772.6052
-51 767.799
-50 711.1525
-49 715.5192
-48 721.8423
-47 662.8692
-46 645.1309
-45 618.2629
-44 592.8665
-43 599.1232
-42 618.9076
-41 592.1643
-40 536.2468
-39 533.1802
-38 489.5231
-37 507.4266
-36 456.0195
-35 408.3687
-34 412.332
-33 380.0217
-32 353.8816
-31 357.2807
-30 326.5629
-29 314.5242
-28 290.3865
-27 308.4109
-26 295.2558
-25 286.0204
-24 280.5588
-23 255.395
-22 268.9122
-21 258.0459
-20 236.1975
-19 231.6833
-18 212.6975
-17 216.0746
-16 194.5542
-15 184.3094
-14 197.6143
-13 226.2573
-12 229.9494
-11 204.4476
-10 187.3452
-9 188.8553
-8 180.1851
-7 186.8297
-6 188.9961
-5 172.9969
-4 170.0977
-3 172.7772
-2 168.779
-1 190.5316
0 185.2267
1 178.4614
2 196.2004
3 161.3072
4 167.7863
5 171.5115
6 183.1032
7 176.0164
8 173.356
9 185.1714
10 188.9001
11 159.1473
12 191.8165
13 177.5511
14 158.8062
15 146.4919
16 155.7111
17 143.3785
18 155.7552
19 156.8622
20 145.0539
21 160.7994
22 144.632
23 159.4019
24 166.76
25 166.0866
26 161.3678
27 187.1588
28 198.0201
29 177.2471
30 166.1709
31 171.9358
32 148.3352
33 160.7768
34 152.1089
35 153.0706
36 162.1741
37 161.3799
38 177.2874
39 177.7599
40 185.2167
41 198.8649
42 194.8926
43 207.308
44 226.5555
45 237.3898
46 236.4716
47 266.8528
48 270.9421
49 282.974
50 315.0261
51 319.471
52 337.3251
53 368.3769
54 371.9758
55 397.4456
56 428.4525
57 436.0327
58 471.5152
59 476.8746
60 468.248
61 522.2916
62 516.7686
63 549.0297
64 556.5891
65 574.9314
66 617.0132
67 678.1146
68 684.7012
69 744.1583
70 761.3651
71 828.3628
72 910.1415
73 948.3301
74 904.5698
75 865.4791
76 905.387
77 957.0385
78 960.3878
79 1000.8555
80 1049.4523
81 1099.6881
82 1091.7297
83 1131.58
84 1185.5344
85 1211.1864
86 1241.9102
87 1322.6041
88 1369.6766
89 1385.6682
