-90 1179.3821
-89 1148.0967
-88 1152.5485
-87 1115.7365
-86 1143.4889
-85 1159.2333
-84 1176.1801
-83 1160.5616
-82 1183.2367
-81 1148.8192
-80 1175.4727
-79 1243.4015
-78 1231.9686
-77 1232.1003
-76 1173.2394
-75 1156.1238
-74 1164.4321
-73 1090.2688
-72 1059.0673
-71 1069.0181
-70 1018.5364
-69 1006.0172
-68 1001.0812
-67 1004.5226
-66 1007.85
-65 978.5387
-64 954.0297
-63 991.0951
-62 942.7004
-61 888.8392
-60 872.2091
-59 781.5572
-58 780.7404
-57 745.4443
-56 740.0141
-55 709.2225
-54 712.7215
-53 686.3894
-52 639.1257
-51 643.3368
-50 626.6554
-49 610.9481
-48 527.7716
-47 477.7877
-46 460.1468
-45 451.0998
-44 435.7769
-43 383.9796
-42 410.1636
-41 415.5253
-40 409.2788
-39 373.5826
-38 345.5352
-37 337.2038
-36 319.5159
-35 312.7798
-34 303.7875
-33 283.0843
-32 270.6152
-31 284.3716
-30 253.176
-29 280.2102
-28 276.7749
-27 248.3271
-26 239.0159
-25 234.7765
-24 244.2059
-23 224.0753
-22 239.5579
-21 258.603
-20 274.0161
-19 244.2168
-18 258.7192
-17 239.4919
-16 219.6821
-15 224.9828
-14 191.4956
-13 183.3991
-12 207.528
-11 209.3591
-10 193.9316
-9 190.5234
-8 226.3602
-7 210.5836
-6 220.9882
-5 179.6519
-4 185.1876
-3 206.5782
-2 197.7395
-1 212.5419
0 218.758
1 220.1814
2 219.5611
3 229.0071
4 216.9373
5 213.7271
6 207.4765
7 220.1242
8 209.0462
9 198.7441
10 193.5343
11 186.8915
12 181.7531
13 184.5523
14 218.2766
15 208.7126
16 198.4587
17 179.2349
18 166.3872
19 174.9562
20 158.7845
21 169.2073
22 179.6471
23 164.8208
24 184.1516
25 218.7894
26 174.7612
27 188.3891
28 205.8172
29 218.4311
30 209.3994
31 217.9777
32 214.9994
33 206.1665
34 219.7885
35 229.9228
36 235.1247
37 238.1097
38 273.9286
39 273.8785
40 274.7059
41 258.193
42 264.4958
43 275.0866
44 268.6342
45 276.2109
46 289.7929
47 300.3936
48 296.1095
49 311.6521
50 293.1649
51 327.8737
52 324.8128
53 327.2808
54 343.1722
55 368.9977
56 387.7083
57 403.433
58 424.3654
59 414.2015
60 460.9849
61 471.0164
62 510.5942
63 561.7657
64 569.0153
65 574.9558
66 594.9259
67 568.2126
68 572.35
69 573.0458
70 591.6503
71 635.5468
72 654.1525
73 649.7374
74 653.5055
75 649.7708
76 702.8749
77 718.3694
78 751.6019
79 814.0447
80 832.9468
81 833.8336
82 926.3516
83 933.4754
84 950.7807
85 1008.1258
86 1044.3192
87 1050.7639
88 1125.3557
89 1151.3562
