-90 1638.5281
-89 1640.2955
-88 1597.762
-87 1660.1915
-86 1623.3474
-85 1495.1919
-84 1449.5936
-83 1421.391
-82 1392.6128
-81 1420.642
-80 1333.9198
-79 1393.3303
-78 1372.4061
-77 1343.4084
-76 1357.8094
-75 1307.6195
-74 1255.702
-73 1274.0994
-72 1272.2223
-71 1205.6199
-70 1171.2252
-69 1136.7708
-68 1096.303
-67 1069.1019
-66 1072.1226
-65 1040.3938
-64 1015.0063
-63 989.5126
-62 947.4894
-61 902.2792
-60 879.1061
-59 844.2762
-58 858.1761
-57 796.1501
-56 829.1207
-55 854.3886
-54 844.8909
-53 845.5461
-52 795.9628
-51 757.1824
-50 708.7891
-49 711.4949
-48 673.7193
-47 662.457
-46 591.2762
-45 567.9181
-44 525.0139
-43 524.6782
-42 556.751
-41 576.6562
-40 549.683
-39 527.7057
-38 539.1029
-37 463.24
-36 434.2367
-35 379.0863
-34 350.4938
-33 354.135
-32 359.5461
-31 339.4103
-30 344.7731
-29 327.6161
-28 341.0941
-27 335.8653
-26 325.8754
-25 314.0587
-24 306.8032
-23 283.4049
-22 265.2567
-21 287.9088
-20 303.5787
-19 289.7481
-18 271.5269
-17 269.2252
-16 262.308
-15 262.3606
-14 294.7123
-13 284.9638
-12 276.2916
-11 280.244
-10 262.4983
-9 281.0598
-8 273.7944
-7 249.1735
-6 281.6591
-5 278.5526
-4 279.6627
-3 265.789
-2 273.9982
-1 273.1764
0 283.6974
1 268.0154
2 252.557
3 259.8927
4 242.5831
5 275.1306
6 295.3235
7 296.709
8 278.1857
9 302.7914
10 315.3754
11 310.9854
12 317.782
13 310.3678
14 329.5068
15 359.7114
16 357.4515
17 354.6775
18 381.3826
19 405.6871
20 403.958
21 381.7469
22 403.7651
23 432.1375
24 426.9556
25 445.198
26 482.4901
27 495.4685
28 492.1917
29 465.5685
30 458.8628
31 460.6892
32 515.7495
33 512.1519
34 515.6003
35 520.4875
36 534.3663
37 576.2726
38 568.1145
39 600.4361
40 620.9673
41 654.8922
42 672.5105
43 670.0713
44 692.4294
45 718.2787
46 720.9505
47 768.1498
48 810.7927
49 847.6825
50 867.081
51 868.5909
52 918.1202
53 960.3843
54 951.3117
55 962.2733
56 1014.1714
57 1014.9916
58 1035.3099
59 1074.2031
60 1133.1244
61 1151.1653
62 1158.2087
63 1200.7495
64 1182.2382
65 1221.052
66 1339.8868
67 1397.1206
68 1409.5719
69 1447.5591
70 1512.5135
71 1490.8229
72 1523.2401
73 1497.781
74 1540.1724
75 1481.313
76 1474.0848
77 1549.9316
78 1540.295
79 1565.5907
80 1594.5533
81 1582.269
82 1594.0554
83 1566.0061
84 1543.4866
85 1581.6185
86 1575.214
87 1596.5516
88 1611.5389
89 1594.9576
