-90 1168.6646
-89 1184.504
-88 1152.2362
-87 1121.0756
-86 1146.624
-85 1134.7822
-84 1174.9319
-83 1139.0117
-82 1140.772
-81 1157.3478
-80 1133.8955
-79 1058.4352
-78 989.9932
-77 959.3125
-76 918.9894
-75 908.6721
-74 932.2624
-73 889.4712
-72 877.3414
-71 798.3256
-70 820.6583
-69 808.3307
-68 787.1216
-67 748.7988
-66 735.8942
-65 735.5865
-64 710.4929
-63 695.8657
-62 664.3803
-61 621.8044
-60 608.14
-59 583.03
-58 531.1775
-57 581.0278
-56 513.5249
-55 503.5238
-54 460.4598
-53 459.5164
-52 443.857
-51 400.7512
-50 423.0434
-49 435.0986
-48 402.2927
-47 362.2638
-46 348.511
-45 318.1418
-44 333.6396
-43 305.3393
-42 289.3853
-41 312.4288
-40 284.7832
-39 273.569
-38 286.0847
-37 269.2333
-36 271.0944
-35 265.5045
-34 256.9729
-33 251.0146
-32 230.4409
-31 234.4836
-30 242.6522
-29 225.6042
-28 225.6727
-27 242.6489
-26 237.85
-25 229.5326
-24 218.4972
-23 205.3088
-22 216.2087
-21 228.7345
-20 225.5163
-19 241.4694
-18 223.1234
-17 197.1111
-16 197.7232
-15 191.2504
-14 197.3361
-13 180.7177
-12 177.63
-11 187.1944
-10 192.6865
-9 204.7881
-8 189.8858
-7 179.5692
-6 177.0574
-5 177.6878
-4 193.0939
-3 180.9338
-2 184.3537
-1 181.3655
0 158.0613
1 167.2457
2 183.3
3 178.5718
4 165.617
5 226.9422
6 198.9617
7 194.3355
8 204.0733
9 191.9814
10 190.2703
11 197.1596
12 193.5913
13 196.9499
14 187.0026
15 174.7848
16 193.0998
17 201.7926
18 201.9334
19 197.6893
20 201.1103
21 196.5693
22 209.5416
23 190.3194
24 199.6482
25 198.4557
26 182.6014
27 179.9799
28 170.8482
29 185.2822
30 177.2135
31 197.7515
32 212.9615
33 221.1069
34 229.6952
35 234.665
36 245.3584
37 248.9756
38 255.7218
39 260.0197
40 255.0883
41 286.683
42 314.4856
43 289.2076
44 302.3934
45 338.6211
46 342.0733
47 348.5242
48 389.0813
49 407.3056
50 409.112
51 426.2547
52 452.6764
53 474.3292
54 526.8766
55 521.4656
56 502.7832
57 527.6108
58 499.6989
59 520.2661
60 509.3564
61 543.3475
62 576.2101
63 615.6069
64 632.5712
65 696.4364
66 692.1946
67 728.4088
68 770.645
69 800.6663
70 837.101
71 915.041
72 965.5477
73 934.1053
74 955.6771
75 931.4005
76 987.5753
77 1033.0219
78 1043.2854
79 1026.3661
80 1060.8021
81 1102.6028
82 1065.572
83 1110.5566
84 1158.7599
85 1088.558
86 1170.4137
87 1131.0549
88 1119.2703
89 1154.8116
