-90 1164.797
-89 1193.8392
-88 1200.9359
-87 1159.2115
-86 1067.149
-85 1101.4021
-84 1085.818
-83 1061.4628
-82 1054.4872
-81 970.4301
-80 963.6547
-79 1041.6171
-78 1041.3899
-77 1025.0316
-76 1043.6598
-75 1027.8235
-74 1007.0608
-73 985.6788
-72 941.3365
-71 1014.7137
-70 1058.0094
-69 1079.24
-68 1084.2681
-67 1063.0131
-66 1042.9031
-65 1075.3566
-64 1063.2876
-63 1065.4332
-62 1046.3804
-61 1046.9093
-60 1052.527
-59 1047.2926
-58 1030.3259
-57 1008.21
-56 1005.3646
-55 954.1147
-54 891.743
-53 840.7275
-52 796.8246
-51 754.1358
-50 752.5172
-49 754.4244
-48 737.9349
-47 760.3331
-46 711.7394
-45 644.5593
-44 658.2031
-43 615.7232
-42 591.5944
-41 574.687
-40 565.0567
-39 533.6123
-38 553.8035
-37 538
-36 502.029
-35 482.2149
-34 472.4968
-33 461.9121
-32 422.4835
-31 427.1325
-30 461.9723
-29 463.1886
-28 489.1947
-27 459.8214
-26 431.3025
-25 444.1174
-24 459.0862
-23 441.714
-22 406.731
-21 386.9819
-20 396.8069
-19 346.5762
-18 346.5404
-17 339.7981
-16 325.2575
-15 324.5864
-14 314.9784
-13 304.6611
-12 305.1414
-11 284.3104
-10 299.4522
-9 319.6106
-8 319.9217
-7 335.4323
-6 327.6862
-5 361.1877
-4 350.4514
-3 334.949
-2 331.8192
-1 321.0409
0 303.0894
1 318.3557
2 303.5612
3 300.3968
4 295.724
5 298.7249
6 306.2958
7 317.4286
8 332.7537
9 355.696
10 359.9656
11 381.3135
12 362.465
13 402.0334
14 418.0786
15 404.1687
16 406.4783
17 398.9856
18 416.9172
19 430.6963
20 433.9493
21 416.1834
22 411.9564
23 388.774
24 410.2693
25 416.0169
26 427.5073
27 498.037
28 490.0837
29 487.5799
30 500.7783
31 522.0862
32 549.9769
33 561.2357
34 540.4936
35 560.3738
36 552.1036
37 578.9286
38 584.8053
39 543.5657
40 573.4185
41 593.2736
42 610.4222
43 642.6268
44 632.9389
45 695.9597
46 675.3595
47 687.4482
48 703.8856
49 717.4182
50 687.2778
51 713.5548
52 746.3359
53 767.5945
54 754.382
55 791.4647
56 813.5903
57 833.6555
58 869.6635
59 914.0366
60 900.2966
61 895.2275
62 937.2794
63 986.494
64 999.4032
65 1014.2296
66 989.4192
67 975.7744
68 962.4236
69 974.3991
70 984.3466
71 955.7874
72 977.6826
73 941.5592
74 970.4659
75 982.2552
76 1019.4484
77 1032.8303
78 996.9124
79 1005.5425
80 1006.0439
81 1023.8417
82 1054.3243
83 1048.7954
84 1049.4496
85 1042.6039
86 1062.7234
87 1036.3716
88 1138.3712
89 1177.2
