-90 1284.6276
-89 1270.9432
-88 1233.3636
-87 1203.7537
-86 1218.1617
-85 1237.2896
-84 1231.2578
-83 1205.2153
-82 1201.665
-81 1154.0526
-80 1187.7428
-79 1173.2289
-78 1136.4165
-77 1129.5034
-76 1138.9701
-75 1119.2734
-74 1093.3848
-73 1086.474
-72 1091.0573
-71 1087.5253
-70 1051.9846
-69 986.335
-68 1035.5892
-67 992.5794
-66 953.5402
-65 914.1833
-64 847.1433
-63 830.296
-62 844.2378
-61 864.9343
-60 873.9362
-59 766.3979
-58 717.1416
-57 685.3038
-56 661.1705
-55 636.0774
-54 600.0115
-53 614.3235
-52 611.3586
-51 564.7526
-50 529.483
-49 502.3593
-48 459.8848
-47 450.965
-46 445.6461
-45 427.0882
-44 379.5606
-43 354.2033
-42 337.1735
-41 306.4793
-40 300.9531
-39 280.153
-38 278.5716
-37 274.3187
-36 265.1957
-35 267.7941
-34 241.114
-33 227.6551
-32 216.2355
-31 208.8531
-30 199.3699
-29 218.8046
-28 194.7177
-27 202.9023
-26 205.1822
-25 184.139
-24 192.4883
-23 177.1711
-22 168.313
-21 186.463
-20 173.7177
-19 165.6369
-18 153.417
-17 157.3641
-16 164.0756
-15 149.1545
-14 154.3276
-13 160.1811
-12 149.4062
-11 154.7169
-10 160.2741
-9 171.5517
-8 183.0219
-7 171.5648
-6 169.4796
-5 178.9427
-4 179.7909
-3 175.8016
-2 165.5655
-1 177.6513
0 218.9144
1 198.3943
2 180.7353
3 173.5222
4 191.8913
5 191.1364
6 190.3253
7 178.0888
8 168.6557
9 187.4666
10 193.2797
11 185.3359
12 212.8318
13 212.4104
14 187.7777
15 190.9872
16 202.4902
17 210.5477
18 206.0618
19 210.2067
20 224.378
21 225.9665
22 235.923
23 254.9659
24 237.6405
25 240.3914
26 233.6742
27 239.2184
28 240.8907
29 280.7844
30 273.4297
31 266.2471
32 277.9159
33 299.4969
34 299.7782
35 306.4529
36 291.9519
37 323.6501
38 295.3605
39 296.5246
40 299.5876
41 310.4965
42 299.2739
43 325.0629
44 362.2195
45 388.3706
46 413.1654
47 389.3811
48 400.9593
49 397.544
50 418.6527
51 397.0023
52 400.4082
53 424.6481
54 467.9627
55 524.778
56 557.0688
57 566.7703
58 557.5895
59 528.3719
60 550.3903
61 549.5857
62 558.8361
63 589.022
64 611.9907
65 650.304
66 626.9944
67 625.44
68 656.6649
69 701.6945
70 757.3227
71 825.6302
72 849.1439
73 838.7788
74 864.5569
75 942.0437
76 951.9329
77 955.0599
78 992.5771
79 1003.6021
80 965.6387
81 1021.0318
82 1077.7917
83 1099.8247
84 1188.2594
85 1231.2313
86 1207.8313
87 1273.8422
88 1278.6807
89 1274.5006
