-90 752.0983
-89 720.0386
-88 725.6951
-87 681.8754
-86 686.7855
-85 671.2732
-84 643.5518
-83 679.3926
-82 716.6669
-81 678.494
-80 641.234
-79 642.3041
-78 610.3691
-77 571.5166
-76 527.5642
-75 507.7662
-74 499.3659
-73 502.8811
-72 478.5697
-71 497.0461
-70 466.5782
-69 453.1988
-68 440.2387
-67 392.5531
-66 342.6877
-65 350.2642
-64 346.9034
-63 341.9612
-62 312.9816
-61 318.0447
-60 291.8524
-59 294.157
-58 278.6844
-57 284.0208
-56 271.8927
-55 251.0509
-54 224.9631
-53 200.7243
-52 199.0652
-51 190.6618
-50 191.3149
-49 194.7338
-48 191.7575
-47 173.6875
-46 177.701
-45 164.5932
-44 169.207
-43 132.6381
-42 112.5096
-41 110.0695
-40 120.2785
-39 101.8746
-38 102.7937
-37 96.0115
-36 90.8601
-35 89.4382
-34 93.2413
-33 94.7053
-32 92.5609
-31 90.4612
-30 89.6436
-29 78.4211
-28 74.6581
-27 68.0756
-26 75.6423
-25 83.966
-24 67.3918
-23 63.3674
-22 63.9519
-21 59.0088
-20 49.2089
-19 53.4247
-18 60.2611
-17 61.4671
-16 61.1739
-15 54.1081
-14 57.2323
-13 63.7802
-12 71.6493
-11 82.5559
-10 74.3839
-9 70.4833
-8 67.6536
-7 70.2162
-6 51.7361
-5 66.911
-4 52.1815
-3 55.4482
-2 67.3197
-1 57.1805
0 66.9009
1 58.2368
2 67.1338
3 64.2949
4 50.7835
5 57.611
6 55.0526
7 52.1877
8 57.8958
9 47.4204
10 49.505
11 56.4159
12 60.0541
13 43.9969
14 42.6399
15 55.8882
16 62.1815
17 58.3504
18 54.0085
19 61.945
20 60.8952
21 53.3717
22 51.6474
23 48.8582
24 58.5496
25 56.4203
26 55.6094
27 70.0725
28 63.5237
29 55.4545
30 92.4614
31 102.119
32 79.8278
33 65.2053
34 72.0694
35 61.1475
36 70.6197
37 61.8885
38 68.6013
39 70.8848
40 82.0929
41 75.007
42 90.5517
43 84.5292
44 80.3884
45 87.9528
46 86.2334
47 92.4207
48 103.0428
49 100.8493
50 115.9558
51 110.5767
52 126.9841
53 137.1202
54 142.2649
55 153.5382
56 166.3843
57 154.1126
58 180.0121
59 179.0754
60 193.2072
61 203.3403
62 202.6318
63 229.9628
64 250.1089
65 279.3257
66 295.2033
67 303.1986
68 309.8689
69 343.1971
70 376.0774
71 384.8216
72 433.7663
73 470.6043
74 487.1952
75 509.3737
76 507.809
77 522.2556
78 575.1915
79 600.7465
80 660.1083
81 646.2546
82 666.7519
83 705.504
84 748.4507
85 745.6784
86 701.3328
87 694.6582
88 704.4589
89 746.3616
