-90 630.8653
-89 625.5237
-88 662.6726
-87 687.7137
-86 672.5602
-85 663.0795
-84 592.8391
-83 592.9244
-82 540.6234
-81 512.6586
-80 519.7615
-79 506.9131
-78 509.3965
-77 493.0757
-76 511.3372
-75 482.7092
-74 470.7833
-73 482.7229
-72 457.0443
-71 465.9932
-70 475.6206
-69 467.2827
-68 457.077
-67 414.5042
-66 398.5842
-65 391.8925
-64 384.3588
-63 359.5055
-62 378.2699
-61 337.4691
-60 365.4737
-59 338.0334
-58 295.8135
-57 300.3548
-56 304.2753
-55 302.7878
-54 280.634
-53 257.4013
-52 230.4794
-51 235.3994
-50 227.4657
-49 193.7758
-48 177.0658
-47 175.1794
-46 155.1654
-45 153.621
-44 163.4693
-43 170.6517
-42 136.9987
-41 147.4157
-40 139.8847
-39 124.658
-38 118.7255
-37 106.0797
-36 120.2801
-35 109.5906
-34 102.7839
-33 122.5367
-32 126.4863
-31 159.5894
-30 134.6774
-29 122.4906
-28 96.4109
-27 106.4716
-26 89.521
-25 100.2262
-24 95.2146
-23 91.2289
-22 87.4973
-21 78.5218
-20 84.2792
-19 84.8986
-18 90.1294
-17 89.2087
-16 100.8491
-15 105.0335
-14 92.5446
-13 88.8712
-12 90.7083
-11 93.1743
-10 97.7513
-9 96.2151
-8 80.4265
-7 91.638
-6 96.6675
-5 96.8327
-4 104.4619
-3 99.6242
-2 98.3746
-1 85.1969
0 87.0103
1 73.3909
2 82.2277
3 83.268
4 80.7441
5 80.4383
6 95.3433
7 96.5937
8 101.3813
9 99.9373
10 82.9698
11 81.69
12 88.9976
13 81.1581
14 80.9825
15 92.7727
16 85.9214
17 103.3672
18 106.8012
19 102.799
20 122.58
21 142.3823
22 151.7632
23 157.3448
24 154.3709
25 164.7034
26 178.2054
27 189.6173
28 191.9098
29 234.2439
30 242.8692
31 250.1472
32 237.0419
33 248.8976
34 293.7655
35 279.3409
36 306.9485
37 287.1853
38 303.7593
39 316.3298
40 339.2228
41 346.1607
42 384.5357
43 391.3734
44 406.045
45 407.1845
46 435.6452
47 468.3755
48 478.6479
49 502.5588
50 522.5501
51 514.8486
52 539.4349
53 567.5916
54 584.9118
55 628.0013
56 668.8365
57 666.4642
58 600.3062
59 640.5694
60 710.0052
61 701.358
62 736.9782
63 743.42
64 756.3745
65 793.569
66 801.2974
67 769.9536
68 824.9335
69 829.1124
70 795.6153
71 812.0743
72 819.8972
73 789.5992
74 794.9758
75 787.6373
76 782.2366
77 800.2564
78 789.6519
79 770.618
80 764.5856
81 771.9756
82 754.413
83 738.2094
84 751.4918
85 750.9852
86 711.5049
87 692.0614
88 651.3739
89 623.9014
