-90 290.4967
-89 284.5995
-88 303.0215
-87 326.5431
-86 364.2547
-85 404.5242
-84 410.9206
-83 388.3696
-82 412.8333
-81 441.177
-80 455.8811
-79 473.4702
-78 478.6806
-77 464.2179
-76 468.5594
-75 443.326
-74 460.1007
-73 439.2022
-72 455.8987
-71 463.7091
-70 460.3166
-69 442.3434
-68 405.9756
-67 380.9001
-66 372.085
-65 342.289
-64 349.7589
-63 379.5057
-62 355.7272
-61 301.0019
-60 293.0862
-59 291.657
-58 274.8406
-57 263.1724
-56 252.1189
-55 264.0808
-54 249.2128
-53 259.5994
-52 246.9449
-51 240.8684
-50 228.225
-49 223.6063
-48 219.7897
-47 219.1026
-46 201.4404
-45 147.2328
-44 140.6536
-43 142.9845
-42 134.3511
-41 151.8159
-40 111.9677
-39 100.6901
-38 95.0811
-37 91.9695
-36 87.4901
-35 85.4045
-34 75.8479
-33 76.4153
-32 88.3266
-31 81.9019
-30 90.8621
-29 68.9596
-28 78.8156
-27 72.7105
-26 64.7029
-25 65.8998
-24 67.5144
-23 81.4228
-22 58.5656
-21 60.1172
-20 60.6143
-19 73.3338
-18 68.3035
-17 72.9304
-16 72.9828
-15 72.5463
-14 87.6934
-13 81.4263
-12 76.8148
-11 84.6996
-10 78.2746
-9 69.4017
-8 67.8816
-7 62.1524
-6 73.9119
-5 54.53
-4 48.5798
-3 49.9807
-2 56.7966
-1 45.974
0 46.3747
1 43.6208
2 44.0592
3 41.3821
4 36.2438
5 38.2298
6 36.9831
7 35.4216
8 49.816
9 58.0619
10 55.6991
11 43.188
12 41.4499
13 39.0814
14 45.2969
15 46.5111
16 40.3677
17 35.6892
18 37.4451
19 30.8518
20 38.6923
21 49.3205
22 47.7991
23 46.5471
24 50.8237
25 56.4789
26 63.1569
27 53.5306
28 54.6655
29 67.2934
30 58.0974
31 59.1068
32 48.1458
33 55.3198
34 51.4431
35 56.627
36 73.5519
37 63.6713
38 71.2108
39 68.7674
40 88.2896
41 89.7839
42 85.0874
43 87.0211
44 102.7911
45 98.6121
46 95.9698
47 112.6108
48 113.7599
49 114.1651
50 115.6008
51 101.2754
52 110.0494
53 130.1262
54 157.8588
55 171.2117
56 172.963
57 160.2265
58 164.0725
59 172.0239
60 196.8286
61 213.3909
62 212.9541
63 201.1758
64 205.2439
65 209.3771
66 231.1376
67 265.0762
68 258.9994
69 231.1379
70 226.6188
71 221.4884
72 244.3634
73 267.1685
74 257.1636
75 258.399
76 277.4786
77 276.9802
78 264.1715
79 243.3429
80 231.558
81 243.6734
82 272.9991
83 237.8757
84 254.6595
85 291.7594
86 292.2071
87 301.1487
88 302.2309
89 297.2625
