-90 1348.1862
-89 1395.8093
-88 1410.8715
-87 1322.3741
-86 1338.3104
-85 1321.5454
-84 1336.4994
-83 1360.3986
-82 1310.7191
-81 1324.0253
-80 1262.6603
-79 1254.7747
-78 1259.1028
-77 1233.462
-76 1181.7234
-75 1054.0935
-74 977.5587
-73 923.4599
-72 877.6764
-71 880.459
-70 818.8002
-69 761.4727
-68 738.4065
-67 738.233
-66 748.1306
-65 670.7062
-64 613.4079
-63 640.0636
-62 583.0745
-61 550.466
-60 540.1648
-59 501.0662
-58 484.7096
-57 455.3392
-56 475.0837
-55 420.4705
-54 371.0948
-53 360.9847
-52 353.0784
-51 345.6516
-50 336.1111
-49 308.5289
-48 299.3295
-47 275.1805
-46 265.7808
-45 271.7015
-44 269.2894
-43 250.8405
-42 221.1146
-41 238.3485
-40 241.32
-39 241.4832
-38 214.9647
-37 211.4716
-36 205.0741
-35 203.1376
-34 208.3515
-33 192.786
-32 210.0696
-31 217.3374
-30 217.2794
-29 217.4651
-28 206.9752
-27 193.504
-26 187.3716
-25 174.6234
-24 172.866
-23 190.088
-22 181.1106
-21 167.8318
-20 176.2642
-19 169.0298
-18 174.8137
-17 170.6374
-16 177.6515
-15 156.454
-14 155.0184
-13 147.584
-12 143.3407
-11 153.0553
-10 136.9241
-9 115.0847
-8 121.4622
-7 110.6049
-6 119.017
-5 96.9468
-4 119.3362
-3 126.3102
-2 112.7381
-1 106.4416
0 105.3362
1 96.3254
2 93.6402
3 78.8465
4 89.7999
5 88.9583
6 92.7414
7 92.0136
8 81.3374
9 104.2809
10 94.7183
11 99.3912
12 80.8348
13 75.7407
14 76.5702
15 79.0754
16 77.1257
17 78.3056
18 89.9083
19 91.5285
20 99.5934
21 92.4689
22 90.307
23 93.8123
24 109.1596
25 90.0989
26 106.6392
27 117.0869
28 100.0705
29 106.4774
30 94.8323
31 96.7663
32 94.8313
33 101.8864
34 95.3741
35 108.5478
36 104.9184
37 103.264
38 104.505
39 111.9364
40 101.1699
41 108.1205
42 106.373
43 95.1072
44 100.7722
45 99.2935
46 102.6323
47 113.058
48 95.8665
49 118.2291
50 126.1713
51 140.8715
52 140.5001
53 144.3067
54 141.3003
55 156.6162
56 160.8398
57 158.4979
58 171.237
59 166.9394
60 197.3114
61 241.0198
62 263.5286
63 273.9492
64 289.6605
65 300.2127
66 334.8105
67 378.2754
68 419.0085
69 431.7882
70 439.8789
71 463.8965
72 493.4799
73 518.0114
74 533.894
75 604.6924
76 712.0815
77 783.3828
78 844.2256
79 881.1509
80 966.9661
81 971.0898
82 1040.0649
83 1073.0759
84 1120.5651
85 1216.0526
86 1258.3093
87 1264.0707
88 1307.4346
89 1366.4642
