-90 3417.3459
-89 3334.8921
-88 3285.9106
-87 3241.1814
-86 3270.3201
-85 3197.989
-84 3007.4197
-83 2814.1184
-82 2679.1089
-81 2457.7351
-80 2377.606
-79 2284.5286
-78 2175.8391
-77 2164.0952
-76 2032.4763
-75 2046.9385
-74 1940.8717
-73 1784.8403
-72 1598.5382
-71 1511.7537
-70 1395.7189
-69 1268.8838
-68 1135.3691
-67 1042.8116
-66 951.9313
-65 931.2664
-64 886.2652
-63 779.2245
-62 722.9202
-61 623.45
-60 541.6513
-59 506.0135
-58 491.9139
-57 481.8387
-56 418.7624
-55 415.6385
-54 373.0004
-53 282.2624
-52 255.7768
-51 263.1575
-50 223.8483
-49 206.2502
-48 176.0238
-47 180.2403
-46 174.7007
-45 163.7822
-44 152.7726
-43 151.1562
-42 161.0182
-41 155.8197
-40 138.515
-39 119.9096
-38 123.5006
-37 110.2036
-36 99.6281
-35 87.4316
-34 84.1614
-33 86.6734
-32 68.1167
-31 67.0033
-30 71.6617
-29 71.8696
-28 77.4523
-27 77.7074
-26 75.9065
-25 62.9982
-24 54.0008
-23 57.1392
-22 49.8428
-21 43.8932
-20 40.3878
-19 46.0828
-18 45.9186
-17 45.0004
-16 52.5684
-15 48.3984
-14 38.668
-13 38.2113
-12 34.7351
-11 46.3711
-10 42.1477
-9 41.8497
-8 45.6384
-7 53.4251
-6 47.4488
-5 50.9933
-4 43.0115
-3 41.832
-2 37.1943
-1 40.5011
0 49.9617
1 56.7745
2 50.4047
3 35.0516
4 41.6529
5 43.4702
6 52.5193
7 46.282
8 42.914
9 55.8859
10 60.5392
11 52.3986
12 54.2462
13 56.7491
14 54.0991
15 55.8639
16 57.4791
17 56.8682
18 49.8542
19 56.7267
20 56.8963
21 57.0111
22 64.6652
23 71.1847
24 73.9186
25 80.0182
26 84.6386
27 90.2074
28 93.1408
29 98.7427
30 123.2999
31 130.9485
32 107.9188
33 129.5638
34 143.5436
35 162.2839
36 178.7761
37 192.951
38 198.0009
39 205.7812
40 226.2529
41 248.7504
42 254.3076
43 293.1144
44 330.6671
45 332.8282
46 291.4655
47 338.8997
48 354.7128
49 373.6914
50 408.119
51 479.8822
52 507.6556
53 546.0752
54 589.112
55 667.2319
56 704.3601
57 769.5843
58 826.0174
59 900.8506
60 1000.195
61 1104.1675
62 1191.0742
63 1304.4888
64 1388.957
65 1473.8354
66 1626.8718
67 1693.446
68 1808.2799
69 1941.1135
70 2010.8677
71 2146.3713
72 2247.6472
73 2288.4172
74 2394.3354
75 2498.7224
76 2631.4294
77 2715.1497
78 2815.7251
79 2807.7937
80 2869.6646
81 2967.4302
82 3080.4871
83 3019.9229
84 3125.5845
85 3172.5627
86 3228.3066
87 3317.2776
88 3442.7297
89 3404.2307
