-90 2966.0896
-89 2913.7678
-88 2770.344
-87 2758.272
-86 2675.0579
-85 2569.4766
-84 2600.5229
-83 2550.4524
-82 2491.9934
-81 2307.9749
-80 2195.5806
-79 2089.4543
-78 1906.5924
-77 1706.9597
-76 1690.7682
-75 1575.8785
-74 1443.8423
-73 1360.8448
-72 1295.8881
-71 1173.1331
-70 1038.7546
-69 952.2777
-68 898.5404
-67 857.3477
-66 827.6567
-65 764.715
-64 696.0936
-63 701.6933
-62 653.0031
-61 549.6575
-60 550.53
-59 538.7391
-58 488.2437
-57 442.6248
-56 426.5711
-55 384.7808
-54 352.0283
-53 342.1155
-52 325.6174
-51 290.5548
-50 273.0801
-49 253.8905
-48 220.9053
-47 186.7853
-46 177.9605
-45 173.0206
-44 182.1164
-43 167.4962
-42 162.966
-41 154.5155
-40 164.5897
-39 151.0433
-38 145.6043
-37 137.8983
-36 134.5914
-35 135.9527
-34 131.6067
-33 110.3951
-32 106.9429
-31 109.4801
-30 108.1168
-29 114.4082
-28 105.7711
-27 91.9543
-26 78.367
-25 84.2125
-24 84.2652
-23 75.798
-22 84.0927
-21 63.1254
-20 74.8371
-19 71.214
-18 66.2521
-17 70.9169
-16 80.8606
-15 104.5692
-14 97.0744
-13 79.8559
-12 83.7533
-11 73.9359
-10 76.7401
-9 89.0074
-8 67.6746
-7 76.5408
-6 60.1652
-5 56.1994
-4 60.8083
-3 72.1512
-2 72.0167
-1 57.3793
0 52.5137
1 49.6904
2 61.4359
3 66.229
4 67.5988
5 74.6324
6 71.7468
7 76.6462
8 82.8169
9 67.6866
10 74.6689
11 73.3769
12 82.3781
13 81.8445
14 84.3048
15 85.2173
16 86.8751
17 96.7587
18 78.5852
19 92.5662
20 84.1309
21 85.935
22 99.0145
23 104.532
24 95.7323
25 93.7797
26 106.7516
27 111.85
28 112.4989
29 126.1443
30 119.9432
31 127.9392
32 135.3646
33 158.0909
34 162.6276
35 165.4614
36 167.7739
37 160.9775
38 182.2354
39 202.3073
40 232.8151
41 237.8947
42 242.325
43 297.9195
44 301.8709
45 315.1089
46 364.9758
47 409.1526
48 433.5949
49 467.3812
50 491.1066
51 556.9052
52 634.549
53 644.8563
54 709.2884
55 773.2944
56 803.8555
57 832.2316
58 893.4611
59 969.8123
60 1067.4591
61 1115.8806
62 1162.8456
63 1275.1306
64 1319.1162
65 1411.6718
66 1546.8711
67 1642.0732
68 1661.767
69 1744.7979
70 1811.1152
71 1904.6953
72 2026.1759
73 2075.0627
74 2148.2827
75 2117.5459
76 2210.3606
77 2173.4705
78 2249.5515
79 2288.2102
80 2343.2637
81 2509.6638
82 2575.2913
83 2746.0015
84 2745.6895
85 2750.9385
86 2745.9036
87 2806.2297
88 2887.3049
89 2921.6941
