-90 1527.593
-89 1470.6415
-88 1452.1484
-87 1441.3971
-86 1405.9147
-85 1282.8425
-84 1213.3673
-83 1183.377
-82 1128.0308
-81 1078.5289
-80 1037.8147
-79 1029.4379
-78 951.4232
-77 962.7692
-76 896.4543
-75 808.3548
-74 769.3792
-73 719.9585
-72 670.2396
-71 627.3397
-70 574.5887
-69 546.8346
-68 506.9991
-67 456.6861
-66 418.1935
-65 381.3082
-64 328.5993
-63 303.6737
-62 290.2138
-61 286.6399
-60 270.1167
-59 258.4248
-58 245.4588
-57 214.5725
-56 209.9509
-55 186.0292
-54 183.7207
-53 170.6143
-52 157.0543
-51 135.9445
-50 108.9286
-49 94.8188
-48 97.9225
-47 86.3291
-46 82.4131
-45 71.8885
-44 54.1825
-43 55.5525
-42 57.6838
-41 45.5625
-40 45.4143
-39 42.2647
-38 48.5501
-37 59.6643
-36 51.0734
-35 56.3012
-34 55.0635
-33 50.0346
-32 60.1139
-31 69.1764
-30 66.1592
-29 62.1526
-28 67.8332
-27 59.1575
-26 49.0431
-25 47.1767
-24 57.6979
-23 48.6913
-22 53.6467
-21 47.4768
-20 50.3355
-19 48.056
-18 51.0562
-17 43.8928
-16 27.4828
-15 37.6872
-14 32.0089
-13 29.3683
-12 31.4924
-11 38.0848
-10 41.2519
-9 36.2754
-8 36.9556
-7 34.8568
-6 34.4943
-5 35.0874
-4 39.5518
-3 45.8027
-2 35.3251
-1 38.0443
0 42.0804
1 33.4104
2 38.6967
3 43.1617
4 40.6143
5 36.2066
6 34.4307
7 39.5948
8 47.2344
9 51.6146
10 45.2669
11 44.2979
12 41.0945
13 43.1002
14 52.4259
15 58.3199
16 56.4249
17 56.2906
18 53.3581
19 61.7669
20 60.9392
21 63.0038
22 82.7237
23 107.5804
24 104.2344
25 97.5946
26 90.8886
27 103.8455
28 101.8371
29 100.7464
30 110.8641
31 111.0611
32 123.8628
33 149.7186
34 136.332
35 145.4026
36 148.4605
37 177.7369
38 194.7874
39 202.844
40 181.4034
41 192.7307
42 205.9381
43 194.9697
44 241.2565
45 264.6133
46 293.917
47 329.7032
48 350.0444
49 362.9102
50 348.9088
51 358.3859
52 440.3111
53 476.9933
54 508.1805
55 553.0402
56 605.8487
57 658.8719
58 732.0104
59 758.5397
60 873.4492
61 945.4935
62 994.709
63 1077.9651
64 1118.3696
65 1192.0607
66 1261.1876
67 1305.729
68 1378.7661
69 1437.8345
70 1431.5599
71 1507.1827
72 1466.9258
73 1545.787
74 1524.3354
75 1578.3606
76 1638.5249
77 1560.5219
78 1615.7086
79 1667.7806
80 1610.4058
81 1629.8204
82 1547.4749
83 1559.2114
84 1561.6118
85 1552.3533
86 1512.7366
87 1500.8163
88 1546.3882
89 1499.619
