-90 2217.7581
-89 2293.9875
-88 2257.717
-87 2200.6797
-86 2156.0869
-85 1957.757
-84 1905.5594
-83 1909.3892
-82 1738.821
-81 1628.3911
-80 1625.0801
-79 1502.5011
-78 1397.8197
-77 1319.2495
-76 1217.2423
-75 1159.0741
-74 1087.8787
-73 1033.1199
-72 971.2855
-71 890.7579
-70 806.8977
-69 793.9216
-68 697.6124
-67 646.2114
-66 582.7534
-65 535.7354
-64 473.9326
-63 443.1401
-62 442.172
-61 404.6415
-60 347.7922
-59 343.8862
-58 354.7674
-57 334.5101
-56 333.9974
-55 292.7498
-54 286.1637
-53 277.2827
-52 219.4854
-51 195.8139
-50 214.335
-49 217.2573
-48 192.4766
-47 167.8325
-46 164.5515
-45 156.1607
-44 174.0882
-43 167.3678
-42 168.2656
-41 135.4321
-40 127.4847
-39 131.3787
-38 127.4791
-37 136.1053
-36 141.7379
-35 109.6166
-34 101.6048
-33 99.6493
-32 81.3077
-31 91.088
-30 96.2771
-29 93.252
-28 89.5354
-27 103.2946
-26 93.7332
-25 112.8176
-24 110.2968
-23 94.845
-22 93.7758
-21 88.8723
-20 88.283
-19 84.3288
-18 76.4389
-17 89.0238
-16 68.7997
-15 75.1828
-14 76.5304
-13 86.0715
-12 70.1952
-11 70.4477
-10 70.8236
-9 65.8505
-8 96.8617
-7 90.1605
-6 86.6668
-5 109.6211
-4 120.4176
-3 121.6266
-2 116.6601
-1 98.2435
0 100.4018
1 97.9368
2 110.0102
3 109.487
4 107.6538
5 109.261
6 113.0766
7 122.7637
8 138.9501
9 151.9017
10 151.6615
11 159.838
12 163.9688
13 145.5902
14 146.6271
15 140.6197
16 140.2177
17 166.6571
18 186.3753
19 168.4984
20 177.3651
21 184.4628
22 197.3237
23 203.4483
24 222.493
25 249.0617
26 236.0359
27 228.2095
28 240.4393
29 265.5152
30 297.0361
31 271.4873
32 280.5972
33 289.166
34 297.2971
35 313.0893
36 336.9558
37 360.0334
38 373.8891
39 411.4432
40 436.132
41 425.2313
42 430.6466
43 493.9629
44 518.3918
45 549.118
46 574.3138
47 626.5372
48 694.886
49 794.2296
50 815.4429
51 812.3761
52 857.2211
53 920.9349
54 970.5169
55 1012.4154
56 1048.6678
57 1127.3335
58 1203.4369
59 1279.8041
60 1336.6604
61 1359.8475
62 1426.4293
63 1558.0782
64 1629.8185
65 1701.6582
66 1770.424
67 1828.4452
68 1854.4015
69 1888.4346
70 1918.6691
71 2048.5244
72 2131.7114
73 2189.6362
74 2253.8889
75 2242.2244
76 2337.429
77 2405.1406
78 2518.6221
79 2504.9705
80 2434.938
81 2455.2007
82 2453.8384
83 2524.1577
84 2537.1804
85 2491.9851
86 2393.0933
87 2321.7197
88 2267.8672
89 2214.5366
