-90 722.8403
-89 716.8191
-88 731.0893
-87 750.9437
-86 715.1744
-85 712.82
-84 758.7273
-83 785.7062
-82 731.9944
-81 791.3151
-80 864.9965
-79 864.3693
-78 896.216
-77 935.683
-76 926.1038
-75 941.184
-74 899.0541
-73 792.9118
-72 763.418
-71 759.4489
-70 748.4024
-69 751.7383
-68 782.4084
-67 774.4514
-66 761.7845
-65 734.7198
-64 679.5722
-63 643.5034
-62 621.6925
-61 652.4588
-60 634.2634
-59 602.2127
-58 536.9819
-57 522.3687
-56 536.4507
-55 483.7355
-54 472.1237
-53 455.8025
-52 407.0454
-51 364.8709
-50 404.5983
-49 402.8135
-48 372.1747
-47 394.2134
-46 364.9302
-45 353.4811
-44 351.5142
-43 374.0095
-42 343.2809
-41 349.8038
-40 329.0281
-39 301.2864
-38 302.3762
-37 288.2181
-36 283.2319
-35 280.1792
-34 245.8454
-33 230.6679
-32 237.9082
-31 233.9348
-30 235.7878
-29 230.9758
-28 249.1049
-27 239.5547
-26 219.7442
-25 221.8522
-24 207.3325
-23 219.2686
-22 200.8815
-21 214.6814
-20 198.6447
-19 196.6801
-18 211.0187
-17 218.3661
-16 196.2551
-15 193.0498
-14 229.0547
-13 238.91
-12 236.5669
-11 247.1329
-10 273.3406
-9 256.2828
-8 251.1886
-7 247.8803
-6 237.177
-5 231.1212
-4 212.2968
-3 211.8169
-2 204.5804
-1 219.4971
0 216.7537
1 218.895
2 200.4728
3 223.2242
4 213.0571
5 209.0928
6 193.6511
7 179.1044
8 182.121
9 167.8029
10 154.9517
11 158.274
12 153.3453
13 124.6388
14 130.0769
15 122.0659
16 121.1283
17 101.8143
18 98.2988
19 101.847
20 109.464
21 128.3777
22 119.5792
23 102.8188
24 103.1761
25 98.4801
26 91.2381
27 88.6851
28 75.7567
29 83.3257
30 89.3877
31 74.5911
32 81.1274
33 72.4646
34 70.1113
35 81.3856
36 72.7334
37 69.895
38 82.2499
39 82.9004
40 83.0739
41 90.3425
42 92.1005
43 88.3148
44 88.3392
45 89.029
46 97.978
47 110.6916
48 111.5353
49 118.9667
50 109.9729
51 104.6487
52 125.3214
53 128.195
54 131.893
55 128.1465
56 129.0708
57 159.5678
58 160.7121
59 155.5729
60 178.1579
61 186.3042
62 188.7438
63 204.9383
64 215.3683
65 213.1762
66 215.5725
67 218.1241
68 252.4662
69 272.809
70 290.5196
71 324.6599
72 328.0274
73 329.2802
74 351.5762
75 375.2999
76 432.5498
77 418.8712
78 444.5416
79 466.274
80 475.2279
81 547.2553
82 627.4501
83 600.2926
84 632.9057
85 640.8149
86 628.8332
87 632.7306
88 657.0476
89 714.372
