-90 1436.1469
-89 1429.7816
-88 1415.1688
-87 1404.2689
-86 1367.6534
-85 1313.4957
-84 1302.282
-83 1333.3363
-82 1304.261
-81 1289.2246
-80 1215.3293
-79 1159.8712
-78 1161.5933
-77 1136.9794
-76 1081.3397
-75 1043.7684
-74 1072.2979
-73 1005.2652
-72 1033.4584
-71 1005.9016
-70 995.746
-69 959.1964
-68 937.2632
-67 924.636
-66 920.6642
-65 873.8983
-64 856.6287
-63 793.3742
-62 787.1733
-61 764.2143
-60 686.3711
-59 669.7946
-58 641.9279
-57 582.8827
-56 531.601
-55 485.7601
-54 489.4761
-53 438.8485
-52 394.6769
-51 346.9339
-50 329.1233
-49 307.3448
-48 307.8449
-47 311.1599
-46 295.3701
-45 283.8424
-44 279.5544
-43 290.1036
-42 285.0805
-41 254.5992
-40 232.3422
-39 255.7975
-38 235.3319
-37 208.9384
-36 182.7294
-35 174.4854
-34 187.174
-33 191.4834
-32 170.4771
-31 158.8573
-30 153.5323
-29 119.1291
-28 112.307
-27 105.6413
-26 110.2555
-25 97.7502
-24 89.3841
-23 90.5426
-22 83.758
-21 85.3384
-20 81.1837
-19 91.6725
-18 95.5278
-17 93.365
-16 80.6312
-15 88.6155
-14 87.967
-13 90.1711
-12 92.5477
-11 112.0595
-10 106.5161
-9 110.372
-8 109.8832
-7 114.484
-6 115.5141
-5 130.4187
-4 117.1109
-3 107.9487
-2 108.7069
-1 100.3497
0 90.2544
1 92.3279
2 111.6173
3 119.9498
4 114.799
5 114.2384
6 128.1256
7 134.08
8 124.6986
9 115.4693
10 113.4436
11 115.112
12 118.8108
13 126.0175
14 144.5072
15 154.2721
16 163.3424
17 147.8689
18 136.1947
19 143.1694
20 142.0137
21 146.5584
22 150.7777
23 179.7067
24 170.488
25 191.1839
26 194.173
27 184.2217
28 185.6458
29 214.3844
30 223.3862
31 218.6043
32 226.1932
33 286.9807
34 300.2595
35 303.0464
36 318.9105
37 320.9676
38 320.7024
39 364.1799
40 375.0657
41 357.4388
42 349.6802
43 358.5341
44 373.6475
45 420.1552
46 436.1902
47 447.3067
48 451.4833
49 465.7899
50 475.3001
51 472.0961
52 483.7251
53 536.7543
54 575.7772
55 577.6364
56 604.5329
57 641.942
58 672.1272
59 720.8524
60 767.5911
61 802.058
62 812.9495
63 812.2491
64 801.2369
65 848.3076
66 874.8121
67 935.7918
68 962.2545
69 1046.3873
70 1101.5884
71 1139.8268
72 1124.9688
73 1119.913
74 1170.8994
75 1268.0521
76 1295.6627
77 1326.0527
78 1341.5542
79 1299.4707
80 1347.5079
81 1404.506
82 1428.9924
83 1434.4502
84 1395.2787
85 1398.1885
86 1531.9722
87 1528.4703
88 1475.505
89 1408.9742
