-90 1433.3116
-89 1346.5717
-88 1362.6027
-87 1361.5552
-86 1255.371
-85 1243.1788
-84 1210.1552
-83 1195.3724
-82 1194.7363
-81 1216.3333
-80 1205.7338
-79 1159.2095
-78 1076.7125
-77 1032.6626
-76 965.56
-75 931.1845
-74 904.764
-73 891.891
-72 899.2083
-71 841.2717
-70 788.0322
-69 832.9604
-68 768.4712
-67 684.2181
-66 651.6896
-65 587.0978
-64 561.4899
-63 502.3422
-62 489.4751
-61 438.4576
-60 392.7994
-59 374.7918
-58 334.2568
-57 286.3026
-56 263.7607
-55 270.9804
-54 241.0937
-53 207.2699
-52 204.4358
-51 197.1901
-50 179.9239
-49 169.6268
-48 146.3212
-47 135.3608
-46 124.8023
-45 101.9389
-44 104.7357
-43 102.5184
-42 88.5697
-41 83.0413
-40 84.4585
-39 72.3532
-38 63.4624
-37 71.3031
-36 81.8041
-35 69.9782
-34 59.8048
-33 71.5836
-32 66.5183
-31 64.6748
-30 50.6534
-29 52.9972
-28 52.9971
-27 48.998
-26 44.633
-25 46.3947
-24 38.7965
-23 42.976
-22 48.1178
-21 32.8578
-20 28.0747
-19 29.2974
-18 30.9085
-17 32.6213
-16 22.0782
-15 29.5302
-14 27.3823
-13 25.2723
-12 19.9478
-11 31.4775
-10 36.7133
-9 35.3982
-8 38.0941
-7 35.7263
-6 40.0997
-5 45.1631
-4 51.0588
-3 53.5114
-2 61.7342
-1 52.7964
0 55.1344
1 51.0096
2 57.3927
3 53.7265
4 51.8822
5 55.465
6 48.9656
7 52.2643
8 56.3546
9 46.8502
10 56.7243
11 64.0348
12 61.1
13 57.3672
14 52.8994
15 54.0067
16 47.4624
17 46.9794
18 50.4991
19 48.8247
20 61.6542
21 53.6021
22 60.0977
23 55.5412
24 55.9728
25 66.2292
26 71.9885
27 79.4073
28 83.8349
29 78.8595
30 87.7112
31 95.0089
32 100.537
33 105.0468
34 112.7445
35 118.953
36 115.1556
37 103.4444
38 136.412
39 153.6745
40 173.0663
41 168.3489
42 174.9365
43 186.9954
44 198.1832
45 200.6181
46 228.6102
47 260.0334
48 291.4122
49 295.2115
50 314.2411
51 331.7837
52 380.1358
53 400.4912
54 434.8728
55 495.7041
56 531.4951
57 522.7563
58 531.7939
59 551.9045
60 581.978
61 674.0591
62 711.7232
63 785.8085
64 861.4495
65 920.0253
66 962.8145
67 1067.304
68 1106.6311
69 1117.9504
70 1162.0712
71 1307.0092
72 1297.0114
73 1352.776
74 1484.8167
75 1544.2861
76 1628.4213
77 1639.1274
78 1616.8582
79 1633.4446
80 1730.571
81 1714.5876
82 1710.391
83 1760.4104
84 1686.8101
85 1701.7281
86 1649.7968
87 1661.2324
88 1533.3153
89 1441.3965
