-90 281.9705
-89 252.8862
-88 289.5813
-87 314.5253
-86 326.6068
-85 335.6048
-84 328.4447
-83 360.1682
-82 375.3887
-81 402.2914
-80 440.833
-79 434.8254
-78 421.1028
-77 428.8317
-76 464.7435
-75 444.9482
-74 494.623
-73 537.7151
-72 539.341
-71 544.3034
-70 570.834
-69 559.5516
-68 559.4294
-67 609.0149
-66 572.0151
-65 552.6831
-64 586.5972
-63 549.5418
-62 562.2917
-61 565.0155
-60 594.1572
-59 571.5961
-58 574.1451
-57 599.0582
-56 580.9244
-55 545.832
-54 526.9729
-53 506.6645
-52 546.3267
-51 560.6248
-50 564.5809
-49 560.7488
-48 561.2509
-47 567.8831
-46 563.4296
-45 559.9318
-44 514.7808
-43 506.9149
-42 517.9636
-41 477.4077
-40 444.4558
-39 459.324
-38 497.0464
-37 491.4296
-36 473.5103
-35 446.1526
-34 446.7457
-33 461.9691
-32 425.0309
-31 456.4873
-30 497.3693
-29 500.4868
-28 388.5717
-27 395.5585
-26 400.216
-25 368.8414
-24 388.3837
-23 354.4951
-22 313.1555
-21 314.3267
-20 289.5884
-19 291.7973
-18 304.2453
-17 291.7258
-16 256.5093
-15 271.461
-14 279.1669
-13 253.4939
-12 229.4244
-11 251.7535
-10 239.3448
-9 227.5905
-8 234.1224
-7 227.8875
-6 231.8614
-5 230.0226
-4 238.532
-3 246.0567
-2 234.1125
-1 224.4942
0 219.0103
1 211.7824
2 215.4296
3 239.1435
4 231.8759
5 207.8013
6 215.9331
7 212.8964
8 195.6105
9 194.6198
10 188.0849
11 177.0197
12 162.7029
13 154.9484
14 160.6202
15 155.9203
16 140.3387
17 142.4149
18 170.9305
19 152.2543
20 145.6724
21 135.0659
22 128.772
23 165.142
24 148.6652
25 151.6764
26 146.2546
27 151.2529
28 152.9043
29 157.1254
30 138.5123
31 141.3152
32 126.8312
33 114.5861
34 113.1336
35 117.6024
36 132.0713
37 143.6912
38 123.0455
39 139.239
40 146.1247
41 141.4409
42 143.3899
43 149.3264
44 160.461
45 157.2746
46 143.8948
47 143.5255
48 136.034
49 132.8835
50 141.3713
51 134.3253
52 129.6465
53 157.9828
54 167.1298
55 150.3788
56 172.6055
57 158.5747
58 163.1192
59 173.3729
60 180.8654
61 171.5126
62 172.6043
63 183.7889
64 165.4447
65 159.7274
66 165.3668
67 167.0162
68 166.2188
69 167.3379
70 191.6477
71 171.2803
72 187.5089
73 217.4202
74 211.8249
75 208.5973
76 212.1904
77 228.948
78 218.6153
79 239.4008
80 244.7474
81 292.8413
82 289.7448
83 280.8138
84 301.3221
85 281.9992
86 272.3366
87 257.7869
88 265.2263
89 293.3495
