-90 1382.2922
-89 1425.354
-88 1421.3705
-87 1453.0701
-86 1425.3585
-85 1398.6547
-84 1422.4564
-83 1365.8849
-82 1392.582
-81 1364.085
-80 1377.0647
-79 1434.9464
-78 1341.1595
-77 1326.3188
-76 1310.965
-75 1277.7855
-74 1266.1412
-73 1196.1776
-72 1231.7574
-71 1283.7452
-70 1253.7625
-69 1232.7905
-68 1194.6705
-67 1175.6213
-66 1151.9938
-65 1103.0082
-64 1035.7773
-63 1003.1902
-62 928.4382
-61 886.1613
-60 840.9457
-59 789.1503
-58 766.2488
-57 791.1298
-56 762.3195
-55 679.4988
-54 648.8961
-53 588.5322
-52 596.4791
-51 595.1069
-50 563.3956
-49 528.0908
-48 510.3182
-47 471.8523
-46 412.4994
-45 360.189
-44 365.5564
-43 341.2723
-42 346.6911
-41 322.949
-40 304.3008
-39 278.4779
-38 272.7758
-37 246.2565
-36 233.0498
-35 208.6346
-34 192.7534
-33 196.0148
-32 188.4378
-31 189.2371
-30 194.8654
-29 167.4277
-28 190.1848
-27 200.31
-26 190.4363
-25 174.8895
-24 186.085
-23 183.9457
-22 168.5605
-21 182.8383
-20 179.7359
-19 187.4356
-18 184.411
-17 168.526
-16 167.8924
-15 168.4231
-14 169.7749
-13 176.1403
-12 153.6801
-11 163.1448
-10 171.749
-9 157.3881
-8 149.9577
-7 149.842
-6 130.2411
-5 135.951
-4 143.063
-3 133.0792
-2 155.3476
-1 179.6155
0 175.2071
1 176.6507
2 167.3562
3 164.3256
4 172.27
5 166.5344
6 134.0855
7 151.9871
8 147.8714
9 141.1785
10 143.002
11 135.7745
12 148.742
13 128.6866
14 125.7237
15 126.9557
16 140.4581
17 141.4973
18 151.136
19 152.8082
20 129.9992
21 141.2525
22 155.9394
23 150.7055
24 149.4535
25 160.413
26 158.4044
27 161.017
28 159.6612
29 148.5835
30 178.3931
31 179.1658
32 189.6208
33 172.4813
34 175.489
35 179.461
36 202.8726
37 191.1129
38 188.4197
39 232.318
40 247.0727
41 219.2657
42 213.4085
43 205.5458
44 232.0253
45 266.4104
46 248.6148
47 247.951
48 292.3993
49 258.7706
50 288.0695
51 309.1748
52 295.1098
53 315.4238
54 313.6323
55 306.0988
56 332.4915
57 369.4462
58 373.8008
59 401.466
60 390.458
61 386.1621
62 425.5116
63 395.4539
64 396.9404
65 421.4625
66 425.8868
67 438.8394
68 528.2999
69 558.9604
70 572.3262
71 651.6888
72 725.1428
73 762.4203
74 816.9965
75 840.4338
76 874.7898
77 890.63
78 969.9429
79 1054.0952
80 1057.6808
81 1096.2372
82 1088.198
83 1133.722
84 1204.5138
85 1143.9865
86 1168.764
87 1227.4084
88 1242.4003
89 1322.2784
