-90 1817.4943
-89 1847.3219
-88 1952.6764
-87 1935.0292
-86 1922.9543
-85 1965.5037
-84 1907.72
-83 1934.6399
-82 1949.7493
-81 2018.2205
-80 2032.6682
-79 2028.7589
-78 2071.5212
-77 1944.5215
-76 1926.8784
-75 1963.5944
-74 1957.8354
-73 1934.5908
-72 1920.8423
-71 1993.1896
-70 1982.9089
-69 1962.1205
-68 1959.3138
-67 1982.2506
-66 1928.7206
-65 1934.2959
-64 1910.5487
-63 1931.8479
-62 1895.7931
-61 1912.0121
-60 1939.1636
-59 1823.269
-58 1814.8534
-57 1724.6753
-56 1735.5289
-55 1761.709
-54 1674.8563
-53 1598.4304
-52 1605.611
-51 1600.6426
-50 1532.4038
-49 1492.4619
-48 1444.1774
-47 1427.8564
-46 1413.1544
-45 1373.7098
-44 1367.2617
-43 1400.5831
-42 1357.5525
-41 1297.2115
-40 1329.605
-39 1338.2223
-38 1271.4973
-37 1283.1667
-36 1210.1069
-35 1246.2216
-34 1241.7029
-33 1240.8953
-32 1202.5349
-31 1157.9764
-30 1158.6548
-29 1151.7424
-28 1135.6118
-27 1078.515
-26 1079.0233
-25 1069.4023
-24 1006.0839
-23 973.9316
-22 991.574
-21 956.2632
-20 893.0966
-19 872.9326
-18 866.8127
-17 860.8487
-16 855.861
-15 868.1735
-14 835.7979
-13 827.6294
-12 811.1478
-11 769.2007
-10 739.8834
-9 719.0933
-8 709.92
-7 686.8376
-6 696.304
-5 673.3549
-4 689.6735
-3 657.4219
-2 628.8269
-1 618.1524
0 603.3635
1 604.538
2 592.9385
3 605.3198
4 614.7852
5 540.5322
6 550.6389
7 540.9208
8 521.5473
9 510.5536
10 524.5127
11 534.5545
12 499.4904
13 485.6031
14 519.7677
15 485.5086
16 498.4177
17 511.2987
18 483.5976
19 470.2535
20 455.6183
21 455.233
22 443.7324
23 439.0633
24 455.8334
25 471.0848
26 428.0367
27 407.844
28 403.9724
29 441.1837
30 451.4921
31 421.3921
32 419.9271
33 405.5215
34 414.8913
35 416.6882
36 431.7096
37 469.9557
38 487.4586
39 517.6606
40 546.3974
41 562.3701
42 574.0081
43 563.2509
44 590.6265
45 604.5306
46 623.5765
47 617.8697
48 649.7386
49 685.9273
50 666.5553
51 712.0042
52 758.4316
53 764.6147
54 799.3543
55 853.1381
56 905.6934
57 951.9348
58 953.5284
59 988.4542
60 988.04
61 991.9601
62 1035.7448
63 1015.3018
64 1070.7454
65 1076.287
66 1108.3516
67 1149.8145
68 1144.6492
69 1167.2034
70 1223.3416
71 1236.7728
72 1228.8894
73 1285.9886
74 1330.8701
75 1371.59
76 1431.8872
77 1439.8521
78 1425.772
79 1483.9314
80 1520.8254
81 1556.2645
82 1581.473
83 1675.5621
84 1684.877
85 1701.4961
86 1766.0319
87 1771.4078
88 1750.0797
89 1765.9304
