-90 1166.2686
-89 1187.6483
-88 1225.9515
-87 1205.1814
-86 1172.8696
-85 1133.076
-84 1132.7175
-83 1099.5347
-82 1076.9034
-81 1141.3213
-80 1149.2684
-79 1072.2323
-78 1055.1987
-77 1081.6636
-76 1060.3942
-75 1033.3568
-74 1067.7949
-73 1073.8201
-72 1093.0012
-71 1026.97
-70 1006.4114
-69 1007.7802
-68 1000.7808
-67 982.2502
-66 930.7093
-65 933.8474
-64 913.1602
-63 865.4286
-62 884.1075
-61 846.6556
-60 827.426
-59 784.583
-58 800.5028
-57 793.3732
-56 805.8403
-55 802.1902
-54 750.5551
-53 728.441
-52 716.1313
-51 718.5139
-50 709.5871
-49 677.5143
-48 646.0204
-47 633.6429
-46 651.7569
-45 624.3363
-44 635.2446
-43 626.8211
-42 638.0347
-41 624.8842
-40 608.6566
-39 599.6861
-38 586.4857
-37 588.5944
-36 568.9012
-35 563.8019
-34 521.1017
-33 530.0166
-32 547.1426
-31 514.2379
-30 520.4215
-29 514.9102
-28 522.9649
-27 545.9571
-26 555.7404
-25 585.9988
-24 608.2574
-23 632.2394
-22 647.3524
-21 608.9241
-20 605.2186
-19 613.3299
-18 608.5264
-17 636.6766
-16 644.9006
-15 655.5485
-14 645.6593
-13 620.3527
-12 673.3406
-11 659.0029
-10 643.9673
-9 630.3024
-8 627.124
-7 611.1777
-6 628.0198
-5 635.6773
-4 625.9699
-3 613.204
-2 571.8346
-1 562.2571
0 550.3582
1 541.2096
2 539.7913
3 510.0798
4 467.9297
5 483.6846
6 489.8774
7 515.8271
8 456.3812
9 458.3411
10 424.3764
11 448.6926
12 455.4262
13 438.5749
14 437.494
15 442.1243
16 441.0617
17 424.946
18 470.3702
19 447.8801
20 453.1487
21 464.2435
22 476.9417
23 495.2468
24 473.0683
25 444.0099
26 462.1289
27 442.2403
28 454.0319
29 464.2987
30 459.1523
31 489.0969
32 493.6122
33 498.5235
34 486.144
35 504.2047
36 452.4613
37 495.4691
38 495.6353
39 483.3685
40 462.0457
41 470.1566
42 478.3078
43 514.6111
44 504.4859
45 511.4872
46 509.4072
47 487.154
48 506.5682
49 517.2795
50 532.7223
51 545.4983
52 568.4547
53 584.4919
54 551.5029
55 525.5266
56 537.4166
57 593.5747
58 629.1982
59 628.0759
60 659.0088
61 674.8621
62 724.2684
63 672.5208
64 703.6296
65 748.3337
66 795.1678
67 774.8019
68 817.011
69 860.3242
70 853.8606
71 898.1509
72 920.4814
73 951.6641
74 970.0244
75 996.2803
76 1052.6927
77 1015.8676
78 1040.5433
79 1003.2272
80 1016.7628
81 1096.7328
82 1135.9664
83 1150.5243
84 1136.2728
85 1161.2535
86 1138.448
87 1146.9036
88 1160.6929
89 1136.9017
