-90 910.8394
-89 834.1572
-88 830.7306
-87 873.1241
-86 868.7188
-85 817.7053
-84 763.606
-83 764.0317
-82 762.1701
-81 771.7344
-80 723.2459
-79 685.9909
-78 621.7555
-77 599.7642
-76 595.901
-75 635.8618
-74 622.3391
-73 651.6841
-72 592.8641
-71 561.3073
-70 543.906
-69 530.5554
-68 527.358
-67 468.5348
-66 446.6192
-65 410.4072
-64 409.0795
-63 408.6705
-62 371.2525
-61 334.887
-60 320.8438
-59 298.4187
-58 268.7768
-57 244.2936
-56 251.203
-55 257.101
-54 206.5846
-53 204.6897
-52 166.8534
-51 161.6981
-50 155.4724
-49 126.1533
-48 123.8024
-47 110.3835
-46 88.9015
-45 84.0629
-44 80.9927
-43 74.0836
-42 79.4087
-41 78.7316
-40 64.2675
-39 57.1104
-38 57.0816
-37 52.9124
-36 47.6992
-35 44.191
-34 32.839
-33 25.0671
-32 22.4602
-31 30.9307
-30 25.8826
-29 22.8031
-28 16.0575
-27 15.0258
-26 16.4669
-25 21.1084
-24 27.874
-23 18.7838
-22 17.7388
-21 15.6719
-20 16.4449
-19 10.8369
-18 10.7806
-17 12.7931
-16 10.3557
-15 10.103
-14 7.9934
-13 9.9479
-12 7.3862
-11 9.3963
-10 8.7163
-9 8.9327
-8 9.6696
-7 9.9336
-6 11.1948
-5 9.0575
-4 11.3476
-3 11.6281
-2 10.6096
-1 14.0442
0 16.4343
1 10.0603
2 12.1451
3 12.9996
4 10.8291
5 17.2287
6 14.9096
7 16.6837
8 16.7529
9 14.7154
10 16.4378
11 12.4908
12 11.743
13 15.2671
14 15.6945
15 20.8703
16 17.1739
17 17.2778
18 18.5037
19 20.7985
20 25.8756
21 23.0474
22 27.3287
23 25.6177
24 23.9834
25 32.6012
26 31.9065
27 28.0413
28 36.2441
29 36.4507
30 43.2765
31 43.3329
32 47.7598
33 51.4948
34 47.2684
35 61.1628
36 53.2475
37 56.6504
38 57.4022
39 64.7121
40 65.3342
41 68.0431
42 90.1094
43 106.3435
44 114.5618
45 125.4223
46 118.691
47 138.6028
48 163.3315
49 161.5462
50 161.598
51 173.9648
52 170.2545
53 164.3384
54 163.6977
55 178.9789
56 191.4518
57 215.189
58 252.5806
59 268.6871
60 302.0709
61 315.9356
62 327.0071
63 352.5177
64 405.4528
65 426.4662
66 419.3603
67 417.7879
68 436.5283
69 456.6109
70 459.9284
71 529.5226
72 536.3253
73 589.2719
74 617.2222
75 625.422
76 623.417
77 630.2847
78 700.0798
79 759.6423
80 786.973
81 819.5698
82 829.1432
83 871.8123
84 930.5797
85 907.744
86 919.6049
87 947.5926
88 967.5231
89 954.4778
