-90 1681.609
-89 1675.6545
-88 1796.8398
-87 1776.5707
-86 1823.0862
-85 1790.0278
-84 1772.561
-83 1748.9761
-82 1807.0909
-81 1706.9032
-80 1670.2427
-79 1607.7659
-78 1561.1228
-77 1456.1852
-76 1360.6082
-75 1204.4805
-74 1116.9288
-73 1023.3772
-72 997.5962
-71 942.5148
-70 876.8438
-69 879.856
-68 846.4744
-67 779.3889
-66 778.3187
-65 738.0298
-64 694.4089
-63 653.1502
-62 594.9972
-61 534.2811
-60 505.9297
-59 479.2393
-58 448.7622
-57 396.319
-56 341.5847
-55 323.1527
-54 296.5806
-53 269.228
-52 260.169
-51 234.7853
-50 223.6669
-49 201.2849
-48 164.7765
-47 151.0515
-46 155.5526
-45 145.1137
-44 142.7642
-43 134.7582
-42 141.9278
-41 131.8123
-40 123.2408
-39 110.1505
-38 106.1908
-37 104.9638
-36 97.746
-35 99.1796
-34 99.3828
-33 88.9296
-32 79.4834
-31 74.851
-30 72.6057
-29 65.8417
-28 50.2411
-27 49.6754
-26 53.5744
-25 67.7594
-24 58.6658
-23 65.8175
-22 55.301
-21 55.3949
-20 46.9988
-19 45.0067
-18 40.6958
-17 39.3542
-16 34.1592
-15 32.6136
-14 35.3772
-13 31.7622
-12 24.0898
-11 19.9269
-10 24.916
-9 39.0735
-8 30.8066
-7 24.0259
-6 22.3183
-5 27.3359
-4 27.1276
-3 21.0244
-2 21.4566
-1 14.2438
0 20.1467
1 15.8837
2 17.1964
3 21.2377
4 20.3442
5 18.023
6 16.572
7 15.1497
8 18.0516
9 12.7115
10 15.9215
11 15.2334
12 10.4926
13 11.7477
14 12.9215
15 11.5106
16 12.3074
17 12.6274
18 11.7389
19 12.0187
20 12.454
21 11.7656
22 23.186
23 21.7428
24 23.141
25 28.8999
26 46.868
27 58.9359
28 53.096
29 45.9222
30 49.4959
31 53.5038
32 51.7836
33 50.4016
34 46.2215
35 55.1187
36 56.7759
37 56.2603
38 59.7406
39 62.4981
40 73.9909
41 75.7754
42 84.141
43 91.2994
44 106.3185
45 119.2349
46 123.7071
47 113.1016
48 140.3375
49 169.1184
50 178.6858
51 231.3903
52 262.4054
53 256.6391
54 268.5406
55 245.2498
56 224.5839
57 217.4358
58 235.9019
59 265.5437
60 318.337
61 302.2742
62 348.2498
63 378.9038
64 408.9406
65 430.2662
66 467.992
67 536.8945
68 522.9551
69 602.2841
70 618.6721
71 664.6135
72 741.613
73 834.3374
74 904.16
75 976.7257
76 986.5236
77 1005.2606
78 1098.1151
79 1224.9788
80 1250.752
81 1364.9434
82 1371.0018
83 1380.5033
84 1381.5297
85 1417.6373
86 1583.6982
87 1655.0989
88 1655.011
89 1659.7552
