-90 2353.0928
-89 2241.9417
-88 2240.1672
-87 2266.0093
-86 2268.2617
-85 2176.1414
-84 2286.1335
-83 2276.8276
-82 2191.6975
-81 2095.6411
-80 2035.0276
-79 1973.7258
-78 1847.4745
-77 1865.5669
-76 1834.2659
-75 1692.8821
-74 1591.238
-73 1617.3918
-72 1590.1401
-71 1523.7656
-70 1503.5441
-69 1503.1643
-68 1412.4242
-67 1344.4186
-66 1268.222
-65 1229.7823
-64 1205.7081
-63 1126.6356
-62 1028.3489
-61 1037.7234
-60 986.5709
-59 924.3408
-58 873.0028
-57 815.065
-56 770.1777
-55 759.7918
-54 677.1642
-53 651.6725
-52 593.7119
-51 493.3334
-50 462.275
-49 464.1477
-48 452.0041
-47 419.4764
-46 383.1195
-45 371.2168
-44 329.6219
-43 302.7481
-42 292.8001
-41 272.65
-40 254.7442
-39 248.4758
-38 230.8165
-37 231.4346
-36 207.7818
-35 202.0004
-34 161.6711
-33 140.9153
-32 148.4201
-31 144.2142
-30 148.8993
-29 149.5154
-28 146.7871
-27 132.5527
-26 126.3622
-25 120.4806
-24 106.6523
-23 101.9455
-22 123.7748
-21 117.7473
-20 105.9681
-19 94.3783
-18 85.5757
-17 80.751
-16 94.8465
-15 89.8119
-14 93.0082
-13 97.4209
-12 81.9317
-11 85.1237
-10 89.7669
-9 88.2937
-8 97.534
-7 86.8013
-6 75.9035
-5 85.2074
-4 101.3978
-3 105.5748
-2 115.8856
-1 127.7784
0 131.1463
1 134.1351
2 122.0625
3 122.6558
4 122.8156
5 117.8661
6 101.0979
7 97.9271
8 108.4743
9 110.8654
10 88.9782
11 87.693
12 88.757
13 81.4539
14 93.1213
15 88.5582
16 97.0469
17 90.1328
18 76.0462
19 81.1399
20 102.2635
21 123.4836
22 109.1855
23 98.7062
24 98.0398
25 90.3834
26 108.8434
27 97.7199
28 96.965
29 94.7003
30 112.4067
31 116.9366
32 103.8775
33 102.1092
34 137.1514
35 141.5568
36 153.804
37 166.2663
38 193.114
39 198.9567
40 195.0584
41 216.8747
42 233.7131
43 243.4865
44 262.7404
45 263.4477
46 275.6794
47 279.1962
48 297.0492
49 332.5039
50 365.5144
51 418.1154
52 495.9128
53 546.8736
54 589.4004
55 668.9576
56 739.7359
57 802.6463
58 968.3964
59 1067.2421
60 1120.917
61 1203.8351
62 1271.9519
63 1385.6292
64 1501.0918
65 1534.4083
66 1663.9906
67 1772.9216
68 1851.2573
69 1913.5719
70 1975.0739
71 2068.8271
72 2128.5691
73 2143.5251
74 2243.7832
75 2346.0659
76 2382.5791
77 2493.3069
78 2528.4385
79 2528.1089
80 2559.6582
81 2534.4736
82 2664.1729
83 2653.748
84 2546.0474
85 2591.5837
86 2481.6726
87 2461.8118
88 2389.2117
89 2459.99
