-90 2854.4363
-89 2975.6863
-88 2952.4585
-87 2833.9087
-86 2810.3843
-85 2914.2014
-84 2902.322
-83 2903.1663
-82 2968.541
-81 2950.8809
-80 2862.7859
-79 2737.8923
-78 2540.2161
-77 2464.9209
-76 2455.353
-75 2349.3196
-74 2362.7837
-73 2351.469
-72 2221.3525
-71 2084.4714
-70 1975.9153
-69 1879.4634
-68 1796.5582
-67 1725.5117
-66 1697.1506
-65 1536.4363
-64 1375.5397
-63 1337.3171
-62 1278.7787
-61 1156.824
-60 1073.2905
-59 961.3779
-58 897.6886
-57 810.8022
-56 784.4235
-55 735.3401
-54 656.9082
-53 599.4097
-52 570.2296
-51 507.4129
-50 476.1899
-49 420.7162
-48 379.8389
-47 350.3105
-46 295.3131
-45 297.0708
-44 267.6821
-43 226.1004
-42 210.8434
-41 228.3309
-40 225.5648
-39 216.4495
-38 203.6892
-37 195.8955
-36 162.5561
-35 139.5118
-34 142.6988
-33 131.8149
-32 118.6441
-31 118.8705
-30 124.2595
-29 113.305
-28 107.5329
-27 124.4525
-26 123.691
-25 104.4683
-24 106.1195
-23 116.9216
-22 102.0028
-21 99.9495
-20 103.2882
-19 82.3342
-18 88.4167
-17 73.2543
-16 75.0769
-15 83.5123
-14 88.5622
-13 101.4903
-12 99.5145
-11 90.3819
-10 103.1856
-9 105.0433
-8 94.9025
-7 81.922
-6 81.5581
-5 91.9384
-4 87.3677
-3 76.3018
-2 54.4722
-1 64.8579
0 77.0413
1 76.4369
2 70.6241
3 66.5721
4 68.3329
5 68.8496
6 63.0993
7 64.4847
8 60.2767
9 58.1799
10 54.924
11 60.9737
12 65.4416
13 69.4563
14 66.8075
15 73.8333
16 74.0222
17 76.5429
18 78.8068
19 83.5154
20 75.1157
21 65.9225
22 77.2166
23 77.8266
24 89.3299
25 85.4681
26 88.206
27 98.9923
28 113.6684
29 109.4475
30 114.8297
31 129.7528
32 133.0449
33 134.3926
34 127.0105
35 121.8939
36 135.439
37 137.2902
38 122.5415
39 134.1659
40 152.9014
41 149.1158
42 158.013
43 154.6871
44 180.1496
45 200.0502
46 214.2027
47 235.3486
48 240.938
49 270.3851
50 295.7173
51 317.7801
52 357.4623
53 354.13
54 383.9707
55 441.9132
56 479.4421
57 515.0155
58 516.8176
59 559.001
60 573.2241
61 600.9426
62 656.2705
63 710.0729
64 746.973
65 773.2017
66 846.2051
67 925.9135
68 981.2773
69 1044.451
70 1168.8156
71 1229.1693
72 1318.3833
73 1434.7295
74 1490.163
75 1604.1646
76 1704.365
77 1794.5238
78 1859.6398
79 1943.7278
80 1995.6382
81 2145.9104
82 2338.1724
83 2344.4785
84 2426.5564
85 2480.5513
86 2568.5142
87 2580.489
88 2602.6038
89 2725.4287
