-90 530.0336
-89 543.725
-88 538.8889
-87 556.1885
-86 501.0159
-85 503.7563
-84 517.6532
-83 582.5018
-82 606.236
-81 684.7275
-80 678.969
-79 728.7432
-78 776.8145
-77 830.1791
-76 873.9124
-75 881.298
-74 892.16
-73 875.6282
-72 856.1959
-71 825.886
-70 778.7316
-69 816.2194
-68 861.1584
-67 796.9556
-66 797.5633
-65 766.871
-64 777.9936
-63 763.2868
-62 717.8043
-61 672.8643
-60 666.0479
-59 626.3814
-58 616.2694
-57 586.1955
-56 545.057
-55 547.8967
-54 538.1562
-53 536.0174
-52 435.3508
-51 385.1915
-50 351.2733
-49 314.9875
-48 298.4803
-47 302.7141
-46 272.9957
-45 247.1977
-44 236.6676
-43 199.8076
-42 182.1192
-41 161.1834
-40 140.6959
-39 138.8271
-38 122.7868
-37 100.98
-36 95.4551
-35 87.9236
-34 83.2798
-33 84.473
-32 74.791
-31 80.2148
-30 65.9647
-29 66.0612
-28 53.9763
-27 58.0839
-26 54.3724
-25 63.6366
-24 62.3132
-23 49.8231
-22 46.2373
-21 44.1998
-20 39.2511
-19 39.6754
-18 36.7127
-17 33.2883
-16 37.8395
-15 30.2476
-14 29.3726
-13 26.9829
-12 23.2599
-11 17.021
-10 21.3011
-9 22.8397
-8 11.7021
-7 9.7514
-6 14.1565
-5 10.9542
-4 11.4505
-3 7.0854
-2 11.217
-1 8.8873
0 10.6284
1 9.1679
2 9.2974
3 11.6204
4 14.4815
5 13.2467
6 10.207
7 6.1021
8 10.9495
9 13.2227
10 15.3013
11 16.4023
12 15.2211
13 11.6341
14 10.083
15 8.0776
16 8.5354
17 6.4954
18 7.0323
19 2.9278
20 5.5177
21 6.2778
22 6.0858
23 9.6788
24 10.0152
25 7.8711
26 6.1515
27 7.2977
28 9.9413
29 6.0989
30 8.8809
31 11.853
32 10.2352
33 8.5269
34 13.2248
35 7.3818
36 5.6904
37 4.4626
38 6.9523
39 4.2495
40 3.4439
41 6.1958
42 7.9861
43 7.6328
44 5.7369
45 6.7612
46 10.9731
47 11.4943
48 20.455
49 13.2949
50 14.4773
51 13.4947
52 14.1591
53 14.1113
54 13.4869
55 17.4732
56 16.067
57 17.3603
58 23.3402
59 22.4687
60 25.858
61 28.5648
62 37.6464
63 45.7991
64 51.4761
65 70.5728
66 73.2323
67 58.1016
68 66.7075
69 66.7587
70 79.4369
71 94.5006
72 109.4815
73 119.6078
74 133.4425
75 165.5798
76 177.5675
77 199.4741
78 224.1903
79 243.7359
80 277.6934
81 299.2166
82 301.7101
83 316.8325
84 352.2684
85 367.6796
86 411.7773
87 442.8692
88 443.8292
89 490.4099
