-90 1259.424
-89 1340.6012
-88 1302.509
-87 1262.252
-86 1230.7953
-85 1172.4534
-84 1139.3438
-83 1103.0696
-82 1064.4225
-81 1046.431
-80 1011.0873
-79 926.4299
-78 839.7085
-77 834.5547
-76 837.0223
-75 739.7562
-74 705.5927
-73 688.5984
-72 658.9303
-71 595.4874
-70 505.7592
-69 462.7994
-68 443.4036
-67 421.232
-66 392.3839
-65 358.8029
-64 309.4818
-63 277.3051
-62 253.1862
-61 249.1838
-60 227.0136
-59 173.2542
-58 191.4516
-57 159.3414
-56 141.9733
-55 139.0627
-54 129.8734
-53 112.7885
-52 77.7588
-51 93.2996
-50 85.3019
-49 78.7586
-48 72.4887
-47 62.491
-46 66.723
-45 57.8014
-44 54.0629
-43 48.3184
-42 48.3061
-41 60.8676
-40 47.5803
-39 36.5248
-38 33.2805
-37 29.8122
-36 42.5945
-35 49.8428
-34 43.8517
-33 49.491
-32 61.9027
-31 44.0637
-30 37.6526
-29 27.7552
-28 31.1529
-27 25.0099
-26 22.534
-25 19.5705
-24 17.7996
-23 17.1289
-22 9.4846
-21 14.3379
-20 10.6305
-19 16.3829
-18 13.3001
-17 19.8164
-16 21.8031
-15 16.0163
-14 18.4697
-13 20.9798
-12 24.0698
-11 25.1711
-10 22.5343
-9 17.4243
-8 12.1891
-7 14.3922
-6 17.0154
-5 16.5759
-4 20.3024
-3 18.6168
-2 16.0676
-1 22.4775
0 22.8691
1 17.6331
2 19.3871
3 22.918
4 23.6945
5 19.0832
6 22.257
7 20.8125
8 20.6158
9 20.245
10 16.1889
11 11.2428
12 20.1225
13 15.2974
14 13.4969
15 16.5104
16 21.274
17 16.7624
18 21.1639
19 19.8238
20 22.8857
21 30.3233
22 28.3522
23 30.593
24 34.1435
25 31.5252
26 23.2909
27 31.8312
28 35.8123
29 34.4953
30 30.2207
31 37.641
32 43.8204
33 36.5051
34 35.167
35 32.772
36 37.9639
37 52.3415
38 55.4203
39 55.4475
40 56.6337
41 58.3242
42 54.5059
43 72.9332
44 77.8902
45 99.0611
46 96.0118
47 106.2224
48 110.2152
49 121.9051
50 135.4785
51 164.2545
52 171.2007
53 199.6808
54 241.5591
55 280.678
56 328.4315
57 350.2007
58 374.5098
59 455.5897
60 482.7485
61 530.8116
62 597.403
63 629.851
64 674.301
65 750.3754
66 865.4444
67 927.6097
68 1007.0577
69 1091.6688
70 1116.6858
71 1205.8694
72 1239.2808
73 1278.8066
74 1294.1898
75 1244.8624
76 1206.8813
77 1262.2496
78 1227.2775
79 1217.8516
80 1267.1152
81 1345.8734
82 1335.6731
83 1338.3401
84 1345.2324
85 1313.9896
86 1304.2047
87 1350.3007
88 1362.1885
89 1287.3323
