-90 853.6298
-89 870.9368
-88 824.3434
-87 831.4889
-86 864.2819
-85 854.5102
-84 900.7474
-83 855.6086
-82 849.2083
-81 823.4713
-80 865.0581
-79 961.3976
-78 946.8301
-77 958.662
-76 932.0895
-75 899.1995
-74 879.993
-73 860.441
-72 831.8969
-71 822.2118
-70 869.2397
-69 809.633
-68 806.8235
-67 754.0956
-66 715.8209
-65 698.9827
-64 690.3402
-63 694.8592
-62 651.7523
-61 629.2348
-60 593.6799
-59 579.0149
-58 611.9079
-57 618.839
-56 601.2659
-55 580.2228
-54 579.0893
-53 582.5525
-52 524.02
-51 520.5261
-50 502.7918
-49 453.4628
-48 460.5031
-47 454.2295
-46 449.5704
-45 411.0495
-44 394.0662
-43 374.6146
-42 362.7722
-41 360.1253
-40 360.9127
-39 357.7838
-38 344.6698
-37 355.23
-36 340.3616
-35 276.8554
-34 254.6181
-33 268.4884
-32 257.0001
-31 262.9209
-30 234.5153
-29 247.0916
-28 245.9932
-27 218.2746
-26 190.9274
-25 160.5917
-24 140.4824
-23 159.5999
-22 138.5618
-21 124.7511
-20 124.6339
-19 125.9786
-18 118.9402
-17 114.5975
-16 118.1147
-15 101.514
-14 108.2427
-13 110.1826
-12 94.1404
-11 95.4704
-10 98.3395
-9 105.8629
-8 96.3405
-7 91.1752
-6 104.6542
-5 105.6858
-4 90.9296
-3 104.5159
-2 91.2041
-1 98.0605
0 83.8062
1 78.2054
2 80.9613
3 86.4913
4 95.0679
5 79.419
6 90.8215
7 81.6562
8 90.114
9 83.1376
10 77.6709
11 79.4026
12 80.6784
13 74.719
14 82.2994
15 77.1795
16 79.6435
17 69.7517
18 73.258
19 79.1796
20 65.8684
21 68.2056
22 63.309
23 71.1968
24 73.3121
25 74.908
26 72.0767
27 83.7024
28 75.0761
29 72.4405
30 86.668
31 94.6417
32 100.1572
33 106.8646
34 113.437
35 117.1777
36 132.4137
37 172.3862
38 180.1588
39 136.725
40 128.2503
41 145.273
42 136.5345
43 134.7573
44 123.1471
45 142.0111
46 153.283
47 158.863
48 132.233
49 141.2869
50 161.4117
51 156.4088
52 184.343
53 175.7834
54 173.0342
55 200.9104
56 210.8521
57 217.7926
58 264.8045
59 273.1899
60 319.9367
61 333.0236
62 325.7537
63 343.1837
64 310.0697
65 340.4218
66 325.9336
67 367.8894
68 343.1696
69 360.1245
70 363.6573
71 380.6917
72 397.1631
73 421.2314
74 459.0985
75 424.9888
76 515.3627
77 523.2139
78 485.7567
79 576.2869
80 617.7523
81 621.4873
82 632.0395
83 666.7764
84 690.7578
85 755.1973
86 813.2162
87 795.4371
88 814.909
89 863.6405
