-90 1591.2028
-89 1580.3333
-88 1585.6669
-87 1546.9333
-86 1573.1023
-85 1579.7817
-84 1501.6967
-83 1439.9607
-82 1421.853
-81 1401.2751
-80 1424.8842
-79 1315.4933
-78 1288.3563
-77 1221.1595
-76 1134.4896
-75 1112.9879
-74 1121.0297
-73 1141.9004
-72 1145.1896
-71 1088.5186
-70 1056.8041
-69 1003.1321
-68 971.6602
-67 907.8569
-66 870.7354
-65 825.9005
-64 751.866
-63 715.3518
-62 669.9553
-61 677.3356
-60 646.8672
-59 584.7615
-58 507.9757
-57 505.9189
-56 485.4968
-55 449.3227
-54 421.782
-53 402.1923
-52 376.0187
-51 327.6981
-50 336.2013
-49 329.6483
-48 333.8696
-47 324.7924
-46 301.6938
-45 285.6864
-44 243.7998
-43 239.9301
-42 226.0592
-41 196.2485
-40 187.4825
-39 197.7245
-38 195.5217
-37 198.814
-36 184.3785
-35 169.2856
-34 135.8811
-33 125.4143
-32 117.6561
-31 104.6402
-30 98.8769
-29 98.0055
-28 75.9162
-27 68.4784
-26 72.3122
-25 66.5245
-24 81.4629
-23 75.9856
-22 65.3268
-21 62.8083
-20 66.9036
-19 74.1575
-18 56.6993
-17 51.6416
-16 59.5126
-15 61.0343
-14 63.0413
-13 63.663
-12 59.1203
-11 59.3148
-10 57.1333
-9 52.0071
-8 59.6611
-7 57.6051
-6 60.2208
-5 56.4215
-4 40.7106
-3 34.535
-2 36.3416
-1 35.8642
0 37.198
1 32.2295
2 41.9952
3 33.5414
4 41.7309
5 35.4968
6 38.8212
7 40.8061
8 47.2932
9 40.9775
10 32.9975
11 38.2805
12 47.9892
13 54.7848
14 48.0778
15 52.821
16 46.0908
17 44.2782
18 49.7826
19 45.6662
20 43.6936
21 44.4157
22 44.5037
23 43.485
24 57.4554
25 63.4861
26 57.2971
27 51.0311
28 58.9283
29 56.3631
30 57.8396
31 76.4851
32 70.8415
33 87.7771
34 91.1907
35 95.816
36 89.1529
37 90.2146
38 115.4697
39 121.869
40 113.8329
41 131.0985
42 140.0054
43 147.3083
44 149.3357
45 166.6095
46 182.4384
47 151.2033
48 180.2667
49 179.4801
50 188.2582
51 213.891
52 228.3533
53 225.477
54 233.4535
55 284.6942
56 321.5922
57 348.6804
58 414.9029
59 443.8322
60 448.3708
61 495.8456
62 525.0928
63 482.9067
64 466.4177
65 507.6783
66 591.8919
67 589.4982
68 585.6956
69 691.7445
70 759.0609
71 771.0086
72 807.2262
73 800.4547
74 795.1361
75 877.1482
76 890.3707
77 943.7078
78 951.7421
79 992.6357
80 1012.0934
81 1038.7782
82 1127.7944
83 1241.4961
84 1328.9943
85 1306.0563
86 1351.8904
87 1358.049
88 1409.379
89 1481.8959
