
389
0 0 2 2 308 114 329 185 
0 1 2 2 356 195 341 143 
0 2 2 2 346 73 355 134 
0 3 2 2 410 154 399 91 
0 4 2 2 378 76 373 9 
0 5 2 2 286 18 318 68 
0 6 2 2 299 68 268 23 
0 7 2 2 209 1 218 53 
0 8 2 2 175 148 200 85 
0 9 2 2 139 54 139 110 
0 10 2 2 110 138 110 93 
0 11 2 2 80 28 83 74 
0 12 2 2 145 186 119 263 
0 13 2 2 183 320 181 255 
0 14 2 2 190 189 189 263 
0 15 2 2 209 337 236 378 
0 16 2 2 226 408 188 357 
0 17 2 2 154 357 191 413 
0 18 2 2 136 355 114 293 
0 19 2 2 114 352 145 434 
0 20 2 2 116 435 85 383 
0 21 2 2 53 352 78 402 
0 22 2 2 34 444 29 395 
0 23 2 2 56 265 64 201 
0 24 2 2 43 170 46 244 
0 25 2 2 86 185 94 138 
0 26 2 2 23 155 38 116 
0 27 2 2 48 46 38 104 
0 28 2 2 424 8 422 56 
0 29 2 2 434 69 462 25 
0 30 2 2 490 6 502 54 
0 31 2 2 532 56 524 15 
0 32 2 2 583 11 574 50 
0 33 2 2 562 101 553 174 
0 34 2 2 542 179 549 106 
0 35 2 2 554 194 539 256 
0 36 2 2 510 228 523 171 
0 37 2 2 488 240 479 317 
0 38 2 2 455 317 454 229 
0 39 2 2 432 221 432 289 
0 40 2 2 394 260 385 190 
0 41 2 2 395 166 399 215 
0 42 2 2 364 365 350 300 
0 43 2 2 309 210 325 266 
0 44 2 2 313 433 279 373 
0 45 2 2 239 444 278 498 
0 46 2 2 659 34 648 95 
0 47 2 2 685 68 694 19 
0 48 2 2 725 6 724 51 
0 49 2 2 689 96 704 60 
0 50 2 2 752 64 794 8 
0 51 2 2 802 39 773 76 
0 52 2 2 765 84 747 126 
0 53 2 2 782 130 808 63 
0 54 2 2 821 81 804 133 
0 55 2 2 749 233 764 175 
0 56 2 2 735 174 727 215 
0 57 2 2 684 269 687 213 
0 58 2 2 675 149 654 214 
0 59 2 2 617 281 620 231 
0 60 2 2 622 104 620 161 
0 61 2 2 590 223 598 174 
0 62 2 2 623 171 603 211 
0 63 2 2 554 325 569 251 
0 64 2 2 565 218 553 259 
0 65 2 2 515 405 517 354 
0 66 2 2 554 328 543 383 
0 67 2 2 552 465 570 409 
0 68 2 2 493 472 453 525 
0 69 2 2 420 560 429 503 
0 70 2 2 430 484 437 407 
0 71 2 2 386 418 384 472 
0 72 2 2 396 568 404 512 
0 73 2 2 369 477 374 529 
0 74 2 2 363 588 349 533 
0 75 2 2 330 570 341 626 
0 76 2 2 303 681 296 642 
0 77 2 2 274 592 274 631 
0 78 2 2 245 662 243 600 
0 79 2 2 196 607 213 659 
0 80 2 2 170 646 151 594 
0 81 2 2 160 578 170 529 
0 82 2 2 153 457 156 508 
0 83 2 2 126 483 148 548 
0 84 2 2 125 545 108 482 
0 85 2 2 80 483 108 555 
0 86 2 2 56 592 54 538 
0 87 2 2 48 494 33 555 
0 88 2 2 58 611 50 647 
0 89 2 2 30 732 64 682 
0 90 2 2 49 736 19 786 
0 91 2 2 71 791 95 738 
0 92 2 2 95 652 103 706 
0 93 2 2 106 706 108 706 
0 94 2 2 124 708 124 657 
0 95 2 2 143 643 175 703 
0 96 2 2 210 692 210 739 
0 97 2 2 233 773 234 724 
0 98 2 2 235 787 213 856 
0 99 2 2 238 849 259 799 
0 100 2 2 199 773 171 847 
0 101 2 2 158 843 173 802 
0 102 2 2 146 762 151 802 
0 103 2 2 126 762 124 719 
0 104 2 2 89 832 86 879 
0 105 2 2 49 878 75 811 
0 106 2 2 38 906 11 960 
0 107 2 2 19 960 23 960 
0 108 2 2 50 972 75 907 
0 109 2 2 96 893 93 940 
0 110 2 2 104 970 118 912 
0 111 2 2 134 869 133 894 
0 112 2 2 160 960 173 906 
0 113 2 2 194 882 189 928 
0 114 2 2 206 902 209 957 
0 115 2 2 263 878 274 930 
0 116 2 2 276 951 295 997 
0 117 2 2 278 996 258 940 
0 118 2 2 248 952 271 995 
0 119 2 2 244 1025 239 982 
0 120 2 2 251 1096 238 1168 
0 121 2 2 195 1168 221 1101 
0 122 2 2 183 1101 176 1150 
0 123 2 2 60 1198 93 1155 
0 124 2 2 64 1153 95 1128 
0 125 2 2 108 1075 103 1022 
0 126 2 2 119 992 129 1037 
0 127 2 2 98 1057 80 1021 
0 128 2 2 58 1017 74 966 
0 129 2 2 45 1122 36 1188 
0 130 2 2 6 1187 20 1137 
0 131 2 2 336 1167 330 1098 
0 132 2 2 331 1076 341 1120 
0 133 2 2 288 1125 295 1171 
0 134 2 2 303 1196 303 1145 
0 135 2 2 404 1077 414 1135 
0 136 2 2 389 1127 389 1098 
0 137 2 2 378 1072 381 1027 
0 138 2 2 391 1010 395 963 
0 139 2 2 371 978 365 955 
0 140 2 2 365 913 375 858 
0 141 2 2 340 878 358 942 
0 142 2 2 330 968 309 922 
0 143 2 2 311 894 309 826 
0 144 2 2 308 791 328 827 
0 145 2 2 341 852 334 823 
0 146 2 2 291 702 320 754 
0 147 2 2 270 709 275 666 
0 148 2 2 256 89 265 151 
0 149 2 2 725 368 698 438 
0 150 2 2 695 439 695 368 
0 151 2 2 650 324 649 380 
0 152 2 2 613 439 627 380 
0 153 2 2 660 492 658 544 
0 154 2 2 638 570 630 544 
0 155 2 2 614 518 632 575 
0 156 2 2 575 568 544 492 
0 157 2 2 544 515 559 570 
0 158 2 2 498 573 507 505 
0 159 2 2 514 562 494 649 
0 160 2 2 468 633 477 575 
0 161 2 2 433 569 430 618 
0 162 2 2 407 669 405 634 
0 163 2 2 386 627 398 694 
0 164 2 2 371 748 353 677 
0 165 2 2 330 692 356 762 
0 166 2 2 502 754 502 683 
0 167 2 2 513 728 515 806 
0 168 2 2 539 854 557 772 
0 169 2 2 595 708 624 634 
0 170 2 2 635 666 643 722 
0 171 2 2 675 713 685 654 
0 172 2 2 675 619 703 554 
0 173 2 2 719 528 723 469 
0 174 2 2 764 370 757 308 
0 175 2 2 777 255 778 332 
0 176 2 2 828 260 833 193 
0 177 2 2 843 126 838 79 
0 178 2 2 884 79 898 136 
0 179 2 2 937 169 924 123 
0 180 2 2 956 116 961 168 
0 181 2 2 987 173 982 108 
0 182 2 2 989 74 984 39 
0 183 2 2 921 14 946 60 
0 184 2 2 1014 108 1024 61 
0 185 2 2 1043 24 1044 58 
0 186 2 2 1061 108 1054 206 
0 187 2 2 1021 200 1023 158 
0 188 2 2 1027 254 1028 291 
0 189 2 2 1032 315 1039 355 
0 190 2 2 998 367 983 312 
0 191 2 2 981 304 1009 248 
0 192 2 2 917 303 944 365 
0 193 2 2 897 334 886 281 
0 194 2 2 884 248 912 200 
0 195 2 2 919 373 901 428 
0 196 2 2 1002 477 1033 424 
0 197 2 2 1019 387 988 428 
0 198 2 2 1074 442 1081 369 
0 199 2 2 1123 342 1088 459 
0 200 2 2 1109 464 1126 408 
0 201 2 2 1093 483 1068 555 
0 202 2 2 1042 641 1044 583 
0 203 2 2 1042 637 1027 706 
0 204 2 2 1063 658 1108 592 
0 205 2 2 1149 545 1178 498 
0 206 2 2 1147 514 1169 465 
0 207 2 2 1187 447 1227 393 
0 208 2 2 1212 392 1232 362 
0 209 2 2 1236 399 1252 360 
0 210 2 2 1228 338 1265 278 
0 211 2 2 1238 274 1184 322 
0 212 2 2 1288 276 1312 240 
0 213 2 2 1308 231 1313 189 
0 214 2 2 1265 216 1283 181 
0 215 2 2 1286 158 1303 121 
0 216 2 2 1253 163 1273 131 
0 217 2 2 1268 94 1288 51 
0 218 2 2 1266 40 1223 96 
0 219 2 2 1167 108 1167 59 
0 220 2 2 1126 14 1137 50 
0 221 2 2 1124 71 1137 94 
0 222 2 2 1101 76 1093 9 
0 223 2 2 1074 74 1094 146 
0 224 2 2 1106 184 1106 181 
0 225 2 2 1104 171 1114 238 
0 226 2 2 1073 201 1088 250 
0 227 2 2 1081 293 1063 324 
0 228 2 2 1104 263 1134 210 
0 229 2 2 1054 249 1078 289 
0 230 2 2 854 643 858 696 
0 231 2 2 889 761 856 703 
0 232 2 2 819 703 826 646 
0 233 2 2 790 667 805 718 
0 234 2 2 765 746 774 688 
0 235 2 2 732 706 757 751 
0 236 2 2 713 669 724 618 
0 237 2 2 745 533 752 588 
0 238 2 2 774 524 780 480 
0 239 2 2 822 513 800 582 
0 240 2 2 629 767 602 806 
0 241 2 2 577 886 583 935 
0 242 2 2 584 869 580 823 
0 243 2 2 564 879 545 928 
0 244 2 2 520 1002 515 1065 
0 245 2 2 498 1046 493 1005 
0 246 2 2 448 986 449 904 
0 247 2 2 439 891 419 847 
0 248 2 2 403 891 424 982 
0 249 2 2 428 754 423 801 
0 250 2 2 440 1198 432 1145 
0 251 2 2 473 1131 475 1173 
0 252 2 2 490 1141 499 1198 
0 253 2 2 542 1187 539 1128 
0 254 2 2 585 1142 583 1180 
0 255 2 2 637 1125 615 1052 
0 256 2 2 604 1081 609 1123 
0 257 2 2 540 1102 554 1048 
0 258 2 2 663 958 677 1018 
0 259 2 2 688 1087 689 1037 
0 260 2 2 614 1008 603 961 
0 261 2 2 624 925 639 962 
0 262 2 2 674 936 667 878 
0 263 2 2 679 856 692 911 
0 264 2 2 735 935 719 894 
0 265 2 2 710 826 735 884 
0 266 2 2 838 917 823 864 
0 267 2 2 798 834 805 783 
0 268 2 2 787 767 794 824 
0 269 2 2 794 881 802 938 
0 270 2 2 768 963 785 1020 
0 271 2 2 767 1053 775 1103 
0 272 2 2 797 1095 797 1158 
0 273 2 2 808 1108 834 1151 
0 274 2 2 812 1150 829 1198 
0 275 2 2 742 1187 733 1137 
0 276 2 2 867 1128 859 1067 
0 277 2 2 884 1111 894 1063 
0 278 2 2 919 1128 927 1086 
0 279 2 2 996 1017 1011 972 
0 280 2 2 961 889 944 843 
0 281 2 2 909 808 908 774 
0 282 2 2 959 778 978 713 
0 283 2 2 1037 776 1062 726 
0 284 2 2 1106 676 1159 624 
0 285 2 2 1166 649 1201 590 
0 286 2 2 896 583 931 638 
0 287 2 2 1245 510 1255 463 
0 288 2 2 1325 418 1293 470 
0 289 2 2 1308 502 1341 445 
0 290 2 2 1338 494 1318 552 
0 291 2 2 1301 647 1348 587 
0 292 2 2 1321 651 1288 718 
0 293 2 2 1215 757 1248 711 
0 294 2 2 1213 702 1242 644 
0 295 2 2 1253 572 1220 641 
0 296 2 2 1193 694 1158 747 
0 297 2 2 1158 721 1122 778 
0 298 2 2 1087 758 1078 794 
0 299 2 2 1049 842 1038 901 
0 300 2 2 1146 1001 1152 932 
0 301 2 2 1151 903 1187 833 
0 302 2 2 1102 904 1078 968 
0 303 2 2 1087 993 1071 1055 
0 304 2 2 1098 1120 1116 1048 
0 305 2 2 1132 993 1133 1032 
0 306 2 2 1144 1047 1138 1097 
0 307 2 2 1133 1123 1141 1156 
0 308 2 2 1114 1182 1076 1136 
0 309 2 2 1056 1158 1032 1101 
0 310 2 2 994 1096 992 1163 
0 311 2 2 1252 1206 1303 1171 
0 312 2 2 1267 1176 1285 1123 
0 313 2 2 1237 1111 1261 1045 
0 314 2 2 1211 1042 1194 1086 
0 315 2 2 1338 1088 1367 1027 
0 316 2 2 1303 948 1311 1001 
0 317 2 2 1351 993 1355 936 
0 318 2 2 1337 892 1363 824 
0 319 2 2 1316 743 1323 773 
0 320 2 2 1348 749 1356 726 
0 321 2 2 1323 716 1338 666 
0 322 2 2 1331 656 1351 624 
0 323 2 2 1383 627 1401 694 
0 324 2 2 1401 639 1403 592 
0 325 2 2 1407 560 1402 495 
0 326 2 2 1388 453 1380 484 
0 327 2 2 1383 450 1391 419 
0 328 2 2 1392 349 1388 393 
0 329 2 2 1348 392 1361 343 
0 330 2 2 1331 353 1322 393 
0 331 2 2 1283 377 1318 329 
0 332 2 2 1367 245 1376 290 
0 333 2 2 1413 309 1412 234 
0 334 2 2 1363 199 1366 230 
0 335 2 2 1347 204 1347 128 
0 336 2 2 1335 208 1358 254 
0 337 2 2 1398 178 1420 116 
0 338 2 2 1376 110 1392 26 
0 339 2 2 1401 65 1395 119 
0 340 2 2 1416 6 1440 38 
0 341 2 2 1446 43 1456 94 
0 342 2 2 1476 100 1491 135 
0 343 2 2 1497 155 1517 196 
0 344 2 2 1506 223 1517 281 
0 345 2 2 1521 329 1543 372 
0 346 2 2 1585 347 1585 382 
0 347 2 2 1590 453 1607 504 
0 348 2 2 1572 485 1587 527 
0 349 2 2 1547 612 1526 553 
0 350 2 2 1488 585 1483 525 
0 351 2 2 1487 457 1502 365 
0 352 2 2 1466 385 1478 447 
0 353 2 2 1447 473 1443 400 
0 354 2 2 1472 364 1481 323 
0 355 2 2 1481 310 1481 245 
0 356 2 2 1441 221 1460 271 
0 357 2 2 1593 220 1598 166 
0 358 2 2 1556 30 1570 89 
0 359 2 3 1513 65 1477 16 1500 71 
0 360 2 2 1196 8 1186 51 
0 361 2 2 1159 9 1173 58 
0 362 2 2 1525 856 1537 916 
0 363 2 2 1562 902 1565 844 
0 364 2 2 1562 767 1577 813 
0 365 2 2 1558 813 1531 766 
0 366 2 2 1511 752 1481 702 
0 367 2 2 1482 734 1492 779 
0 368 2 2 1488 828 1516 883 
0 369 2 2 1452 988 1468 961 
0 370 2 2 1418 966 1402 912 
0 371 2 2 1450 852 1488 766 
0 372 2 2 1396 763 1398 819 
0 373 2 2 1443 792 1445 728 
0 374 2 2 1368 728 1370 768 
0 375 2 2 1457 1025 1463 1060 
0 376 2 2 1445 1087 1467 1125 
0 377 2 2 1485 1122 1531 1072 
0 378 2 2 1530 1083 1523 1130 
0 379 2 2 1545 1128 1553 1156 
0 380 2 3 1603 1046 1603 1096 1607 1147 
0 381 2 2 1423 1187 1426 1150 
0 382 2 2 1346 1197 1370 1177 
0 383 2 2 1343 1176 1352 1123 
0 384 2 2 1381 1086 1421 1042 
0 385 2 2 1282 1081 1292 1038 
0 386 2 2 1260 961 1255 874 
0 387 2 2 1253 783 1297 853 
0 388 2 2 1116 853 1121 797 
