
412
0 0 2 2 168 229 198 284 
0 1 2 2 211 276 186 233 
0 2 2 2 121 181 150 235 
0 3 2 2 131 250 110 195 
0 4 2 2 100 223 108 289 
0 5 2 2 81 319 73 273 
0 6 2 2 80 198 85 241 
0 7 2 2 44 243 63 178 
0 8 2 2 116 161 121 100 
0 9 2 2 110 58 86 111 
0 10 2 2 64 134 75 84 
0 11 2 2 59 93 58 48 
0 12 2 2 51 49 66 8 
0 13 2 2 108 3 84 35 
0 14 2 2 100 58 129 16 
0 15 2 2 166 11 166 51 
0 16 2 2 240 165 240 110 
0 17 2 2 209 28 221 81 
0 18 2 2 313 198 311 153 
0 19 2 2 275 164 290 218 
0 20 2 2 278 280 265 211 
0 21 2 2 149 266 151 315 
0 22 2 2 171 409 169 368 
0 23 2 2 181 342 180 293 
0 24 2 2 120 314 119 364 
0 25 2 2 141 358 146 313 
0 26 2 2 104 338 99 383 
0 27 2 2 81 467 100 428 
0 28 2 2 54 353 41 410 
0 29 2 2 19 469 21 428 
0 30 2 2 55 525 36 579 
0 31 2 2 10 662 43 616 
0 32 2 2 68 570 63 644 
0 33 2 2 75 696 88 643 
0 34 2 2 130 583 130 629 
0 35 2 2 150 669 165 594 
0 36 2 2 163 557 160 518 
0 37 2 2 118 419 114 468 
0 38 2 2 130 498 135 455 
0 39 2 2 170 470 173 543 
0 40 2 2 205 544 199 494 
0 41 2 2 214 485 223 537 
0 42 2 2 191 479 189 434 
0 43 2 2 260 450 269 507 
0 44 2 2 241 518 225 473 
0 45 2 2 250 644 270 711 
0 46 2 2 273 772 239 728 
0 47 2 2 219 779 203 732 
0 48 2 2 194 697 176 646 
0 49 2 2 190 619 179 564 
0 50 2 2 126 691 105 761 
0 51 2 2 49 706 40 782 
0 52 2 2 51 859 60 779 
0 53 2 2 76 776 78 821 
0 54 2 2 86 894 85 831 
0 55 2 2 124 758 116 803 
0 56 2 2 143 829 141 773 
0 57 2 2 203 798 206 888 
0 58 2 2 179 773 176 699 
0 59 2 2 165 689 164 733 
0 60 2 2 239 899 223 839 
0 61 2 2 169 858 170 889 
0 62 2 2 138 973 136 912 
0 63 2 2 108 904 105 846 
0 64 2 2 93 908 96 952 
0 65 2 2 54 977 64 918 
0 66 2 2 50 916 49 967 
0 67 2 2 19 1083 23 1047 
0 68 2 2 78 1022 75 1068 
0 69 2 2 145 1126 141 1067 
0 70 2 2 135 1043 140 977 
0 71 2 2 168 962 169 1021 
0 72 2 2 181 1060 205 1025 
0 73 2 2 255 1003 240 1052 
0 74 2 2 171 1141 184 1095 
0 75 2 2 196 1112 178 1178 
0 76 2 2 69 1182 65 1145 
0 77 2 2 250 1176 254 1130 
0 78 2 2 289 1096 289 1146 
0 79 2 2 270 1122 268 1076 
0 80 2 2 330 1066 316 1118 
0 81 2 2 280 1036 286 975 
0 82 2 2 336 923 338 976 
0 83 2 2 265 938 270 904 
0 84 2 2 330 792 329 856 
0 85 2 2 353 832 361 776 
0 86 2 2 394 793 376 878 
0 87 2 2 415 887 433 846 
0 88 2 2 427 772 409 833 
0 89 2 2 468 814 492 752 
0 90 2 2 484 727 470 769 
0 91 2 2 478 842 432 917 
0 92 2 2 454 970 465 909 
0 93 2 2 467 960 457 1036 
0 94 2 2 407 1006 404 941 
0 95 2 2 373 933 378 1007 
0 96 2 2 359 1140 379 1100 
0 97 2 2 398 1085 391 1132 
0 98 2 2 398 1147 414 1090 
0 99 2 2 447 1053 445 1117 
0 100 2 2 432 1183 470 1116 
0 101 2 2 413 1153 399 1208 
0 102 2 2 510 1141 510 1088 
0 103 2 2 580 1016 593 948 
0 104 2 2 557 965 548 1032 
0 105 2 2 540 1012 542 947 
0 106 2 2 513 957 492 1035 
0 107 2 2 537 887 548 833 
0 108 2 2 530 807 522 854 
0 109 2 2 584 904 610 839 
0 110 2 2 637 869 614 907 
0 111 2 2 605 976 620 926 
0 112 2 2 663 961 658 1025 
0 113 2 2 635 1048 643 1018 
0 114 2 2 665 1055 665 1126 
0 115 2 2 695 1068 728 1001 
0 116 2 2 735 1032 698 1093 
0 117 2 2 578 1187 599 1137 
0 118 2 2 602 1077 574 1120 
0 119 2 2 563 1127 567 1167 
0 120 2 2 500 1158 495 1205 
0 121 2 2 464 1198 495 1150 
0 122 2 3 613 1166 604 1212 604 1212 
0 123 2 2 665 1201 644 1162 
0 124 2 2 675 1186 674 1162 
0 125 2 2 742 1123 740 1061 
0 126 2 2 752 1030 755 1086 
0 127 2 2 775 1060 767 1007 
0 128 2 2 819 917 822 966 
0 129 2 2 842 995 854 948 
0 130 2 2 878 858 877 906 
0 131 2 2 769 925 773 864 
0 132 2 2 784 781 764 824 
0 133 2 2 752 816 768 772 
0 134 2 2 738 819 689 874 
0 135 2 2 737 894 728 962 
0 136 2 2 699 1000 709 956 
0 137 2 2 693 823 685 764 
0 138 2 2 684 733 684 702 
0 139 2 2 684 654 679 701 
0 140 2 2 659 744 653 686 
0 141 2 2 622 731 635 791 
0 142 2 2 608 824 599 767 
0 143 2 2 548 742 553 801 
0 144 2 2 564 821 565 767 
0 145 2 2 522 766 519 714 
0 146 2 2 547 697 573 643 
0 147 2 2 573 673 575 717 
0 148 2 2 594 663 622 588 
0 149 2 2 669 570 647 634 
0 150 2 2 542 642 553 585 
0 151 2 2 528 603 527 646 
0 152 2 2 460 666 473 600 
0 153 2 2 440 622 442 666 
0 154 2 2 439 599 448 558 
0 155 2 2 450 535 464 489 
0 156 2 2 497 497 482 559 
0 157 2 2 410 603 415 674 
0 158 2 2 385 652 393 592 
0 159 2 2 344 604 380 698 
0 160 2 2 343 723 323 661 
0 161 2 2 319 643 298 584 
0 162 2 2 306 559 300 483 
0 163 2 2 280 407 296 468 
0 164 2 2 315 477 335 533 
0 165 2 2 349 484 316 430 
0 166 2 2 326 373 351 429 
0 167 2 2 355 435 373 483 
0 168 2 2 391 443 417 495 
0 169 2 2 390 513 393 560 
0 170 2 2 417 384 419 303 
0 171 2 2 369 293 378 367 
0 172 2 2 340 343 314 276 
0 173 2 2 308 301 311 358 
0 174 2 2 349 214 328 156 
0 175 2 2 383 199 381 249 
0 176 2 2 398 264 405 203 
0 177 2 2 405 150 415 190 
0 178 2 2 419 145 407 78 
0 179 2 2 449 50 453 100 
0 180 2 2 478 98 479 39 
0 181 2 2 319 5 345 69 
0 182 2 2 453 154 453 204 
0 183 2 2 489 179 482 243 
0 184 2 2 452 291 458 223 
0 185 2 2 437 249 443 301 
0 186 2 2 428 354 428 314 
0 187 2 2 484 320 490 385 
0 188 2 2 475 418 478 360 
0 189 2 2 450 358 450 414 
0 190 2 2 514 337 505 265 
0 191 2 2 508 251 512 200 
0 192 2 2 524 150 549 233 
0 193 2 2 534 258 539 334 
0 194 2 2 592 365 563 405 
0 195 2 2 547 387 559 438 
0 196 2 2 564 480 545 543 
0 197 2 2 527 540 547 475 
0 198 2 2 604 474 602 512 
0 199 2 2 603 545 614 509 
0 200 2 2 629 434 630 489 
0 201 2 2 645 434 667 394 
0 202 2 2 650 332 662 375 
0 203 2 2 682 368 675 319 
0 204 2 2 673 215 682 274 
0 205 2 2 707 260 702 218 
0 206 2 2 655 201 650 260 
0 207 2 2 613 255 618 185 
0 208 2 2 592 130 587 70 
0 209 2 2 614 73 624 136 
0 210 2 2 633 79 639 28 
0 211 2 2 588 4 584 59 
0 212 2 2 563 8 568 46 
0 213 2 2 883 144 851 206 
0 214 2 2 821 188 803 116 
0 215 2 2 773 38 743 95 
0 216 2 2 760 136 769 90 
0 217 2 2 728 133 713 173 
0 218 2 2 712 199 723 254 
0 219 2 2 737 268 742 313 
0 220 2 2 759 291 774 338 
0 221 2 2 763 353 783 405 
0 222 2 2 735 377 745 419 
0 223 2 2 695 407 703 463 
0 224 2 2 755 468 763 508 
0 225 2 2 790 493 789 419 
0 226 2 2 797 498 798 537 
0 227 2 2 793 590 809 509 
0 228 2 2 836 493 831 542 
0 229 2 2 846 544 872 478 
0 230 2 2 874 515 876 577 
0 231 2 2 843 647 858 589 
0 232 2 2 827 629 803 703 
0 233 2 2 747 737 752 673 
0 234 2 2 733 654 722 734 
0 235 2 2 802 1130 805 1196 
0 236 2 2 822 1196 847 1151 
0 237 2 2 836 1121 842 1046 
0 238 2 2 871 1030 879 1095 
0 239 2 2 872 1178 866 1127 
0 240 2 2 934 1173 928 1111 
0 241 2 2 906 1112 909 1056 
0 244 2 2 1003 902 1011 839 
0 245 2 2 1036 789 1033 839 
0 246 2 2 978 817 986 779 
0 247 2 2 996 698 1009 737 
0 248 2 2 947 692 953 658 
0 249 2 2 958 594 956 642 
0 250 2 2 913 699 913 627 
0 251 2 2 892 611 889 657 
0 252 2 2 879 708 881 674 
0 253 2 2 871 644 858 681 
0 254 2 2 937 580 941 510 
0 255 2 2 954 437 956 497 
0 256 2 2 978 545 978 493 
0 257 2 2 986 469 993 539 
0 258 2 2 883 600 909 549 
0 259 2 2 973 378 969 444 
0 260 2 2 879 394 884 357 
0 261 2 2 894 274 893 330 
0 262 2 2 918 337 916 258 
0 263 2 2 944 140 934 203 
0 264 2 2 951 208 994 116 
0 265 2 2 971 88 958 121 
0 266 2 2 982 81 1002 28 
0 267 2 2 1014 30 1002 85 
0 268 2 2 1017 124 1031 59 
0 269 2 2 1044 138 1046 203 
0 270 2 2 993 213 1012 159 
0 271 2 2 1082 213 1064 258 
0 272 2 2 1019 270 1052 219 
0 273 2 2 1077 250 1048 300 
0 274 2 2 1107 342 1116 284 
0 275 2 2 1156 238 1172 149 
0 276 2 2 1199 53 1189 123 
0 277 2 2 1162 51 1161 118 
0 278 2 2 1149 145 1143 228 
0 279 2 2 1099 208 1116 134 
0 280 2 2 1107 104 1109 31 
0 281 2 2 1103 11 1086 88 
0 282 2 2 1066 133 1068 64 
0 283 2 2 1242 3 1217 83 
0 284 2 2 1197 208 1209 130 
0 285 2 2 1236 116 1228 189 
0 286 2 2 1261 176 1298 116 
0 287 2 2 1290 39 1317 99 
0 288 2 2 1396 36 1391 95 
0 289 2 2 1416 91 1465 53 
0 290 2 2 1447 20 1418 56 
0 291 2 2 1451 108 1473 69 
0 292 2 2 1521 29 1493 69 
0 293 2 2 1530 96 1555 34 
0 294 2 2 1506 73 1475 124 
0 295 2 2 1418 155 1438 109 
0 296 2 2 1462 154 1470 201 
0 297 2 2 1486 214 1502 278 
0 298 2 2 1495 155 1528 199 
0 299 2 2 1530 130 1567 190 
0 300 2 2 1573 215 1595 270 
0 301 2 2 1522 373 1503 312 
0 302 2 2 1472 278 1480 338 
0 303 2 2 1380 330 1418 245 
0 304 2 2 1340 248 1356 314 
0 305 2 2 1330 268 1338 194 
0 306 2 2 1380 143 1378 209 
0 307 2 2 1302 253 1303 330 
0 308 2 2 1285 329 1287 248 
0 309 2 2 1247 248 1245 328 
0 310 2 2 1261 271 1265 330 
0 311 2 2 1272 330 1260 379 
0 312 2 2 1204 375 1183 314 
0 313 2 2 1154 308 1167 383 
0 314 2 2 1189 390 1182 337 
0 315 2 2 1146 438 1126 507 
0 316 2 2 1159 525 1197 455 
0 317 2 2 1093 463 1108 517 
0 318 2 2 1059 579 1053 520 
0 319 2 2 1036 469 1043 518 
0 320 2 2 1102 598 1111 679 
0 321 2 2 1039 702 1038 637 
0 322 2 2 987 589 991 656 
0 324 2 2 1116 892 1141 834 
0 326 2 2 1103 774 1122 709 
0 327 2 2 1166 673 1157 712 
0 328 2 2 1162 766 1201 707 
0 329 2 2 1228 709 1235 754 
0 330 2 2 1236 767 1270 833 
0 331 2 2 1217 816 1245 874 
0 332 2 2 1276 877 1307 957 
0 242 2 2 1138 723 1126 788 
0 243 2 2 1113 844 1094 906 
0 323 2 2 1051 936 1072 862 
0 325 2 2 1049 962 1046 1031 
0 333 2 2 1086 982 1084 1058 
0 334 2 2 1121 1028 1109 962 
0 335 2 2 1153 938 1139 998 
0 336 2 2 1171 922 1179 985 
0 337 2 2 1211 981 1242 1040 
0 338 2 2 1273 1053 1301 1120 
0 339 2 2 1367 1167 1342 1118 
0 340 2 2 1322 1100 1296 1032 
0 341 2 2 1301 978 1247 930 
0 342 2 2 989 1005 983 1078 
0 343 2 2 1017 1086 1012 1015 
0 344 2 2 1046 1047 1044 1100 
0 345 2 2 1076 1185 1068 1132 
0 346 2 2 1009 1131 1021 1191 
0 347 2 2 1178 1181 1162 1117 
0 348 2 2 1127 1121 1139 1178 
0 349 2 2 1092 1140 1092 1060 
0 350 2 2 1184 1046 1206 1092 
0 351 2 2 1217 1106 1240 1150 
0 352 2 2 1197 1162 1192 1108 
0 353 2 2 922 777 923 859 
0 354 2 2 1452 834 1453 898 
0 355 2 2 1433 886 1438 812 
0 356 2 2 1437 784 1443 721 
0 357 2 2 1398 681 1390 761 
0 358 2 2 1365 716 1371 651 
0 359 2 2 1346 654 1358 711 
0 360 2 2 1346 733 1333 679 
0 361 2 2 1338 731 1382 811 
0 362 2 2 1325 837 1312 751 
0 363 2 2 1287 763 1282 698 
0 364 2 2 1272 641 1308 694 
0 365 2 2 1318 717 1313 674 
0 366 2 2 1295 539 1331 614 
0 367 2 2 1297 520 1288 447 
0 368 2 2 1247 419 1260 487 
0 369 2 2 1228 524 1228 447 
0 370 2 2 1201 493 1228 534 
0 371 2 2 1199 567 1213 638 
0 372 2 2 1182 639 1167 554 
0 373 2 2 1421 1106 1445 1180 
0 374 2 2 1495 1158 1488 1206 
0 375 2 2 1471 1160 1482 1076 
0 376 2 2 1485 1063 1476 1023 
0 377 2 2 1508 983 1505 1052 
0 378 2 2 1538 1087 1547 1035 
0 379 2 2 1560 1016 1567 1062 
0 380 2 2 1590 1113 1597 1053 
0 381 2 2 1570 1082 1542 1155 
0 382 2 2 1528 966 1552 876 
0 383 2 2 1555 783 1558 837 
0 384 2 2 1587 842 1596 792 
0 385 2 2 1595 863 1608 938 
0 386 2 2 1496 868 1508 817 
0 387 2 2 1480 689 1471 763 
0 388 2 2 1443 692 1440 612 
0 389 2 2 1438 562 1432 602 
0 390 2 2 1401 648 1413 587 
0 391 2 2 1360 567 1373 631 
0 392 2 2 1398 572 1395 508 
0 393 2 2 1400 469 1405 404 
0 394 2 2 1418 392 1428 452 
0 395 2 2 1432 512 1440 450 
0 396 2 2 1451 458 1452 530 
0 397 2 2 1487 512 1476 447 
0 398 2 2 1467 514 1471 577 
0 399 2 2 1512 624 1507 507 
0 400 2 2 1527 480 1540 543 
0 401 2 2 1536 478 1511 419 
0 402 2 2 1555 413 1571 503 
0 403 2 2 1565 425 1595 485 
0 404 2 2 1580 500 1602 543 
0 405 2 2 1601 624 1580 693 
0 406 2 2 1580 764 1613 684 
0 407 2 2 1139 628 1161 679 
0 408 2 2 942 726 946 769 
0 409 2 2 738 559 710 492 
0 410 2 2 683 513 699 582 
0 411 2 2 1017 603 1007 672 
