
407
0 0 2 2 206 226 203 286 
0 1 2 2 184 269 164 208 
0 2 2 2 106 171 128 215 
0 3 2 2 106 193 78 133 
0 4 2 2 49 75 63 124 
0 5 2 2 66 160 31 103 
0 6 2 2 21 136 51 181 
0 7 2 2 9 239 29 275 
0 8 2 2 34 265 61 328 
0 9 2 2 8 335 28 410 
0 10 2 2 30 437 48 497 
0 11 2 2 88 495 79 429 
0 12 2 2 89 440 111 487 
0 13 2 2 111 442 98 394 
0 14 2 2 123 368 141 417 
0 15 2 2 160 414 148 385 
0 16 2 2 369 260 385 324 
0 17 2 2 355 313 330 268 
0 18 2 2 319 264 323 332 
0 19 2 2 295 437 309 398 
0 20 2 2 279 428 241 480 
0 21 2 2 239 457 255 413 
0 22 2 2 268 374 269 410 
0 23 2 2 229 395 249 365 
0 24 2 2 278 264 266 328 
0 25 2 2 299 219 290 166 
0 26 2 2 246 129 259 206 
0 27 2 2 228 134 219 93 
0 28 2 2 190 79 183 130 
0 29 2 2 178 68 184 19 
0 30 2 2 139 44 158 99 
0 31 2 2 155 164 156 113 
0 32 2 2 101 30 105 79 
0 33 2 2 123 79 120 35 
0 34 2 2 71 35 85 74 
0 35 2 2 30 65 31 9 
0 36 2 2 368 41 351 91 
0 37 2 2 410 228 432 301 
0 38 2 2 445 325 452 265 
0 39 2 2 472 274 468 327 
0 40 2 2 514 328 518 279 
0 41 2 2 538 193 557 284 
0 42 2 2 514 203 489 139 
0 43 2 2 520 106 533 166 
0 44 2 2 559 215 544 138 
0 45 2 2 570 149 588 199 
0 46 2 2 587 156 569 103 
0 47 2 2 578 78 605 149 
0 48 2 2 620 128 595 69 
0 49 2 2 593 30 627 104 
0 50 2 2 663 63 682 109 
0 51 2 2 700 129 713 164 
0 52 2 2 735 196 725 129 
0 53 2 2 702 186 729 246 
0 54 2 2 687 210 680 156 
0 55 2 2 655 190 675 254 
0 56 2 2 658 279 630 213 
0 57 2 2 615 236 637 303 
0 58 2 2 617 353 600 270 
0 59 2 2 578 290 592 367 
0 60 2 2 547 415 560 333 
0 61 2 2 563 389 580 464 
0 62 2 2 540 525 544 465 
0 64 2 2 509 454 510 523 
0 65 2 2 490 495 495 415 
0 63 2 2 389 468 408 522 
0 66 2 2 415 453 414 403 
0 67 2 2 369 410 379 453 
0 68 2 2 363 462 328 418 
0 69 2 2 330 375 339 418 
0 70 2 2 333 479 370 529 
0 71 2 2 378 499 388 537 
0 72 2 2 361 577 359 530 
0 73 2 2 340 544 359 600 
0 74 2 2 304 609 300 542 
0 75 2 2 313 488 315 540 
0 76 2 2 293 478 288 520 
0 77 2 2 238 498 241 560 
0 78 2 2 193 547 194 463 
0 79 2 2 151 480 164 545 
0 80 2 2 181 468 190 397 
0 81 2 2 199 600 181 669 
0 82 2 2 93 669 108 612 
0 83 2 2 83 518 83 577 
0 84 2 2 58 574 25 515 
0 85 2 2 28 572 58 629 
0 87 2 2 41 676 21 742 
0 86 2 2 168 726 171 794 
0 88 2 2 205 781 234 706 
0 89 2 2 183 781 185 826 
0 90 2 2 191 901 203 842 
0 91 2 2 141 791 146 843 
0 92 2 2 80 796 68 726 
0 93 2 2 80 713 104 789 
0 94 2 2 110 808 129 857 
0 95 2 2 105 871 99 930 
0 96 2 2 75 940 58 889 
0 97 2 2 49 896 48 965 
0 98 2 2 84 991 94 1051 
0 99 2 2 76 1088 79 1131 
0 100 2 3 54 1153 58 1211 59 1210 
0 101 2 2 90 1205 68 1162 
0 102 2 2 106 1210 121 1161 
0 103 2 2 144 1142 138 1078 
0 104 2 2 113 1086 113 1046 
0 105 2 2 129 957 154 1037 
0 106 2 2 169 1005 158 962 
0 107 2 2 164 907 175 963 
0 108 2 2 199 991 220 1058 
0 109 2 2 235 1018 213 947 
0 110 2 2 226 942 243 998 
0 111 2 2 273 1063 251 1011 
0 112 2 2 246 940 278 1017 
0 113 2 2 318 1085 316 1030 
0 114 2 2 339 1045 346 1096 
0 115 2 2 340 1156 325 1110 
0 116 2 2 304 1128 316 1185 
0 117 2 2 283 1193 264 1141 
0 118 2 2 253 1153 246 1107 
0 119 2 2 196 1088 214 1143 
0 120 2 2 211 1180 191 1125 
0 121 2 2 180 1135 185 1196 
0 122 2 2 321 817 319 872 
0 123 2 2 296 906 295 843 
0 124 2 2 258 776 269 839 
0 125 2 2 238 822 230 778 
0 126 2 2 329 666 331 726 
0 127 2 2 300 702 295 654 
0 128 2 2 369 619 364 689 
0 129 2 2 360 731 385 773 
0 130 2 2 364 791 340 747 
0 131 2 2 326 748 358 797 
0 132 2 2 454 773 447 717 
0 133 2 2 423 709 443 759 
0 134 2 2 474 726 467 662 
0 135 2 2 472 593 474 644 
0 136 2 2 409 672 423 636 
0 137 2 2 433 628 447 587 
0 138 2 2 420 542 464 587 
0 139 2 2 459 539 459 489 
0 140 2 2 444 410 448 464 
0 141 2 2 450 390 458 352 
0 142 2 2 460 180 485 229 
0 143 2 2 452 55 434 5 
0 144 2 2 458 1 442 25 
0 145 2 2 338 4 319 36 
0 146 2 2 304 34 298 90 
0 147 2 2 876 11 877 55 
0 148 2 2 877 61 916 78 
0 149 2 2 929 34 958 65 
0 150 2 2 978 61 1023 98 
0 151 2 2 1048 153 1042 91 
0 152 2 2 1028 71 1027 21 
0 153 2 2 1009 10 1011 51 
0 154 2 2 800 19 821 69 
0 155 2 2 789 64 824 99 
0 156 2 2 799 139 809 179 
0 157 2 2 773 164 773 211 
0 158 2 2 794 264 804 325 
0 159 2 2 774 384 748 339 
0 160 2 2 758 380 764 469 
0 161 2 2 783 473 792 407 
0 162 2 2 660 379 687 424 
0 163 2 2 627 387 659 422 
0 164 2 2 657 427 652 483 
0 165 2 2 637 525 635 580 
0 166 2 2 633 621 648 568 
0 167 2 2 672 505 683 564 
0 168 2 2 610 585 608 632 
0 169 2 2 582 717 610 657 
0 170 2 2 558 626 560 673 
0 171 2 2 539 758 537 711 
0 172 2 2 517 706 518 751 
0 173 2 2 525 688 508 641 
0 174 2 2 504 709 500 766 
0 175 2 2 469 849 480 791 
0 176 2 2 507 798 514 844 
0 177 2 2 505 884 523 848 
0 178 2 2 465 763 463 809 
0 179 2 2 443 862 449 921 
0 180 2 2 448 942 449 981 
0 181 2 2 447 1042 440 987 
0 182 2 2 490 986 493 918 
0 183 2 2 344 906 343 965 
0 184 2 2 330 992 313 922 
0 185 2 2 412 1098 399 1146 
0 186 2 2 428 1166 432 1103 
0 187 2 2 453 1047 460 1076 
0 188 2 2 477 1056 469 1097 
0 189 2 2 473 1115 490 1170 
0 190 2 2 465 1208 478 1153 
0 191 2 2 440 1173 453 1132 
0 192 2 2 508 1151 505 1207 
0 193 2 2 575 1193 587 1146 
0 194 2 2 589 1125 600 1071 
0 195 2 2 559 1021 537 1076 
0 196 2 2 578 1033 583 968 
0 197 2 2 607 912 604 980 
0 198 2 2 579 963 574 903 
0 199 2 2 599 832 602 894 
0 200 2 2 539 899 545 841 
0 201 2 2 557 781 572 821 
0 202 2 2 655 762 640 711 
0 203 2 2 640 678 657 738 
0 204 2 2 617 701 622 736 
0 205 2 2 714 797 700 738 
0 206 2 2 715 717 723 771 
0 207 2 2 768 852 775 928 
0 208 2 2 735 928 729 846 
0 209 2 2 695 822 712 866 
0 210 2 2 634 916 643 861 
0 211 2 2 740 1012 740 1077 
0 212 2 2 762 1048 778 990 
0 213 2 2 792 1045 797 1085 
0 214 2 2 852 1080 861 1015 
0 215 2 2 842 973 841 1020 
0 216 2 2 822 963 834 913 
0 217 2 2 821 881 811 915 
0 218 2 2 803 849 809 779 
0 219 2 2 831 686 822 768 
0 220 2 2 809 736 797 686 
0 221 2 2 777 733 788 797 
0 222 2 2 777 806 788 861 
0 223 2 2 739 829 743 792 
0 224 2 2 753 692 757 628 
0 225 2 2 749 589 762 543 
0 226 2 2 849 534 836 616 
0 227 2 2 853 638 879 686 
0 228 2 2 901 651 897 598 
0 229 2 2 904 504 903 559 
0 230 2 2 904 584 928 623 
0 231 2 2 941 623 942 568 
0 232 2 2 932 494 932 539 
0 233 2 2 906 487 898 430 
0 234 2 2 904 398 926 442 
0 235 2 2 924 390 914 333 
0 236 2 2 906 314 944 358 
0 237 2 2 929 309 923 255 
0 238 2 2 942 218 953 263 
0 239 2 2 904 249 922 208 
0 240 2 2 889 206 874 254 
0 241 2 2 968 155 967 200 
0 242 2 2 1158 115 1149 160 
0 243 2 2 1166 168 1173 224 
0 244 2 2 1184 293 1201 238 
0 245 2 2 1242 269 1251 231 
0 246 2 2 1251 173 1220 251 
0 247 2 2 1237 324 1225 383 
0 248 2 2 1188 452 1176 407 
0 249 2 2 1182 472 1169 542 
0 250 2 2 1091 499 1082 417 
0 251 2 2 1052 367 1061 444 
0 252 2 2 1024 452 1021 369 
0 253 2 2 1008 403 1014 470 
0 254 2 2 993 467 998 527 
0 255 2 2 976 547 976 488 
0 256 2 2 948 463 952 502 
0 257 2 2 964 339 977 269 
0 258 2 2 1119 221 1117 281 
0 259 2 2 1093 299 1082 373 
0 260 2 2 1061 332 1087 271 
0 261 2 2 1061 150 1079 84 
0 262 2 2 1099 36 1094 93 
0 263 2 2 1182 14 1184 70 
0 264 2 2 1228 528 1217 593 
0 265 2 2 1243 585 1247 533 
0 266 2 2 1272 503 1286 432 
0 267 2 2 1306 452 1287 517 
0 268 2 2 1290 575 1297 507 
0 269 2 2 1283 399 1275 330 
0 270 2 2 1307 299 1312 362 
0 271 2 2 1291 307 1308 255 
0 272 2 2 1302 235 1295 164 
0 273 2 2 1303 59 1281 101 
0 274 2 2 1336 120 1330 204 
0 275 2 2 1387 234 1385 168 
0 276 2 2 1390 138 1413 191 
0 277 2 2 1416 204 1415 275 
0 278 2 2 1403 305 1397 236 
0 279 2 2 1437 150 1435 83 
0 280 2 2 1427 65 1430 128 
0 281 2 2 1403 110 1396 68 
0 282 2 2 1440 11 1443 69 
0 283 2 2 1573 70 1556 120 
0 284 2 2 1540 146 1532 194 
0 285 2 2 1516 165 1505 230 
0 286 2 2 1555 218 1588 283 
0 287 2 2 1610 278 1570 333 
0 288 2 2 1567 357 1560 404 
0 289 2 2 1552 373 1540 395 
0 290 2 2 1522 405 1506 443 
0 291 2 2 1496 408 1516 328 
0 292 2 2 1530 450 1500 522 
0 293 2 2 1516 547 1563 477 
0 294 2 2 1565 440 1567 470 
0 295 2 2 1581 468 1600 413 
0 296 2 2 1602 488 1563 543 
0 297 2 2 1510 608 1538 564 
0 298 2 2 1521 623 1516 692 
0 299 2 2 1512 722 1520 793 
0 300 2 2 1538 812 1545 753 
0 301 2 2 1551 834 1548 876 
0 302 2 2 1545 945 1546 903 
0 303 2 2 1536 998 1520 1076 
0 304 2 2 1486 1080 1492 1016 
0 305 2 2 1461 922 1463 985 
0 306 2 2 1430 966 1430 917 
0 307 2 2 1410 873 1420 812 
0 308 2 2 1431 793 1433 738 
0 309 2 2 1436 683 1432 727 
0 310 2 2 1397 746 1400 708 
0 311 2 2 1370 624 1373 677 
0 312 2 2 1378 634 1387 584 
0 313 2 2 1417 504 1376 594 
0 314 2 2 1345 582 1367 529 
0 315 2 2 1352 479 1336 542 
0 316 2 2 1330 512 1338 445 
0 317 2 2 1328 355 1315 429 
0 318 2 2 1361 373 1343 308 
0 319 2 2 1387 353 1392 427 
0 320 2 2 1573 135 1583 215 
0 321 2 2 1248 729 1253 801 
0 322 2 2 1277 733 1263 667 
0 323 2 2 1297 721 1282 777 
0 324 2 2 1292 799 1343 747 
0 325 2 2 1153 609 1137 664 
0 326 2 2 1181 694 1209 633 
0 327 2 2 1193 607 1164 638 
0 328 2 2 1124 612 1129 534 
0 329 2 2 1088 519 1096 590 
0 330 2 2 1019 585 1041 535 
0 331 2 2 1036 454 1039 513 
0 332 2 2 1143 385 1162 312 
0 333 2 2 1122 315 1138 368 
0 334 2 2 954 801 953 862 
0 335 2 2 914 889 922 841 
0 336 2 2 923 773 906 809 
0 337 2 2 862 826 869 786 
0 338 2 2 837 723 837 723 
0 339 2 2 838 718 859 774 
0 340 2 2 908 749 892 708 
0 341 2 2 914 899 909 936 
0 342 2 2 876 1093 877 1040 
0 343 2 2 896 1022 891 1086 
0 344 2 2 903 1131 937 1060 
0 345 2 2 886 1140 877 1187 
0 346 2 2 833 1162 859 1121 
0 347 2 2 640 1077 650 1142 
0 348 2 2 664 1112 660 1056 
0 349 2 2 622 962 630 1016 
0 350 2 2 618 1030 613 995 
0 351 2 2 1086 1022 1078 1085 
0 352 2 2 1066 1036 1069 973 
0 353 2 2 1076 896 1071 950 
0 354 2 2 1087 940 1086 869 
0 355 2 2 1099 844 1114 912 
0 356 2 2 1158 872 1147 814 
0 357 2 2 1168 796 1179 856 
0 358 2 2 1072 714 1086 653 
0 359 2 2 1068 621 1052 697 
0 360 2 2 1048 811 1039 871 
0 361 2 2 1044 945 1063 911 
0 362 2 2 981 877 996 935 
0 363 2 2 1022 972 1028 1036 
0 364 2 2 1022 1046 1044 1102 
0 365 2 2 1067 1135 1056 1055 
0 366 2 2 1114 1110 1097 1185 
0 367 2 2 1146 1178 1148 1102 
0 368 2 2 1183 1066 1179 1123 
0 369 2 2 1171 1191 1166 1147 
0 370 2 2 1215 1131 1208 1182 
0 371 2 2 1263 1183 1283 1111 
0 372 2 2 1271 1031 1248 1113 
0 373 2 2 1202 1066 1220 1016 
0 374 2 2 1198 938 1178 980 
0 375 2 2 1168 955 1193 920 
0 376 2 2 1215 859 1206 925 
0 377 2 2 1157 906 1163 956 
0 378 2 2 1127 928 1126 981 
0 379 2 2 1097 970 1106 1016 
0 380 2 2 1133 973 1133 918 
0 381 2 2 1325 962 1352 899 
0 382 2 2 1305 897 1301 945 
0 383 2 2 1370 918 1368 866 
0 384 2 2 1405 930 1381 977 
0 385 2 2 1378 1038 1382 1010 
0 386 2 2 1432 1053 1420 1110 
0 387 2 2 1401 1178 1418 1132 
0 388 2 2 1385 1096 1360 1146 
0 389 2 2 1325 1196 1341 1155 
0 390 2 2 1448 1091 1446 1151 
0 391 2 2 1550 1191 1551 1145 
0 392 2 2 1587 1073 1587 1018 
0 393 2 2 1582 692 1605 634 
0 394 2 3 1582 607 1605 538 1603 537 
0 395 2 2 1313 976 1295 1010 
0 396 2 2 1371 806 1377 756 
0 397 2 2 1370 684 1367 754 
0 398 2 2 1316 702 1346 637 
0 399 2 2 1300 583 1297 663 
0 400 2 2 558 946 555 996 
0 401 2 2 504 1015 512 967 
0 402 2 2 703 414 689 475 
0 403 2 2 503 13 522 85 
0 404 2 2 707 1153 700 1200 
0 405 2 2 777 1195 795 1148 
0 406 2 2 136 246 156 325 
