
289
0 0 2 2 44 130 43 180 
0 1 2 2 25 160 29 101 
0 2 2 2 78 91 88 133 
0 3 2 2 145 170 140 124 
0 4 2 2 166 53 165 96 
0 5 2 2 184 178 199 139 
0 6 2 2 219 109 213 161 
0 7 2 2 251 161 265 100 
0 8 2 2 281 106 284 161 
0 9 2 2 435 179 435 135 
0 10 2 2 465 11 462 70 
0 11 2 2 487 69 493 19 
0 12 2 2 512 40 504 88 
0 13 2 2 529 133 540 90 
0 14 2 2 559 125 563 166 
0 15 2 2 605 143 608 100 
0 16 2 2 620 110 655 63 
0 17 2 2 660 111 648 188 
0 18 2 2 714 158 700 103 
0 19 2 2 690 144 690 189 
0 20 2 2 673 248 660 210 
0 21 2 2 652 288 644 333 
0 22 2 2 622 339 610 309 
0 23 2 2 607 233 599 276 
0 24 2 2 578 265 592 220 
0 25 2 2 562 241 552 291 
0 26 2 2 574 298 578 347 
0 27 2 2 529 275 520 221 
0 28 2 2 495 216 507 286 
0 29 2 2 464 243 459 201 
0 30 2 2 420 203 430 280 
0 31 2 2 388 263 385 216 
0 32 2 2 400 193 396 164 
0 33 2 2 410 143 410 100 
0 34 2 2 405 80 394 31 
0 35 2 2 370 3 379 39 
0 36 2 2 361 56 375 105 
0 37 2 2 346 125 359 166 
0 38 2 2 356 170 354 204 
0 39 2 2 346 238 360 290 
0 40 2 2 363 329 371 370 
0 41 2 2 350 384 378 453 
0 42 2 2 381 470 401 499 
0 43 2 2 395 520 408 563 
0 44 2 2 396 577 375 507 
0 45 2 2 364 523 381 563 
0 46 2 2 374 626 370 583 
0 47 2 2 385 632 390 689 
0 48 2 2 366 749 368 682 
0 49 2 2 354 729 350 779 
0 50 2 2 321 709 350 627 
0 51 2 2 345 583 340 518 
0 52 2 2 326 455 314 377 
0 53 2 2 270 410 265 459 
0 54 2 2 281 448 291 510 
0 55 2 2 293 533 305 569 
0 56 2 2 269 553 281 608 
0 57 2 2 284 637 294 686 
0 58 2 2 284 704 285 753 
0 59 2 2 299 782 291 723 
0 60 2 2 314 912 318 861 
0 61 2 2 361 826 376 886 
0 62 2 2 403 931 398 881 
0 63 2 2 440 908 439 958 
0 64 2 2 396 1071 381 1023 
0 65 2 2 315 997 304 953 
0 66 2 2 291 873 288 920 
0 67 2 2 224 1078 235 1011 
0 68 2 2 260 1005 240 1081 
0 69 2 2 269 1157 284 1111 
0 70 2 2 213 1156 213 1101 
0 71 2 2 190 1081 185 1122 
0 72 2 2 148 1192 156 1098 
0 73 2 2 166 1038 166 1107 
0 74 2 2 184 1021 195 980 
0 75 2 2 71 899 73 947 
0 76 2 2 49 889 46 930 
0 77 2 2 36 953 18 1011 
0 78 2 2 54 1088 58 1140 
0 79 2 2 63 1046 86 1000 
0 80 2 2 99 833 100 769 
0 81 2 2 118 686 123 739 
0 82 2 2 83 681 86 638 
0 83 2 2 36 607 40 664 
0 84 2 2 14 637 15 674 
0 85 2 2 4 726 9 778 
0 86 2 2 54 772 63 841 
0 87 2 2 135 539 159 482 
0 88 2 2 163 460 185 417 
0 89 2 2 184 400 211 354 
0 90 2 2 225 310 213 365 
0 91 2 2 263 329 256 393 
0 92 2 2 289 335 294 256 
0 93 2 2 256 244 259 301 
0 94 2 2 209 337 194 283 
0 95 2 2 146 303 146 354 
0 96 2 2 123 384 124 334 
0 97 2 2 140 213 141 259 
0 98 2 2 24 364 51 303 
0 99 2 2 111 3 110 45 
0 100 2 2 80 75 83 34 
0 101 2 2 60 34 48 85 
0 102 2 2 488 432 487 492 
0 103 2 2 514 542 514 482 
0 104 2 2 459 418 462 467 
0 105 2 2 453 507 448 459 
0 106 2 2 428 399 396 328 
0 107 2 2 429 294 443 363 
0 108 2 2 485 588 507 646 
0 109 2 2 527 654 535 592 
0 110 2 2 584 585 608 538 
0 111 2 2 633 463 639 512 
0 112 2 2 669 499 680 455 
0 113 2 2 697 469 694 520 
0 115 2 2 628 644 644 729 
0 114 2 2 547 777 560 826 
0 116 2 2 565 922 567 848 
0 117 2 2 508 864 543 925 
0 118 2 2 504 982 510 937 
0 119 2 2 490 942 489 1008 
0 120 2 2 467 1008 460 945 
0 121 2 2 439 871 419 803 
0 122 2 2 450 798 455 854 
0 123 2 2 478 842 479 771 
0 124 2 2 400 736 413 779 
0 125 2 2 502 1012 517 1080 
0 126 2 2 512 1137 524 1096 
0 127 2 2 553 1042 564 1110 
0 128 2 2 517 1197 523 1155 
0 129 2 2 605 1045 612 988 
0 130 2 2 723 977 710 1045 
0 131 2 2 742 1062 742 1015 
0 132 2 2 814 1082 799 1121 
0 133 2 2 723 1195 712 1136 
0 134 2 2 858 1095 862 1167 
0 135 2 2 893 1146 904 1081 
0 136 2 2 948 1085 942 1013 
0 137 2 2 928 1073 918 1018 
0 138 2 2 868 1027 878 966 
0 139 2 2 847 953 846 887 
0 140 2 2 851 789 891 719 
0 141 2 2 881 696 858 751 
0 142 2 2 842 823 837 773 
0 143 2 2 832 674 824 728 
0 144 2 2 793 777 794 731 
0 145 2 2 748 709 747 767 
0 146 2 2 688 828 683 761 
0 147 2 2 642 779 653 824 
0 148 2 2 619 901 619 842 
0 149 2 2 757 622 748 686 
0 150 2 2 778 607 784 558 
0 151 2 2 798 460 821 518 
0 152 2 2 826 539 844 580 
0 153 2 2 663 648 678 595 
0 154 2 2 604 604 583 694 
0 155 2 2 848 419 853 495 
0 156 2 2 891 472 896 425 
0 157 2 2 833 315 843 368 
0 158 2 2 819 395 803 344 
0 159 2 2 712 274 737 221 
0 160 2 2 743 159 758 209 
0 161 2 2 764 123 745 45 
0 162 2 2 775 5 792 73 
0 163 2 2 628 0 605 73 
0 164 2 2 823 228 872 178 
0 165 2 2 891 168 893 218 
0 166 2 2 886 250 901 298 
0 167 2 2 1014 304 1008 243 
0 168 2 2 944 165 974 233 
0 169 2 2 954 236 968 289 
0 170 2 2 1044 303 1047 238 
0 171 2 2 1053 180 1038 101 
0 172 2 2 1051 5 1059 75 
0 173 2 2 994 141 983 93 
0 174 2 2 907 46 919 103 
0 175 2 2 916 166 919 101 
0 176 2 2 872 41 898 91 
0 177 2 2 1116 125 1133 74 
0 178 2 2 1114 21 1101 75 
0 179 2 2 1156 185 1164 139 
0 180 2 2 1193 143 1187 200 
0 181 2 2 1215 165 1222 109 
0 182 2 2 1243 71 1242 138 
0 183 2 2 1206 254 1207 203 
0 184 2 2 1292 109 1288 169 
0 185 2 2 1317 310 1325 240 
0 186 2 2 1342 274 1338 322 
0 187 2 2 1342 388 1363 335 
0 188 2 2 1315 342 1321 408 
0 189 2 2 1301 348 1306 263 
0 190 2 2 1285 243 1253 310 
0 191 2 2 1209 301 1216 350 
0 192 2 2 1217 368 1215 434 
0 193 2 2 1191 345 1191 417 
0 194 2 2 1126 454 1131 402 
0 195 2 2 1116 385 1099 434 
0 196 2 2 1121 590 1109 527 
0 197 2 2 1146 504 1142 552 
0 198 2 2 1191 587 1191 507 
0 199 2 2 1212 595 1213 654 
0 200 2 2 1250 718 1240 671 
0 201 2 2 1222 721 1250 782 
0 202 2 2 1278 906 1265 849 
0 203 2 2 1281 846 1295 899 
0 204 2 2 1255 922 1242 874 
0 205 2 2 1192 947 1191 1022 
0 206 2 2 1138 1060 1131 973 
0 207 2 2 1127 941 1136 854 
0 208 2 2 1113 861 1117 823 
0 209 2 2 1049 771 1049 721 
0 210 2 2 1058 651 1067 587 
0 211 2 2 1034 582 1033 648 
0 212 2 2 1066 543 1053 490 
0 213 2 2 1034 473 1028 422 
0 214 2 2 1024 354 1032 399 
0 215 2 2 1048 389 1056 344 
0 216 2 2 969 549 988 616 
0 217 2 2 906 558 938 616 
0 218 2 2 987 666 993 738 
0 219 2 2 968 892 973 937 
0 220 2 2 1019 1000 1001 928 
0 221 2 2 1048 863 1047 922 
0 222 2 2 1072 1030 1057 973 
0 223 2 2 953 1128 954 1191 
0 224 2 2 911 1143 917 1201 
0 225 2 2 1393 734 1400 804 
0 226 2 2 1431 888 1422 739 
0 227 2 2 1381 632 1396 689 
0 228 2 2 1381 751 1373 692 
0 229 2 2 1388 592 1393 537 
0 230 2 2 1375 512 1390 459 
0 231 2 2 1425 363 1405 409 
0 232 2 2 1423 413 1418 482 
0 233 2 2 1373 423 1383 342 
0 234 2 2 1396 338 1423 279 
0 235 2 2 1420 209 1401 270 
0 236 2 2 1431 231 1452 179 
0 237 2 2 1477 170 1466 230 
0 238 2 2 1450 315 1472 264 
0 239 2 2 1493 239 1501 195 
0 240 2 2 1468 315 1452 374 
0 241 2 2 1466 405 1491 330 
0 242 2 2 1468 423 1458 465 
0 243 2 2 1500 442 1535 360 
0 244 2 2 1530 464 1522 509 
0 245 2 2 1518 613 1521 568 
0 246 2 2 1480 560 1478 602 
0 247 2 2 1428 609 1416 550 
0 248 2 2 1480 686 1493 756 
0 249 2 2 1530 814 1521 759 
0 250 2 2 1568 766 1597 816 
0 251 2 2 1518 869 1503 822 
0 252 2 2 1490 903 1525 947 
0 253 2 2 1510 1013 1476 976 
0 254 2 2 1553 1008 1553 1088 
0 255 2 2 1588 1063 1567 1000 
0 256 2 2 1437 922 1457 966 
0 257 2 2 1461 1116 1466 1050 
0 258 2 2 1366 1012 1361 1068 
0 259 2 2 1338 1045 1342 992 
0 260 2 2 1287 935 1292 1010 
0 261 2 2 1258 1068 1248 1012 
0 262 2 2 1193 1072 1218 1125 
0 263 2 2 1572 199 1597 286 
0 264 2 2 1576 148 1582 74 
0 265 2 2 1527 21 1512 69 
0 266 2 2 1525 151 1555 90 
0 267 2 2 1592 103 1597 171 
0 268 2 2 1258 428 1256 485 
0 269 2 2 1293 565 1298 492 
0 270 2 2 1322 492 1325 552 
0 271 2 2 1233 595 1225 525 
0 272 2 2 1242 513 1256 607 
0 273 2 2 1124 656 1117 727 
0 274 2 2 685 1036 683 981 
0 275 2 2 730 582 749 532 
0 276 2 2 604 404 633 359 
0 277 2 2 617 422 614 479 
0 278 2 2 434 1052 447 1128 
0 279 2 2 1593 379 1600 443 
0 280 2 2 303 16 295 51 
0 281 2 2 180 31 223 88 
0 282 2 2 204 683 199 746 
0 283 2 2 156 783 163 717 
0 284 2 2 260 691 245 768 
0 285 2 2 180 809 189 863 
0 286 2 2 103 1146 114 1098 
0 287 2 2 886 877 891 788 
0 288 2 2 957 767 934 832 
