-90 2288.7498
-89 2279.2903
-88 2301.7078
-87 2301.8809
-86 2281.2141
-85 2258.7395
-84 2206.4685
-83 2201.2371
-82 2121.8997
-81 2076.3152
-80 1917.0018
-79 1877.1887
-78 1856.3278
-77 1832.5367
-76 1731.6465
-75 1641.6277
-74 1588.3364
-73 1506.5864
-72 1397.6146
-71 1381.14
-70 1271.0587
-69 1239.9147
-68 1112.9056
-67 1042.9633
-66 961.7771
-65 865.4821
-64 834.9848
-63 773.9138
-62 727.4138
-61 682.0919
-60 653.2606
-59 650.5777
-58 647.2962
-57 585.7894
-56 545.8177
-55 531.3979
-54 474.621
-53 441.809
-52 427.3615
-51 418.5662
-50 394.4709
-49 378.8291
-48 354.4471
-47 329.561
-46 278.8998
-45 253.9654
-44 249.2666
-43 216.6182
-42 223.2498
-41 200.0143
-40 190.4352
-39 207.168
-38 184.9796
-37 174.1762
-36 166.8248
-35 144.8527
-34 161.5807
-33 167.4695
-32 143.2476
-31 148.864
-30 139.6923
-29 147.9874
-28 137.8534
-27 138.7801
-26 136.9619
-25 133.3619
-24 140.1374
-23 130.433
-22 119.4607
-21 127.2471
-20 121.1005
-19 130.4109
-18 120.7884
-17 119.3852
-16 103.6589
-15 120.5668
-14 116.9601
-13 107.2442
-12 110.1004
-11 109.0025
-10 118.7335
-9 109.8224
-8 110.4234
-7 99.5539
-6 99.0061
-5 105.7253
-4 106.0142
-3 100.6326
-2 111.5843
-1 126.5411
0 117.8946
1 97.5144
2 89.2465
3 93.7902
4 95.2431
5 93.8763
6 103.4891
7 111.2514
8 98.6454
9 101.3515
10 98.5053
11 97.8962
12 101.8149
13 104.4648
14 109.654
15 116.4292
16 115.9046
17 105.474
18 113.6953
19 125.9655
20 110.9506
21 119.9196
22 115.7979
23 118.8047
24 121.8829
25 113.8069
26 121.2507
27 120.782
28 125.3887
29 124.9773
30 139.2503
31 125.2987
32 122.0796
33 133.1498
34 133.8283
35 142.4518
36 157.771
37 170.1379
38 176.0963
39 169.46
40 177.535
41 196.9239
42 199.8784
43 225.0736
44 252.3814
45 276.9419
46 262.9124
47 299.1125
48 276.373
49 282.9704
50 321.4964
51 323.076
52 338.4727
53 364.9104
54 403.4154
55 417.1728
56 478.8453
57 485.9665
58 535.1524
59 586.4236
60 652.2839
61 694.2487
62 739.9967
63 803.1909
64 867.6323
65 943.5459
66 969.2736
67 1062.3702
68 1055.4136
69 1069.4231
70 1147.9937
71 1209.3895
72 1305.2306
73 1323.4089
74 1429.4287
75 1462.1581
76 1505.1946
77 1599.099
78 1594.1166
79 1656.6108
80 1708.8734
81 1775.7787
82 1840.4619
83 1886.0284
84 1940.4968
85 1926.3578
86 2043.2128
87 2087.2849
88 2184.3433
89 2246.6018
