-90 1502.1073
-89 1501.7008
-88 1473.4469
-87 1459.0101
-86 1403.5378
-85 1357.6542
-84 1271.6577
-83 1252.3418
-82 1227.6044
-81 1165.0194
-80 1208.1111
-79 1169.5295
-78 1149.9576
-77 1133.6096
-76 1056.4077
-75 1016.5563
-74 961.8996
-73 929.1027
-72 875.5295
-71 863.9828
-70 835.7629
-69 783.3149
-68 775.0823
-67 755.9937
-66 761.587
-65 754.6316
-64 725.4647
-63 677.5642
-62 623.3329
-61 615.8198
-60 603.1858
-59 580.6535
-58 535.2874
-57 525.2888
-56 513.1758
-55 485.3249
-54 454.3875
-53 419.9762
-52 392.699
-51 393.4163
-50 358.0828
-49 370.1825
-48 352.7905
-47 331.0277
-46 321.077
-45 252.8041
-44 267.5112
-43 269.4271
-42 246.157
-41 251.6648
-40 243.5912
-39 225.4083
-38 222.0283
-37 198.8185
-36 196.4995
-35 191.6222
-34 190.5796
-33 164.1669
-32 176.0316
-31 157.5736
-30 156.432
-29 168.4554
-28 159.3066
-27 153.3123
-26 167.1179
-25 162.962
-24 161.5458
-23 158.9841
-22 156.814
-21 146.2817
-20 137.6563
-19 143.9362
-18 145.5067
-17 146.9688
-16 141.9527
-15 129.4222
-14 128.8518
-13 134.8354
-12 120.7084
-11 125.8643
-10 127.6957
-9 127.8104
-8 139.2912
-7 128.5655
-6 129.5869
-5 116.3361
-4 138.6066
-3 120.6635
-2 116.3313
-1 121.9498
0 111.38
1 127.8124
2 136.8471
3 113.7428
4 120.251
5 111.7555
6 121.45
7 119.9487
8 130.6996
9 119.6547
10 111.2174
11 108.0443
12 124.6229
13 109.5154
14 114.1861
15 105.4827
16 121.6383
17 117.8526
18 125.6179
19 138.641
20 142.8923
21 132.0356
22 142.6166
23 145.7459
24 153.1649
25 156.8195
26 174.3023
27 168.144
28 163.082
29 149.119
30 154.1007
31 179.6406
32 174.4765
33 188.976
34 195.5648
35 186.8613
36 194.844
37 233.8099
38 238.5701
39 221.9798
40 230.2773
41 263.0254
42 270.4104
43 275.2489
44 296.0299
45 350.4106
46 372.6516
47 408.0786
48 425.4773
49 469.3944
50 533.9887
51 551.0576
52 551.6309
53 598.7475
54 649.6032
55 690.8156
56 710.915
57 706.2555
58 773.1596
59 810.5883
60 815.6589
61 893.9764
62 988.8391
63 1030.7533
64 1128.9244
65 1209.5017
66 1244.7882
67 1236.438
68 1229.3148
69 1304.2344
70 1375.4679
71 1319.644
72 1340.5822
73 1413.5919
74 1544.5321
75 1471.7097
76 1497.6642
77 1479.8174
78 1541.9166
79 1618.39
80 1592.5566
81 1581.7721
82 1545.8851
83 1648.0073
84 1595.7131
85 1608.957
86 1515.3679
87 1524.1543
88 1582.8583
89 1568.3958
