-90 424.2211
-89 382.9861
-88 393.8537
-87 427.3697
-86 424.2931
-85 441.7223
-84 417.735
-83 424.0486
-82 435.5225
-81 377.6945
-80 370.8803
-79 371.3343
-78 354.3261
-77 365.3802
-76 369.6665
-75 369.0846
-74 320.5802
-73 332.5946
-72 310.8567
-71 299.8439
-70 276.3988
-69 232.3109
-68 238.8406
-67 208.6037
-66 203.499
-65 204.4987
-64 173.8311
-63 173.3887
-62 161.1247
-61 144.4118
-60 133.357
-59 115.2736
-58 104.2347
-57 109.4545
-56 82.7108
-55 80.5505
-54 86.095
-53 95.7587
-52 87.9551
-51 76.0542
-50 69.2025
-49 69.2109
-48 74.4057
-47 61.3979
-46 54.4633
-45 53.2058
-44 46.2306
-43 45.6749
-42 43.0258
-41 44.6395
-40 40.5211
-39 40.9827
-38 41.2082
-37 39.0598
-36 25.0902
-35 26.2834
-34 22.0623
-33 17.1118
-32 26.7095
-31 34.1506
-30 26.2979
-29 25.3967
-28 25.7757
-27 19.8248
-26 24.9276
-25 23.005
-24 23.385
-23 27.5778
-22 27.8759
-21 16.2621
-20 20.9196
-19 18.6265
-18 16.9925
-17 19.4559
-16 26.0506
-15 24.1993
-14 21.3334
-13 19.7755
-12 28.1495
-11 22.3443
-10 22.5671
-9 18.4553
-8 28.7468
-7 27.3607
-6 26.0993
-5 19.7556
-4 20.6421
-3 28.8436
-2 31.2326
-1 38.2958
0 35.0053
1 36.575
2 41.5985
3 26.0659
4 21.783
5 23.3035
6 25.3928
7 21.7447
8 32.8829
9 26.6821
10 29.314
11 18.2405
12 22.2167
13 22.2245
14 25.9572
15 40.9091
16 28.9302
17 27.875
18 35.2076
19 37.0795
20 45.092
21 43.9954
22 30.4378
23 27.2083
24 29.5919
25 31.2724
26 33.5396
27 37.9761
28 50.2722
29 38.8575
30 39.2055
31 48.5038
32 58.1525
33 64.3985
34 70.0059
35 54.2486
36 62.0701
37 59.3919
38 64.5798
39 57.8228
40 59.4137
41 57.7088
42 54.5502
43 54.0967
44 54.7903
45 77.9094
46 97.9291
47 103.8299
48 97.452
49 111.7214
50 107.1495
51 95.879
52 100.1208
53 119.4147
54 113.8845
55 116.599
56 116.4858
57 116.377
58 126.2831
59 132.1828
60 158.5364
61 155.436
62 176.7448
63 181.8389
64 193.088
65 208.6262
66 228.0163
67 234.7311
68 274.3441
69 332.006
70 344.489
71 346.7274
72 355.4385
73 365.2215
74 364.4903
75 405.5231
76 426.2589
77 416.7834
78 446.0844
79 426.8139
80 389.8842
81 386.8504
82 383.9113
83 376.2034
84 351.1048
85 359.7576
86 395.0928
87 389.8231
88 410.3343
89 402.0341
