-90 950.6902
-89 946.1629
-88 892.5524
-87 900.9719
-86 844.3544
-85 839.1835
-84 812.8461
-83 767.3928
-82 718.3232
-81 797.7945
-80 814.034
-79 753.5766
-78 745.4725
-77 662.3494
-76 651.9772
-75 637.738
-74 600.7614
-73 603.7364
-72 560.1624
-71 544.7472
-70 479.6836
-69 429.8877
-68 378.4115
-67 382.4214
-66 347.7863
-65 352.5508
-64 312.3876
-63 298.1334
-62 291.6554
-61 287.6423
-60 261.4863
-59 247.7435
-58 210.3514
-57 210.9807
-56 224.2836
-55 207.5568
-54 188.3824
-53 165.5489
-52 167.5968
-51 158.3054
-50 150.8675
-49 143.6325
-48 144.0915
-47 125.703
-46 102.5387
-45 100.8669
-44 103.5413
-43 95.323
-42 90.9144
-41 89.5367
-40 99.2316
-39 73.4346
-38 69.7622
-37 68.9209
-36 57.7228
-35 64.2183
-34 56.3868
-33 43.383
-32 38.1719
-31 33.3462
-30 29.1702
-29 30.1583
-28 29.5749
-27 33.6045
-26 27.6492
-25 25.5407
-24 30.915
-23 28.8752
-22 38.3786
-21 40.8768
-20 28.9101
-19 27.567
-18 23.3713
-17 27.3838
-16 20.6612
-15 23.3326
-14 25.2692
-13 30.036
-12 19.142
-11 26.8432
-10 40.0138
-9 29.924
-8 29.8573
-7 29.7325
-6 26.6688
-5 29.0823
-4 24.9005
-3 27.4731
-2 33.4082
-1 33.5636
0 30.3316
1 24.3858
2 37.5386
3 37.4272
4 36.5912
5 35.3156
6 36.1503
7 29.8325
8 32.2128
9 39.8731
10 35.366
11 30.6525
12 30.144
13 31.3476
14 31.7411
15 39.8179
16 43.5156
17 36.2742
18 38.5544
19 48.6324
20 45.1599
21 55.2493
22 51.1082
23 50.6316
24 59.6472
25 68.2811
26 58.3945
27 60.8697
28 71.3818
29 76.8013
30 71.8501
31 71.8892
32 91.8403
33 92.4226
34 85.4114
35 101.0216
36 116.8096
37 127.7524
38 140.9593
39 157.9566
40 185.151
41 175.3997
42 162.5998
43 188.0002
44 216.5091
45 213.3576
46 215.2636
47 239.1364
48 257.976
49 270.4154
50 327.4752
51 380.4727
52 423.2693
53 483.1828
54 483.83
55 488.9617
56 496.7665
57 537.9946
58 574.281
59 619.8422
60 624.9192
61 653.2581
62 675.0908
63 728.7941
64 743.5242
65 769.9869
66 817.9008
67 843.9226
68 883.6808
69 853.1982
70 845.4734
71 875.2222
72 878.4661
73 847.8816
74 864.304
75 915.2067
76 866.1799
77 844.0499
78 864.8466
79 921.5312
80 939.9623
81 1027.2156
82 1020.4932
83 1081.8419
84 1038.0107
85 1035.4594
86 993.066
87 942.9998
88 962.2873
89 988.1797
