-90 664.0424
-89 588.1808
-88 535.8851
-87 565.0015
-86 523.3611
-85 538.1902
-84 531.9417
-83 474.0243
-82 506.7269
-81 492.1879
-80 517.8782
-79 543.6633
-78 527.9611
-77 514.4095
-76 499.1324
-75 480.1801
-74 453.5519
-73 381.4307
-72 390.0666
-71 346.6464
-70 361.6765
-69 343.7153
-68 360.0035
-67 336.0355
-66 315.5107
-65 316.9357
-64 333.3869
-63 309.6726
-62 272.1816
-61 239.3089
-60 229.9259
-59 235.8109
-58 225.6763
-57 242.5667
-56 218.5025
-55 218.8429
-54 207.9799
-53 191.0528
-52 171.0994
-51 184.4327
-50 202.5735
-49 216.5234
-48 215.3643
-47 214.6845
-46 194.7998
-45 210.5542
-44 192.8627
-43 176.717
-42 165.0423
-41 157.9781
-40 130.0864
-39 122.9296
-38 108.2261
-37 104.1113
-36 109.5229
-35 110.5462
-34 100.3105
-33 99.6486
-32 98.106
-31 103.2249
-30 75.5593
-29 80.8895
-28 66.5651
-27 65.5922
-26 64.1771
-25 65.8366
-24 55.1674
-23 65.0509
-22 54.5108
-21 54.0999
-20 63.2681
-19 59.5396
-18 52.0531
-17 56.3383
-16 66.1481
-15 58.1903
-14 56.0679
-13 47.9128
-12 56.2421
-11 52.7279
-10 51.5459
-9 62.7541
-8 67.4828
-7 55.7789
-6 62.4744
-5 56.674
-4 59.8312
-3 53.2686
-2 51.5383
-1 41.2473
0 49.0251
1 59.7994
2 58.9444
3 59.1833
4 57.2321
5 70.6063
6 52.2988
7 51.8516
8 40.844
9 57.2309
10 56.2723
11 46.2412
12 43.1579
13 42.0607
14 55.4777
15 54.6501
16 59.1236
17 42.2392
18 62.789
19 66.661
20 70.1173
21 71.2951
22 76.7022
23 96.236
24 118.9908
25 130.9877
26 144.5875
27 130.6572
28 147.0733
29 170.3738
30 190.0261
31 224.1374
32 209.4997
33 247.6247
34 283.7664
35 338.6313
36 391.8318
37 392.5229
38 440.5016
39 437.5098
40 472.847
41 522.5721
42 591.2239
43 606.849
44 599.4711
45 595.4422
46 610.6426
47 639.2224
48 680.2541
49 735.3489
50 781.0252
51 739.6794
52 759.4914
53 769.8643
54 753.8218
55 769.9568
56 766.026
57 778.7592
58 774.2421
59 872.1739
60 919.4903
61 940.3422
62 864.6533
63 865.2415
64 879
65 940.0104
66 981.5475
67 953.7003
68 1055.4045
69 1104.0159
70 1029.7914
71 1006.5488
72 947.0133
73 957.6536
74 953.4088
75 952.7317
76 927.5385
77 942.6479
78 972.2234
79 930.6266
80 906.6862
81 916.6523
82 929.0932
83 909.0331
84 879.2351
85 831.0421
86 778.9182
87 741.3429
88 679.131
89 663.8015
