-90 919.5525
-89 929.2148
-88 823.1563
-87 873.4362
-86 824.5786
-85 811.6909
-84 841.5942
-83 897.2217
-82 927.2739
-81 913.9083
-80 977.5664
-79 977.766
-78 940.0489
-77 976.0959
-76 921.0158
-75 898.2016
-74 854.2607
-73 791.7133
-72 866.2197
-71 854.992
-70 827.6179
-69 828.2041
-68 834.6837
-67 800.6082
-66 754.7731
-65 712.8629
-64 642.5535
-63 632.425
-62 626.5432
-61 594.42
-60 544.6135
-59 522.4238
-58 498.6704
-57 472.8484
-56 434.437
-55 371.5128
-54 369.1857
-53 383.827
-52 339.2984
-51 338.0745
-50 317.2729
-49 276.8496
-48 281.9774
-47 255.0254
-46 257.3054
-45 227.7962
-44 228.3298
-43 241.1134
-42 201.9967
-41 191.1917
-40 192.338
-39 196.2112
-38 177.3939
-37 153.0907
-36 166.195
-35 158.4193
-34 141.0004
-33 139.092
-32 149.5286
-31 132.1492
-30 105.9664
-29 83.7765
-28 89.4554
-27 86.5494
-26 75.4706
-25 85.0736
-24 80.8147
-23 78.1485
-22 73.4813
-21 74.954
-20 75.6936
-19 80.1301
-18 77.6997
-17 70.6586
-16 55.0769
-15 58.5962
-14 71.358
-13 63.3132
-12 64.2327
-11 74.869
-10 66.5654
-9 64.1828
-8 65.1078
-7 70.0057
-6 62.9001
-5 63.1981
-4 63.054
-3 75.5714
-2 74.6744
-1 70.0417
0 77.5841
1 93.34
2 98.6856
3 107.5516
4 105.3163
5 117.045
6 106.5782
7 110.425
8 117.6798
9 119.8911
10 133.3978
11 171.068
12 180.924
13 185.7126
14 193.0307
15 222.0886
16 240.188
17 259.4751
18 260.7602
19 302.478
20 311.2539
21 302.7508
22 359.63
23 348.4707
24 406.1042
25 410.557
26 399.6058
27 463.3264
28 503.6742
29 533.0325
30 570.6115
31 602.3664
32 597.9531
33 632.5145
34 574.941
35 535.0654
36 588.748
37 578.7262
38 603.8893
39 642.0354
40 653.0332
41 641.0674
42 616.3643
43 614.1752
44 632.2891
45 643.2079
46 667.1304
47 650.0714
48 687.6466
49 682.0921
50 686.5177
51 702.7703
52 706.1846
53 710.0906
54 691.0009
55 700.606
56 688.2537
57 726.8265
58 794.2381
59 849.0651
60 847.3503
61 912.0385
62 860.916
63 906.9697
64 969.0806
65 1000.2027
66 1047.2576
67 1041.2866
68 1021.3422
69 1010.7147
70 1018.2731
71 1013.3137
72 1050.76
73 1057.9767
74 1046.6904
75 1010.4785
76 1070.1781
77 1031.2371
78 995.7739
79 1002.4535
80 961.6968
81 987.3256
82 993.2763
83 959.7313
84 955.1816
85 1015.1331
86 948.5704
87 907.5068
88 931.2368
89 982.3251
