-90 1841.3959
-89 1828.7484
-88 1817.1301
-87 1705.9708
-86 1619.4681
-85 1517.765
-84 1542.9202
-83 1553.9286
-82 1587.6222
-81 1547.1184
-80 1560.306
-79 1503.7441
-78 1508.7283
-77 1547.6193
-76 1419.2472
-75 1388.8025
-74 1383.2133
-73 1333.6365
-72 1189.9513
-71 1167.8418
-70 1044.1824
-69 985.158
-68 933.5372
-67 886.3364
-66 865.8448
-65 800.6287
-64 740.9485
-63 656.2609
-62 590.2075
-61 536.392
-60 534.886
-59 522.8121
-58 503.1186
-57 446.8355
-56 433.0441
-55 406.9279
-54 383.9881
-53 347.0075
-52 343.8597
-51 283.8318
-50 295.7769
-49 281.204
-48 255.4288
-47 233.0287
-46 217.6021
-45 197.6319
-44 178.0729
-43 187.0601
-42 175.126
-41 173.9548
-40 162.5609
-39 163.84
-38 153.1301
-37 151.3709
-36 142.2076
-35 142.6771
-34 137.5798
-33 123.0292
-32 118.8703
-31 112.0734
-30 117.4054
-29 126.4067
-28 116.5384
-27 100.3345
-26 118.7207
-25 108.989
-24 104.5164
-23 109.3636
-22 90.9706
-21 94.8888
-20 91.2263
-19 85.6301
-18 81.3187
-17 77.2131
-16 93.7847
-15 93.2641
-14 87.0179
-13 71.8356
-12 69.7112
-11 59.592
-10 76.4357
-9 75.6492
-8 77.0057
-7 72.5265
-6 87.4512
-5 73.6638
-4 73.1849
-3 87.4834
-2 108.6499
-1 92.6015
0 100.759
1 102.2469
2 105.1641
3 109.2295
4 120.4183
5 123.3886
6 159.4397
7 151.0177
8 170.7043
9 178.9722
10 188.4285
11 184.8907
12 189.0198
13 179.832
14 193.7608
15 222.0202
16 223.8274
17 212.7501
18 226.4598
19 231.7097
20 254.5208
21 275.564
22 289.1384
23 291.5683
24 278.1924
25 328.2101
26 350.3959
27 365.4606
28 359.0277
29 335.7578
30 308.6159
31 357.4985
32 338.2472
33 369.1681
34 389.0042
35 346.8752
36 353.6157
37 325.5427
38 328.6944
39 327.7061
40 299.753
41 306.4569
42 319.5002
43 305.9424
44 312.7765
45 335.0953
46 389.0952
47 396.5689
48 433.0308
49 462.5932
50 486.9269
51 482.9287
52 504.4495
53 533.5535
54 622.0891
55 698.8943
56 746.814
57 838.5695
58 973.5114
59 994.2589
60 991.9737
61 1023.8729
62 1097.4948
63 1216.223
64 1280.6854
65 1389.1254
66 1441.6656
67 1442.5627
68 1527.8456
69 1521.9601
70 1454.036
71 1498.1936
72 1517.4362
73 1633.7357
74 1650.3529
75 1660.5992
76 1710.5446
77 1677.0637
78 1705.5872
79 1788.2936
80 1871.9977
81 1966.6244
82 2030.7279
83 1999.1818
84 1993.3944
85 1933.9089
86 1924.8774
87 1883.0382
88 1729.925
89 1748.9127
