-90 364.7851
-89 372.8361
-88 369.3524
-87 379.3661
-86 337.0798
-85 347.2924
-84 340.3688
-83 356.9151
-82 344.5075
-81 343.3774
-80 334.311
-79 311.3485
-78 317.0299
-77 308.0725
-76 300.0347
-75 288.6185
-74 293.6805
-73 296.3993
-72 302.8503
-71 306.1099
-70 298.3009
-69 320.612
-68 303.0773
-67 338.6759
-66 343.959
-65 315.7911
-64 315.8455
-63 295.6364
-62 323.9175
-61 316.2236
-60 319.6173
-59 320.875
-58 297.38
-57 324.2551
-56 304.267
-55 301.017
-54 329.2306
-53 325.3155
-52 299.4176
-51 273.1817
-50 272.4603
-49 225.4522
-48 223.8519
-47 198.3774
-46 188.5747
-45 184.3024
-44 185.4391
-43 196.4453
-42 219.556
-41 237.3178
-40 232.6914
-39 232.1269
-38 231.0249
-37 256.9208
-36 246.9056
-35 240.906
-34 226.8047
-33 184.6539
-32 218.4073
-31 211.2377
-30 197.9651
-29 200.5405
-28 186.5119
-27 167.2494
-26 166.8796
-25 164.0587
-24 161.3829
-23 170.844
-22 172.4522
-21 168.4743
-20 146.8644
-19 155.0066
-18 139.9329
-17 134.6382
-16 129.9581
-15 122.251
-14 132.0069
-13 137.5375
-12 140.2038
-11 128.9311
-10 126.8746
-9 129.1701
-8 126.6483
-7 126.4233
-6 117.9834
-5 119.2835
-4 127.5213
-3 130.0151
-2 134.999
-1 150.4848
0 165.1271
1 176.8624
2 178.0229
3 156.3647
4 139.3972
5 147.4359
6 162.0449
7 163.6323
8 158.462
9 175.5194
10 175.2064
11 185.5029
12 199.0311
13 209.1204
14 204.7021
15 198.7034
16 197.222
17 214.8076
18 231.8343
19 277.1627
20 266.7059
21 271.5813
22 251.1919
23 246.0492
24 265.8012
25 257.312
26 233.3901
27 220.0913
28 201.6976
29 207.0467
30 207.5354
31 192.5035
32 175.8867
33 200.3268
34 217.8605
35 208.5164
36 197.1175
37 192.6094
38 178.8929
39 198.8837
40 207.3763
41 214.3824
42 197.1279
43 218.9408
44 227.6044
45 214.6499
46 223.195
47 206.9681
48 190.1451
49 176.552
50 201.9806
51 229.8285
52 262.6795
53 266.654
54 276.8907
55 280.9656
56 287.3528
57 266.052
58 277.1815
59 279.6981
60 276.3745
61 274.877
62 298.4761
63 257.5403
64 273.0813
65 275.4666
66 287.9032
67 299.0788
68 310.9498
69 308.8787
70 305.3509
71 299.4801
72 275.1389
73 257.2749
74 258.1962
75 274.1219
76 302.6137
77 292.3928
78 317.0828
79 324.6474
80 345.9656
81 330.815
82 306.0808
83 326.225
84 332.9619
85 332.2094
86 320.7812
87 309.4017
88 328.277
89 328.6842
