-90 668.465
-89 673.4283
-88 696.05
-87 705.7025
-86 738.6694
-85 764.6666
-84 794.5042
-83 785.806
-82 813.3749
-81 832.8046
-80 829.3004
-79 863.8881
-78 811.9371
-77 784.5199
-76 816.5693
-75 798.7991
-74 771.6927
-73 735.6338
-72 695.3986
-71 642.4568
-70 632.7577
-69 648.2792
-68 656.2326
-67 690.7874
-66 702.0372
-65 713.2955
-64 751.876
-63 803.1264
-62 805.8349
-61 810.2744
-60 795.9827
-59 763.4881
-58 749.8188
-57 763.1077
-56 818.421
-55 838.0089
-54 810.8762
-53 799.5507
-52 758.5512
-51 762.3915
-50 762.5072
-49 738.4663
-48 705.2617
-47 690.3783
-46 649.7171
-45 646.3796
-44 622.1504
-43 593.2337
-42 554.3547
-41 546.9908
-40 523.8585
-39 491.5831
-38 446.6611
-37 406.7325
-36 372.2688
-35 341.7516
-34 347.2916
-33 301.9843
-32 309.0569
-31 268.0956
-30 224.1733
-29 219.4641
-28 199.9299
-27 204.6884
-26 221.4848
-25 201.6735
-24 196.1438
-23 182.9636
-22 152.3916
-21 133.0341
-20 121.6372
-19 125.0399
-18 140.7857
-17 141.503
-16 130.3777
-15 127.6914
-14 125.4058
-13 112.1342
-12 111.3814
-11 110.7015
-10 110.3372
-9 131.9898
-8 146.1939
-7 155.4
-6 173.0388
-5 186.6687
-4 177.7072
-3 186.4463
-2 193.8963
-1 215.4532
0 222.3248
1 198.8751
2 237.6558
3 274.4398
4 285.5471
5 296.1211
6 308.3206
7 314.5623
8 308.4559
9 345.8977
10 366.0779
11 382.6772
12 405.8173
13 443.6819
14 442.9417
15 462.6494
16 517.259
17 507.4435
18 534.0147
19 550.5367
20 583.7756
21 600.9958
22 650.3212
23 664.1423
24 717.1116
25 770.8356
26 838.9535
27 844.9193
28 878.9631
29 878.9122
30 862.5747
31 882.0706
32 919.4043
33 871.7812
34 928.1744
35 945.9855
36 909.5621
37 871.6285
38 923.9475
39 959.694
40 968.5627
41 1005.3463
42 1040.6349
43 1024.4646
44 1015.0198
45 1070.0482
46 1052.6304
47 1011.8138
48 965.7689
49 910.9396
50 907.0907
51 934.4214
52 915.802
53 916.1304
54 855.9592
55 820.1839
56 772.9796
57 773.9127
58 769.944
59 798.1088
60 751.3685
61 709.9774
62 651.048
63 664.2226
64 701.8682
65 678.1904
66 694.7111
67 725.6513
68 732.7335
69 742.6364
70 722.5438
71 700.5125
72 709.0287
73 698.2722
74 723.1727
75 700.9376
76 696.2446
77 671.6077
78 684.2435
79 697.4359
80 675.436
81 640.8393
82 609.9593
83 620.5248
84 659.4687
85 646.5914
86 630.66
87 621.3757
88 629.2625
89 641.9861
