-90 893.6354
-89 922.8804
-88 888.2011
-87 910.4562
-86 902.687
-85 888.9689
-84 850.8331
-83 798.6816
-82 846.1841
-81 834.0386
-80 817.0891
-79 789.0771
-78 768.2949
-77 762.2186
-76 758.9633
-75 690.7073
-74 640.8441
-73 614.5754
-72 556.5541
-71 546.8092
-70 545.5372
-69 524.462
-68 502.9528
-67 448.7098
-66 435.1696
-65 402.2123
-64 401.6718
-63 385.904
-62 348.082
-61 290.6882
-60 313.0888
-59 297.7787
-58 283.936
-57 244.8211
-56 272.1138
-55 215.6464
-54 217.2677
-53 216.3024
-52 174.4553
-51 176.6643
-50 174.2447
-49 172.2345
-48 177.244
-47 159.3593
-46 166.73
-45 177.3264
-44 157.864
-43 167.9606
-42 133.9258
-41 115.314
-40 100.0779
-39 87.9643
-38 73.1605
-37 71.795
-36 64.3732
-35 83.7327
-34 71.5427
-33 58.44
-32 55.9842
-31 56.713
-30 64.5165
-29 52.3453
-28 48.0363
-27 55.4399
-26 51.6495
-25 50.5298
-24 54.7732
-23 42.8028
-22 43.3128
-21 38.2566
-20 45.42
-19 51.3449
-18 45.1816
-17 41.2124
-16 36.8163
-15 46.4642
-14 47.6601
-13 51.727
-12 46.3021
-11 50.9657
-10 58.1558
-9 59.7311
-8 43.8913
-7 35.9036
-6 45.8116
-5 52.2174
-4 42.0711
-3 35.9481
-2 33.7503
-1 43.2083
0 55.36
1 46.4589
2 46.4245
3 46.7826
4 50.8118
5 54.6629
6 53.4249
7 51.3349
8 55.7835
9 49.5488
10 52.9239
11 60.1645
12 42.2883
13 34.0148
14 48.7906
15 54.6338
16 69.1366
17 72.5336
18 60.138
19 47.6951
20 45.684
21 52.439
22 46.4316
23 44.6806
24 49.552
25 46.1845
26 52.7208
27 50.0535
28 57.9803
29 61.9421
30 69.5731
31 69.0292
32 68.6979
33 70.5049
34 72.8819
35 104.4291
36 100.8153
37 93.096
38 110.9655
39 136.0363
40 139.2382
41 140.9282
42 152.0239
43 163.8935
44 183.7228
45 194.8182
46 215.601
47 219.601
48 234.581
49 256.2544
50 259.9793
51 262.5874
52 329.6394
53 327.988
54 372.2692
55 384.5797
56 372.5396
57 403.4027
58 488.2957
59 527.3469
60 552.8023
61 598.0997
62 625.4929
63 724.868
64 766.8478
65 803.5944
66 795.7369
67 807.5908
68 845.1606
69 881.455
70 972.3043
71 967.3725
72 920.8421
73 952.1071
74 987.9917
75 948.3024
76 937.8802
77 868.851
78 856.8481
79 882.8492
80 925.0355
81 955.7828
82 914.78
83 951.551
84 967.795
85 1010.8369
86 985.7466
87 973.5275
88 1016.0181
89 925.3378
