-90 611.4753
-89 593.8769
-88 648.7484
-87 667.2715
-86 688.2643
-85 789.4026
-84 744.8809
-83 747.3201
-82 779.6757
-81 787.9352
-80 748.8166
-79 774.389
-78 811.8392
-77 767.9454
-76 806.2397
-75 742.2985
-74 787.4224
-73 818.7305
-72 792.6273
-71 808.2856
-70 808.9557
-69 839.4193
-68 875.2411
-67 875.123
-66 902.0544
-65 828.7906
-64 867.3519
-63 849.8621
-62 780.3878
-61 805.1669
-60 820.8223
-59 821.6337
-58 768.033
-57 692.0688
-56 638.8099
-55 594.6779
-54 598.2909
-53 567.9963
-52 513.4167
-51 487.5947
-50 460.0416
-49 435.1819
-48 399.0074
-47 362.3548
-46 350.1888
-45 346.574
-44 307.1911
-43 305.572
-42 277.7725
-41 230.6821
-40 191.4571
-39 195.898
-38 174.5666
-37 161.5631
-36 159.4199
-35 154.3184
-34 139.2543
-33 125.4217
-32 107.7434
-31 106.5009
-30 94.5741
-29 82.0237
-28 88.8907
-27 88.7857
-26 84.9693
-25 79.2037
-24 78.7392
-23 75.742
-22 64.8163
-21 58.3454
-20 52.2027
-19 56.3365
-18 45.2713
-17 42.1051
-16 48.167
-15 42.6229
-14 49.4191
-13 45.3795
-12 46.2193
-11 37.8936
-10 34.6491
-9 41.091
-8 38.3752
-7 37.5167
-6 35.6115
-5 42.3164
-4 37.6638
-3 34.4348
-2 35.127
-1 38.32
0 33.7385
1 40.0874
2 40.1914
3 39.9292
4 39.7781
5 56.3729
6 55.2275
7 51.0509
8 63.6961
9 79.1455
10 79.6623
11 89.2841
12 82.9911
13 80.4579
14 94.2491
15 98.7391
16 103.7683
17 91.2619
18 95.0178
19 107.3459
20 126.5035
21 137.1653
22 145.3251
23 145.8629
24 144.584
25 162.0517
26 170.7765
27 182.5237
28 204.7034
29 209.2371
30 222.0042
31 254.9311
32 271.1727
33 275.2911
34 271.8138
35 251.7399
36 274.5313
37 266.269
38 279.0236
39 275.01
40 319.0181
41 355.7698
42 330.4384
43 346.7624
44 370.3911
45 341.7538
46 315.7014
47 356.5746
48 372.173
49 342.3256
50 372.3385
51 432.2396
52 470.4164
53 434.1783
54 427.9689
55 435.3134
56 431.6684
57 438.2281
58 449.0341
59 486.9758
60 473.5704
61 480.1335
62 496.9936
63 477.6023
64 474.9976
65 471.6203
66 453.7601
67 478.5068
68 512.5823
69 472.289
70 445.8522
71 477.5357
72 474.1181
73 485.9886
74 491.006
75 499.1483
76 481.9913
77 499.441
78 520.5999
79 530.4107
80 539.2218
81 528.4838
82 554.0815
83 546.4664
84 550.1639
85 535.7775
86 608.4079
87 630.5574
88 608.1583
89 618.166
