-90 496.6342
-89 472.5328
-88 513.8654
-87 523.5239
-86 537.5381
-85 540.8501
-84 503.2497
-83 547.647
-82 555.1609
-81 560.2173
-80 592.0437
-79 566.6277
-78 556.2133
-77 558.6472
-76 620.8769
-75 588.1671
-74 575.6053
-73 584.2224
-72 576.61
-71 558.688
-70 541.642
-69 541.5568
-68 568.0974
-67 518.8995
-66 509.4294
-65 488.3539
-64 497.2178
-63 481.7345
-62 471.3953
-61 457.7316
-60 436.7209
-59 438.3224
-58 389.2154
-57 370.2722
-56 379.2319
-55 377.7608
-54 369.2697
-53 353.2533
-52 345.5656
-51 318.0852
-50 284.5942
-49 269.7523
-48 242.8546
-47 223.9974
-46 224.369
-45 190.7101
-44 197.431
-43 176.1369
-42 164.8195
-41 152.842
-40 136.1877
-39 113.7571
-38 88.8258
-37 90.4753
-36 92.6041
-35 82.9093
-34 70.1749
-33 53.317
-32 47.1826
-31 37.9324
-30 46.9189
-29 46.7309
-28 39.3057
-27 36.8555
-26 37.1814
-25 29.4264
-24 22.9438
-23 29.5716
-22 32.2281
-21 23.2409
-20 26.2506
-19 25.7653
-18 23.4711
-17 23.887
-16 24.943
-15 20.7979
-14 26.7005
-13 34.9182
-12 30.7615
-11 23.5047
-10 23.5835
-9 23.2323
-8 21.5441
-7 19.2062
-6 23.9644
-5 24.0696
-4 25.1265
-3 21.0483
-2 12.4048
-1 15.6788
0 17.5404
1 19.5387
2 16.0013
3 13.1243
4 10.7747
5 15.5618
6 15.7594
7 17.3895
8 11.6216
9 13.6705
10 9.8232
11 13.5371
12 12.8366
13 16.0008
14 11.1711
15 13.4052
16 14.9165
17 14.8427
18 17.8987
19 22.9909
20 23.6301
21 25.7185
22 24.4526
23 28.9683
24 30.8703
25 31.9484
26 28.3197
27 36.765
28 30.8836
29 36.2343
30 33.3462
31 43.5513
32 37.2562
33 30.2285
34 27.4616
35 42.491
36 41.1464
37 39.6244
38 49.5078
39 57.3276
40 59.7853
41 57.0813
42 50.5019
43 72.1233
44 88.454
45 93.6818
46 95.4837
47 83.8843
48 87.4714
49 96.4815
50 101.8971
51 102.5914
52 109.348
53 144.63
54 156.1949
55 159.0315
56 194.3048
57 206.445
58 240.3786
59 239.7259
60 254.835
61 261.1521
62 267.6179
63 278.355
64 316.0171
65 305.572
66 309.0664
67 328.6459
68 361.1581
69 375.8577
70 367.9781
71 367.9037
72 367.7173
73 407.602
74 418.5332
75 457.205
76 476.6689
77 496.2129
78 471.9549
79 515.9697
80 513.8094
81 553.6455
82 578.4662
83 540.6774
84 552.1722
85 559.6841
86 570.6256
87 531.5781
88 524.3902
89 499.572
