-90 2110.0449
-89 2140.4417
-88 2099.8264
-87 2007.2206
-86 1976.881
-85 1892.472
-84 1884.631
-83 1847.0499
-82 1793.4001
-81 1688.3839
-80 1643.3524
-79 1495.5979
-78 1442.2072
-77 1327.6802
-76 1248.6589
-75 1118.9537
-74 1048.5403
-73 1000.6822
-72 978.2198
-71 888.3458
-70 835.061
-69 780.218
-68 784.5817
-67 753.5934
-66 676.1155
-65 593.8741
-64 528.2902
-63 471.7679
-62 419.1093
-61 390.6731
-60 324.2489
-59 319.5405
-58 267.8374
-57 234.3747
-56 219.0783
-55 195.3275
-54 177.0403
-53 166.4536
-52 149.713
-51 154.5904
-50 149.3248
-49 157.7303
-48 143.1199
-47 112.2705
-46 99.9051
-45 110.5948
-44 110.0249
-43 108.9621
-42 82.292
-41 78.796
-40 86.0495
-39 78.1954
-38 57.6842
-37 58.0118
-36 60.9884
-35 53.7626
-34 43.515
-33 47.2551
-32 38.0573
-31 39.8309
-30 40.6823
-29 46.2156
-28 34.7967
-27 38.7679
-26 37.033
-25 34.0299
-24 27.0309
-23 28.8041
-22 27.3036
-21 29.9553
-20 31.2392
-19 30.5358
-18 33.6948
-17 28.3181
-16 27.2343
-15 30.4553
-14 23.6441
-13 25.2418
-12 30.6586
-11 25.7097
-10 21.2876
-9 20.1167
-8 22.7166
-7 23.7746
-6 32.7593
-5 26.7469
-4 25.8295
-3 21.5229
-2 24.2196
-1 27.3142
0 25.0961
1 21.3452
2 24.7025
3 33.5881
4 30.0317
5 31.594
6 41.1333
7 36.4609
8 41.8357
9 43.2208
10 51.4933
11 43.5598
12 38.7096
13 55.7816
14 46.514
15 39.649
16 39.587
17 48.7549
18 58.8181
19 74.3596
20 77.0546
21 69.7984
22 77.5054
23 74.4965
24 83.8115
25 104.1883
26 115.9149
27 124.9117
28 119.9831
29 102.0309
30 106.0884
31 132.7737
32 156.6888
33 146.9137
34 159.4396
35 181.0381
36 194.2021
37 193.1092
38 184.8412
39 203.7325
40 248.4584
41 254.0175
42 269.8448
43 288.0678
44 291.0997
45 330.3314
46 344.2194
47 382.1752
48 421.0249
49 452.8178
50 490.5417
51 498.9324
52 530.8925
53 635.092
54 687.2341
55 723.3799
56 779.3597
57 774.1959
58 884.5748
59 999.4221
60 1082.8855
61 1192.2891
62 1275.7587
63 1346.958
64 1447.0226
65 1564.3358
66 1669.4772
67 1747.5525
68 1815.5684
69 1877.671
70 1922.9517
71 2017.123
72 2088.196
73 2137.4265
74 2126.6858
75 2192.3965
76 2161.5051
77 2246.1279
78 2418.6011
79 2503.8257
80 2481.5991
81 2437.2397
82 2432.8352
83 2371.3157
84 2356.3376
85 2294.875
86 2203.4424
87 2137.7439
88 2124.1091
89 2151.7915
