-90 950.8809
-89 931.4973
-88 948.0975
-87 893.1168
-86 865.3043
-85 754.4961
-84 662.499
-83 598.0164
-82 551.717
-81 496.5859
-80 480.6672
-79 443.6419
-78 433.5758
-77 422.0211
-76 373.9754
-75 339.6774
-74 320.0938
-73 307.8564
-72 304.2579
-71 282.9075
-70 244.5015
-69 233.0408
-68 196.2813
-67 167.667
-66 142.5435
-65 118.5753
-64 103.9143
-63 92.3968
-62 82.9969
-61 72.8433
-60 66.6693
-59 66.2471
-58 56.7846
-57 41.1872
-56 37.1112
-55 34.4891
-54 23.8359
-53 30.3984
-52 28.7836
-51 25.9544
-50 19.4474
-49 14.9712
-48 20.2448
-47 16.9376
-46 15.7808
-45 14.4626
-44 15.8612
-43 13.8331
-42 17.8413
-41 13.7147
-40 18.5747
-39 19.5719
-38 25.2295
-37 29.8329
-36 26.6484
-35 23.2332
-34 20.0072
-33 20.4648
-32 18.9447
-31 17.7289
-30 15.6144
-29 17.6896
-28 8.2704
-27 8.2208
-26 9.3069
-25 10.1731
-24 7.3745
-23 11.243
-22 12.0399
-21 11.9572
-20 8.7878
-19 9.5349
-18 7.9627
-17 7.9527
-16 10.8415
-15 5.8264
-14 8.1741
-13 9.1114
-12 10.8666
-11 10.0207
-10 8.4377
-9 12.4376
-8 11.0574
-7 13.1245
-6 13.7736
-5 15.9993
-4 14.0538
-3 16.7152
-2 16.1357
-1 15.2273
0 15.0831
1 14.0718
2 15.565
3 13.8702
4 20.7761
5 20.3377
6 26.6369
7 22.0777
8 26.7832
9 30.4138
10 35.9939
11 35.6051
12 30.9808
13 35.5198
14 29.7048
15 31.5394
16 43.2419
17 41.7763
18 49.11
19 46.917
20 44.7716
21 39.7871
22 44.743
23 53.8125
24 58.7443
25 72.3957
26 74.6875
27 84.2769
28 91.183
29 100.146
30 90.9866
31 99.4351
32 110.303
33 114.6746
34 137.4562
35 153.3064
36 138.4745
37 162.4474
38 209.0499
39 242.9206
40 266.7184
41 280.4248
42 293.7655
43 303.9417
44 342.7182
45 391.4351
46 437.4822
47 451.8648
48 452.7713
49 506.118
50 554.4019
51 553.5865
52 606.9471
53 648.8881
54 768.9655
55 812.6921
56 909.3746
57 970.1812
58 1019.2936
59 1128.1567
60 1222.5043
61 1228.7338
62 1300.142
63 1393.3535
64 1398.6562
65 1439.2305
66 1544.757
67 1660.915
68 1596.7987
69 1573.438
70 1620.2155
71 1654.4917
72 1581.3668
73 1552.8527
74 1529.5066
75 1556.7096
76 1530.5763
77 1564.2433
78 1531.8826
79 1475.7129
80 1422.0751
81 1412.0626
82 1392.2823
83 1285.547
84 1203.8933
85 1200.8965
86 1125.2052
87 1128.3304
88 1134.8964
89 1051.0861
