-90 3400.5732
-89 3382.936
-88 3514.6541
-87 3531.0049
-86 3444.5815
-85 3299.3284
-84 3330.5176
-83 3210.2961
-82 3247.5393
-81 3235.3086
-80 3094.4919
-79 2987.1104
-78 2981.3857
-77 2761.0566
-76 2786.6489
-75 2620.5984
-74 2460.1357
-73 2354.5266
-72 2220.1082
-71 1926.3492
-70 1659.6295
-69 1551.7017
-68 1385.8091
-67 1241.4449
-66 1085.8176
-65 1013.4884
-64 960.1406
-63 830.7032
-62 765.6487
-61 688.4036
-60 602.1154
-59 583.1744
-58 527.8414
-57 450.115
-56 394.8459
-55 374.9292
-54 342.1389
-53 292.8947
-52 269.9944
-51 226.9801
-50 241.3327
-49 216.9821
-48 217.164
-47 190.6383
-46 176.6285
-45 158.4476
-44 131.5858
-43 116.4238
-42 105.387
-41 88.6021
-40 85.1139
-39 74.2931
-38 73.2048
-37 73.5305
-36 52.9536
-35 49.8029
-34 60.4616
-33 54.3926
-32 62.9452
-31 51.794
-30 54.5416
-29 52.6886
-28 50.8251
-27 50.206
-26 46.8636
-25 40.3691
-24 35.1159
-23 35.4363
-22 35.8207
-21 31.2266
-20 31.4069
-19 29.4989
-18 27.8338
-17 19.4515
-16 25.7446
-15 21.9543
-14 22.5194
-13 27.6432
-12 29.9852
-11 32.0106
-10 26.6182
-9 21.1552
-8 22.8833
-7 24.2982
-6 26.0974
-5 25.022
-4 18.7505
-3 20.6045
-2 22.312
-1 18.7831
0 18.3978
1 16.7854
2 20.7589
3 20.1476
4 20.5226
5 21.3375
6 20.5016
7 21.3015
8 14.2623
9 16.9326
10 15.0012
11 21.3297
12 17.4556
13 21.5857
14 24.5156
15 19.7836
16 20.9108
17 26.1061
18 19.9614
19 24.2408
20 29.8282
21 26.9624
22 29.9045
23 21.8343
24 23.0751
25 26.7306
26 24.1824
27 31.7401
28 34.8217
29 44.2937
30 43.7452
31 45.9589
32 51.4247
33 52.1294
34 40.8079
35 52.828
36 64.3694
37 51.2053
38 66.6692
39 86.2654
40 77.5824
41 86.2197
42 96.653
43 118.2722
44 124.7376
45 128.2438
46 134.0887
47 143.7173
48 173.5861
49 188.1477
50 220.6277
51 265.5362
52 265.8407
53 289.9761
54 323.9111
55 344.1687
56 428.0566
57 488.8989
58 554.7698
59 608.1551
60 680.6292
61 808.6107
62 969.6454
63 1048.2865
64 1136.2677
65 1174.9028
66 1241.9817
67 1280.6467
68 1369.6256
69 1551.3677
70 1734.8029
71 1779.0074
72 1911.4596
73 1977.8425
74 2036.9087
75 2207.7893
76 2287.8699
77 2477.4443
78 2511.4399
79 2592.0544
80 2654.3638
81 2720.6265
82 2823.1367
83 2921.3347
84 3111.7747
85 3226.5334
86 3352.4644
87 3415.7966
88 3348.1917
89 3347.8113
