-90 1147.3763
-89 1261.3611
-88 1275.5427
-87 1366.6958
-86 1408.4531
-85 1515.9645
-84 1585.9142
-83 1640.7728
-82 1654.1605
-81 1704.5194
-80 1645.5762
-79 1675.4803
-78 1687.1688
-77 1695.0291
-76 1685.4478
-75 1689.8077
-74 1671.059
-73 1689.2593
-72 1649.9869
-71 1605.8517
-70 1550.0845
-69 1457.359
-68 1460.047
-67 1454.0397
-66 1389.3928
-65 1310.7312
-64 1265.9807
-63 1136.08
-62 1077.2948
-61 1037.2546
-60 991.6683
-59 915.1013
-58 864.652
-57 858.2039
-56 795.1927
-55 778.3541
-54 734.1133
-53 722.1703
-52 672.9045
-51 644.4698
-50 663.2197
-49 688.0791
-48 684.2953
-47 643.2744
-46 612.0349
-45 550.8099
-44 510.4842
-43 527.3467
-42 496.3593
-41 503.1876
-40 491.081
-39 474.9047
-38 468.261
-37 459.8975
-36 447.4163
-35 431.6278
-34 420.906
-33 417.1005
-32 416.886
-31 405.6448
-30 397.1588
-29 405.7266
-28 418.1132
-27 375.5836
-26 355.992
-25 368.9774
-24 382.9245
-23 364.8393
-22 355.6599
-21 357.2605
-20 324.0583
-19 301.2678
-18 317.2036
-17 290.1905
-16 256.466
-15 252.7867
-14 243.2158
-13 249.6633
-12 245.2645
-11 219.7699
-10 217.4823
-9 183.107
-8 179.0608
-7 176.5859
-6 174.9387
-5 173.7884
-4 157.1303
-3 156.6807
-2 155.7603
-1 131.3883
0 123.5995
1 123.6042
2 122.2664
3 126.5559
4 94.0816
5 107.1108
6 110.5834
7 96.337
8 83.2998
9 74.1306
10 80.6161
11 66.3557
12 71.9921
13 75.0059
14 68.5518
15 71.4158
16 77.8553
17 85.4611
18 77.6335
19 77.8025
20 78.878
21 77.6176
22 73.4919
23 76.7921
24 69.8498
25 64.0096
26 64.8171
27 82.9663
28 71.8578
29 66.2839
30 71.5021
31 68.5763
32 63.741
33 68.5007
34 85.9535
35 82.2017
36 75.9379
37 83.3033
38 69.0354
39 79.5685
40 85.5212
41 83.1133
42 108.7544
43 104.149
44 90.7309
45 116.2906
46 109.9902
47 100.2891
48 112.3657
49 134.8333
50 123.1138
51 117.0701
52 138.6277
53 156.5746
54 151.5633
55 172.1786
56 174.8157
57 206.4263
58 223.4284
59 229.7779
60 251.9207
61 252.6867
62 266.8409
63 296.8325
64 306.9765
65 285.4649
66 288.9549
67 291.287
68 314.0647
69 366.4083
70 343.7587
71 393.2033
72 413.8461
73 468.709
74 500.8279
75 529.1359
76 537.3091
77 536.6994
78 574.2103
79 639.7346
80 733.2595
81 771.5532
82 816.1209
83 886.5574
84 886.2416
85 976.8594
86 1059.0107
87 1073.2509
88 1123.2953
89 1137.2756
