-90 361.5238
-89 364.3794
-88 355.2455
-87 389.3275
-86 407.8307
-85 415.8573
-84 381.3864
-83 411.8992
-82 454.7047
-81 435.7367
-80 416.7381
-79 443.7267
-78 471.8558
-77 447.6587
-76 426.0381
-75 437.9409
-74 440.1506
-73 441.8769
-72 439.7113
-71 474.0749
-70 455.4172
-69 466.3596
-68 496.7821
-67 529.2634
-66 550.3368
-65 559.0989
-64 523.6835
-63 527.6472
-62 484.9273
-61 476.1354
-60 468.5964
-59 423.7528
-58 359.6098
-57 336.4909
-56 317.6843
-55 295.3672
-54 313.2848
-53 316.7006
-52 301.382
-51 284.1296
-50 244.3427
-49 256.0768
-48 240.4937
-47 221.0153
-46 195.9262
-45 222.3562
-44 210.4767
-43 200.7763
-42 203.5044
-41 186.8827
-40 213.1382
-39 215.4355
-38 219.3199
-37 198.5995
-36 201.7213
-35 209.2271
-34 207.3617
-33 209.3726
-32 220.2745
-31 230.9266
-30 234.5721
-29 237.1526
-28 231.2248
-27 240.0515
-26 252.3432
-25 255.0527
-24 247.6587
-23 249.0253
-22 233.1818
-21 233.9227
-20 232.6699
-19 234.6021
-18 196.4734
-17 195.6218
-16 203.092
-15 195.655
-14 182.1609
-13 171.6953
-12 190.2547
-11 182.4478
-10 186.1853
-9 202.0255
-8 217.4173
-7 209.3118
-6 205.2682
-5 220.3117
-4 241.9822
-3 217.1153
-2 245.9988
-1 224.2381
0 195.513
1 208.6167
2 219.2895
3 228.3899
4 201.0103
5 188.4388
6 214.2089
7 214.323
8 178.5221
9 177.8459
10 156.897
11 176.7698
12 185.0216
13 180.4149
14 174.1534
15 171.5352
16 177.4341
17 179.1345
18 152.9575
19 156.2608
20 156.4051
21 156.1461
22 159.632
23 170.9669
24 172.1898
25 174.3373
26 168.4339
27 142.7305
28 167.2703
29 168.0185
30 144.9301
31 148.3122
32 164.598
33 211.9998
34 222.6181
35 217.6493
36 192.0725
37 204.7006
38 187.8007
39 201.4562
40 181.6633
41 161.2886
42 178.0636
43 188.043
44 176.9964
45 192.1234
46 184.0768
47 156.947
48 147.3968
49 123.6716
50 124.6721
51 143.9436
52 152.3645
53 139.9099
54 163.1399
55 173.4345
56 171.4483
57 178.3249
58 173.492
59 157.5969
60 154.376
61 137.9555
62 133.1707
63 182.109
64 204.5426
65 225.4847
66 236.9833
67 241.8425
68 239.9011
69 207.3471
70 212.0607
71 195.8436
72 185.055
73 203.184
74 211.9881
75 220.1552
76 209.088
77 231.4809
78 230.5588
79 261.7978
80 256.7785
81 278.7306
82 271.0941
83 272.5408
84 295.8653
85 292.524
86 322.89
87 376.4429
88 404.5527
89 371.7374
