-90 1509.3741
-89 1516.1903
-88 1559.5388
-87 1604.9053
-86 1714.0403
-85 1735.7316
-84 1829.0692
-83 1838.0122
-82 1786.6609
-81 1700.8806
-80 1601.9099
-79 1585.3065
-78 1476.6603
-77 1378.6145
-76 1336.2177
-75 1298.6942
-74 1144.4702
-73 1101.1912
-72 1088.3219
-71 1040.3937
-70 1042.7323
-69 972.7507
-68 918.7197
-67 865.3141
-66 842.873
-65 720.615
-64 708.7537
-63 633.7834
-62 570.9713
-61 578.7479
-60 533.5541
-59 515.4627
-58 475.3385
-57 476.8804
-56 437.4413
-55 425.3291
-54 401.4514
-53 354.911
-52 355.4497
-51 341.1216
-50 326.7734
-49 305.6794
-48 297.4405
-47 288.5015
-46 295.537
-45 259.6106
-44 234.7082
-43 229.9357
-42 204.5283
-41 219.1566
-40 202.5818
-39 175.0828
-38 179.135
-37 178.1737
-36 160.5248
-35 166.9569
-34 174.9904
-33 175.8342
-32 164.0066
-31 179.2761
-30 166.1965
-29 153.4823
-28 151.3044
-27 117.6115
-26 123.8718
-25 126.3264
-24 110.0806
-23 102.4045
-22 127.8995
-21 120.2355
-20 107.2292
-19 103.3405
-18 111.2474
-17 113.6766
-16 112.6296
-15 114.223
-14 110.4628
-13 118.3522
-12 123.7545
-11 104.3221
-10 106.9284
-9 107.9284
-8 95.5267
-7 94.9467
-6 100.8985
-5 110.2412
-4 113.582
-3 105.2608
-2 104.96
-1 103.3347
0 113.8413
1 91.656
2 103.7915
3 116.8852
4 114.6141
5 113.3921
6 114.5854
7 101.4828
8 106.3538
9 96.6513
10 86.4383
11 94.1847
12 97.3787
13 90.8935
14 103.9241
15 101.9143
16 95.448
17 92.0076
18 109.8701
19 94.5795
20 104.1689
21 110.5832
22 129.2323
23 126.5481
24 130.3711
25 111.5075
26 106.2039
27 116.7947
28 113.5079
29 105.7521
30 125.1477
31 109.6193
32 106.9765
33 117.2387
34 109.7319
35 126.0921
36 135.5248
37 135.2492
38 127.826
39 139.0005
40 138.7316
41 154.1119
42 150.4552
43 156.9924
44 165.1869
45 161.5972
46 166.0035
47 162.6723
48 155.2005
49 182.0839
50 176.0757
51 183.6112
52 183.483
53 192.437
54 180.758
55 195.7184
56 200.9898
57 209.9729
58 252.558
59 249.3487
60 282.5498
61 275.4775
62 305.7601
63 324.0568
64 311.3579
65 328.0657
66 358.031
67 394.9579
68 400.6689
69 410.9136
70 434.8466
71 485.909
72 566.6121
73 594.7437
74 656.5701
75 650.5154
76 659.2461
77 728.8241
78 759.3823
79 816.6085
80 867.7982
81 1000.955
82 1099.3102
83 1142.7769
84 1193.788
85 1243.2623
86 1345.0845
87 1386.8572
88 1457.2374
89 1482.8213
