-90 681.4738
-89 691.0235
-88 691.0892
-87 726.5611
-86 718.1628
-85 808.8965
-84 841.6979
-83 940.0986
-82 906.6898
-81 890.0424
-80 882.4494
-79 854.1553
-78 949.3105
-77 922.9749
-76 936.8523
-75 935.1219
-74 982.5688
-73 1001.6654
-72 1006.8344
-71 1028.4938
-70 1050.7483
-69 1023.8734
-68 1027.9331
-67 948.7226
-66 970.8336
-65 952.7042
-64 917.6295
-63 888.1791
-62 862.6504
-61 817.0785
-60 803.2375
-59 831.2656
-58 798.3271
-57 762.8604
-56 755.563
-55 715.052
-54 694.2828
-53 632.2451
-52 583.0948
-51 580.5365
-50 543.0997
-49 506.0595
-48 501.4778
-47 490.6403
-46 467.634
-45 446.9117
-44 432.1815
-43 414.701
-42 416.3226
-41 386.8094
-40 379.5638
-39 355.4867
-38 337.535
-37 307.9423
-36 269.7462
-35 242.814
-34 236.5564
-33 235.6077
-32 237.9838
-31 214.4547
-30 203.3754
-29 220.3035
-28 212.1165
-27 213.6183
-26 236.9416
-25 233.981
-24 231.4829
-23 220.4211
-22 216.0635
-21 240.8879
-20 259.0631
-19 278.2253
-18 260.9391
-17 279.506
-16 285.3454
-15 258.9309
-14 247.0618
-13 260.3006
-12 290.858
-11 309.8445
-10 267.4345
-9 222.5737
-8 194.3846
-7 193.9276
-6 198.4539
-5 244.817
-4 251.7061
-3 228.3847
-2 202.8641
-1 185.1726
0 173.8299
1 142.7332
2 127.0024
3 115.2355
4 111.4421
5 115.8689
6 108.8417
7 116.425
8 104.4224
9 100.458
10 96.4871
11 83.2504
12 90.5409
13 87.5102
14 83.6026
15 88.5437
16 90.4405
17 99.8827
18 71.5834
19 86.4233
20 73.0949
21 77.4113
22 84.4003
23 82.6313
24 84.751
25 81.8019
26 94.0426
27 109.7533
28 107.5711
29 94.5061
30 101.7384
31 103.0826
32 111.0076
33 119.5094
34 124.8778
35 125.8772
36 122.413
37 119.1895
38 161.3416
39 160.5101
40 165.3347
41 175.2815
42 181.9426
43 197.487
44 183.7853
45 186.9533
46 225.4733
47 223.3587
48 212.6243
49 202.1759
50 192.4574
51 197.4222
52 222.1712
53 220.6256
54 207.6682
55 228.1498
56 192.3729
57 163.9549
58 171.6696
59 190.5385
60 181.9278
61 231.2854
62 206.0766
63 211.1042
64 216.5293
65 210.0897
66 226.0056
67 258.9246
68 287.9214
69 306.8163
70 310.005
71 296.4995
72 327.313
73 341.6383
74 356.7743
75 365.0112
76 367.9609
77 400.0733
78 430.3858
79 421.2331
80 452.2213
81 547.2333
82 593.8731
83 603.0415
84 615.2524
85 656.9049
86 663.9101
87 645.4991
88 646.9478
89 688.8452
