-90 2525.248
-89 2373.0874
-88 2325.1938
-87 2213.0037
-86 2202.4246
-85 2208.209
-84 2102.8787
-83 2010.2522
-82 1930.1796
-81 1865.7349
-80 1896.9019
-79 1812.7086
-78 1871.3458
-77 1794.568
-76 1745.0256
-75 1677.9777
-74 1663.5901
-73 1630.8821
-72 1587.5159
-71 1532.3885
-70 1437.1123
-69 1385.4565
-68 1298.9841
-67 1233.5559
-66 1148.5803
-65 1118.9854
-64 1073.4131
-63 1006.0541
-62 984.0934
-61 935.7142
-60 867.1611
-59 820.4883
-58 793.153
-57 745.8173
-56 668.716
-55 590.7264
-54 531.9053
-53 488.9008
-52 442.6584
-51 413.127
-50 427.0185
-49 408.4564
-48 360.2666
-47 337.3087
-46 358.5823
-45 318.1797
-44 292.8657
-43 285.6008
-42 277.692
-41 237.8798
-40 237.7782
-39 246.9018
-38 227.9821
-37 222.1533
-36 214.222
-35 218.173
-34 198.8366
-33 190.2516
-32 204.7883
-31 176.4191
-30 182.3734
-29 179.1131
-28 173.6657
-27 149.3998
-26 155.6292
-25 166.2614
-24 159.7589
-23 136.9402
-22 155.3004
-21 156.3889
-20 148.858
-19 148.728
-18 135.8552
-17 138.5294
-16 122.2786
-15 140.623
-14 143.0105
-13 122.5528
-12 127.0902
-11 143.9193
-10 146.3189
-9 150.5488
-8 147.6518
-7 144.1914
-6 119.9831
-5 114.9504
-4 120.77
-3 122.7125
-2 131.271
-1 136.9536
0 130.5332
1 106.9649
2 102.5282
3 104.9346
4 125.2347
5 139.5011
6 107.7494
7 111.1059
8 110.7524
9 118.2734
10 116.3498
11 127.0007
12 119.1328
13 127.1729
14 133.6411
15 129.9349
16 122.7087
17 144.9229
18 160.1683
19 169.5974
20 164.5722
21 174.0599
22 166.765
23 172.5428
24 194.3242
25 186.701
26 193.8713
27 204.5146
28 217.2271
29 215.6644
30 217.7555
31 223.6943
32 208.0539
33 232.9449
34 247.789
35 271.3786
36 261.8014
37 281.9667
38 301.7646
39 333.8139
40 374.1335
41 415.5791
42 458.5314
43 495.3017
44 507.9421
45 557.819
46 553.1177
47 624.8631
48 721.5579
49 783.1454
50 836.8065
51 911.274
52 1006.2681
53 1059.5793
54 1156.2493
55 1205.7382
56 1266.9457
57 1325.3564
58 1281.5715
59 1338.5129
60 1343.4299
61 1446.4727
62 1541.6473
63 1687.3185
64 1774.8048
65 1809.5679
66 1871.1823
67 1889.9409
68 1974.0642
69 2004.189
70 2099.9868
71 2106.166
72 2186.9727
73 2287.5356
74 2344.2966
75 2416.8101
76 2455.0466
77 2375.2451
78 2386.4971
79 2411.7632
80 2482.7686
81 2566.8953
82 2583.5029
83 2693.0781
84 2719.5767
85 2642.1768
86 2704.825
87 2663.0203
88 2541.0239
89 2573.1821
