-90 1681.5399
-89 1672.4172
-88 1563.7241
-87 1666.6237
-86 1717.0054
-85 1662.8829
-84 1628.5107
-83 1681.069
-82 1696.1489
-81 1708.991
-80 1738.2004
-79 1720.1161
-78 1633.4556
-77 1617.0634
-76 1573.8138
-75 1574.2062
-74 1638.8715
-73 1592.7593
-72 1482.6006
-71 1412.8203
-70 1362.2642
-69 1374.1718
-68 1288.9683
-67 1197.1224
-66 1173.0093
-65 1191.6337
-64 1193.9939
-63 1148.4489
-62 1091.3026
-61 1018.1235
-60 1019.2187
-59 1002.0518
-58 960.0554
-57 900.1861
-56 903.8119
-55 844.1284
-54 786.5939
-53 763.98
-52 696.3288
-51 701.2617
-50 665.592
-49 658.5568
-48 654.4976
-47 614.7352
-46 579.5049
-45 573.9131
-44 580.291
-43 620.3322
-42 579.6557
-41 586.7065
-40 555.3944
-39 578.3141
-38 555.9674
-37 501.7112
-36 493.9389
-35 459.6189
-34 481.4396
-33 458.8525
-32 412.88
-31 407.5974
-30 420.6111
-29 404.3365
-28 382.4355
-27 410.4858
-26 421.2922
-25 412.1799
-24 378.407
-23 378.0562
-22 398.4345
-21 339.3231
-20 322.4903
-19 373.2732
-18 338.9505
-17 319.2376
-16 305.0264
-15 305.0984
-14 302.6416
-13 312.5533
-12 308.4718
-11 291.6625
-10 300.2175
-9 306.4107
-8 256.8929
-7 248.1423
-6 277.8941
-5 269.8346
-4 262.4035
-3 245.7413
-2 244.5104
-1 246.7714
0 269.2677
1 251.4306
2 264.9957
3 263.1883
4 249.1613
5 228.3391
6 219.5654
7 237.4659
8 250.7755
9 255.4107
10 250.4512
11 257.8186
12 263.763
13 245.7808
14 237.5959
15 245.9219
16 249.5659
17 240.2715
18 235.6682
19 268.5794
20 264.6717
21 262.5015
22 260.0001
23 247.9075
24 237.2085
25 253.2676
26 250.83
27 281.5322
28 251.6798
29 302.3037
30 290.5413
31 299.0868
32 309.5646
33 326.0918
34 314.2679
35 326.9406
36 311.6348
37 323.5241
38 330.9241
39 344.5242
40 364.8767
41 349.0675
42 368.8725
43 376.7751
44 375.8271
45 394.7947
46 423.5286
47 445.4796
48 425.8709
49 421.7898
50 444.3696
51 460.3087
52 512.0845
53 563.4886
54 593.4016
55 592.4617
56 595.98
57 642.8367
58 660.7695
59 720.4999
60 768.3418
61 831.1128
62 868.0877
63 887.6519
64 926.0918
65 958.8953
66 993.2718
67 1044.2008
68 1096.1525
69 1223.2299
70 1288.6427
71 1357.9836
72 1321.8953
73 1366.2097
74 1283.6207
75 1310.4994
76 1352.8816
77 1302.8662
78 1358.3723
79 1346.9233
80 1444.7512
81 1416.3406
82 1516.6697
83 1510.1824
84 1582.0477
85 1639.3341
86 1606.13
87 1586.3066
88 1589.2958
89 1699.5029
