-90 3768.6707
-89 3750.0642
-88 3757.2808
-87 3823.8633
-86 3868.4744
-85 3714.1685
-84 3674.8271
-83 3533.4619
-82 3478.3469
-81 3350.0515
-80 3436.7932
-79 3205.3245
-78 3009.0608
-77 2927.3486
-76 2882.8154
-75 2733.231
-74 2613.8555
-73 2485.0972
-72 2284.7134
-71 2138.199
-70 1995.4764
-69 1880.1648
-68 1708.1418
-67 1650.5546
-66 1548.921
-65 1464.3708
-64 1367.2745
-63 1260.8383
-62 1139.4691
-61 1096.1724
-60 1041.3458
-59 954.5201
-58 899.308
-57 840.5946
-56 760.621
-55 752.7013
-54 718.9881
-53 646.5663
-52 587.2431
-51 543.4677
-50 507.1956
-49 470.556
-48 453.2119
-47 457.0957
-46 416.7014
-45 372.1216
-44 347.2705
-43 374.7375
-42 323.5944
-41 329.9953
-40 311.9427
-39 284.9236
-38 263.742
-37 261.9899
-36 243.8654
-35 225.1597
-34 224.3977
-33 226.455
-32 228.7385
-31 203.7199
-30 200.1652
-29 194.1712
-28 185.5834
-27 170.4143
-26 194.8933
-25 191.6987
-24 170.6508
-23 168.5362
-22 167.7129
-21 169.6831
-20 163.4172
-19 169.0033
-18 169.6984
-17 158.2323
-16 164.1497
-15 160.2708
-14 160.2654
-13 171.5541
-12 165.8337
-11 157.2816
-10 168.8411
-9 141.7123
-8 140.423
-7 144.43
-6 164.8392
-5 166.6098
-4 161.5686
-3 157.5074
-2 163.3693
-1 172.1749
0 181.4297
1 186.302
2 169.3929
3 169.9443
4 180.0177
5 159.3519
6 154.3132
7 162.0719
8 159.2676
9 177.8163
10 168.3013
11 175.81
12 173.0387
13 160.887
14 171.2938
15 173.9335
16 198.8872
17 202.8798
18 183.9798
19 200.878
20 178.9165
21 177.906
22 204.7306
23 213.8665
24 203.0939
25 217.1672
26 242.7315
27 263.8812
28 246.2189
29 270.4185
30 295.6968
31 283.6446
32 308.8554
33 328.526
34 328.3017
35 361.8165
36 360.2655
37 419.2531
38 437.8473
39 431.4018
40 461.9814
41 495.2365
42 515.1912
43 563.5974
44 590.751
45 626.1074
46 647.6185
47 701.292
48 725.0228
49 785.4882
50 802.2803
51 826.4774
52 870.3461
53 915.132
54 1002.2396
55 1026.8622
56 1115.5387
57 1228.0327
58 1317.1022
59 1345.8303
60 1418.0951
61 1563.6534
62 1635.5745
63 1744.0487
64 1856.6036
65 1927.9973
66 1993.7092
67 1997.6603
68 2057.2791
69 2096.2644
70 2201.5872
71 2389.1477
72 2440.7422
73 2633.8931
74 2863.2986
75 2982.4124
76 3083.4426
77 3116.4065
78 3256.5095
79 3328.4268
80 3431.0513
81 3374.2964
82 3553.6309
83 3573.103
84 3612.7739
85 3668.219
86 3623.8777
87 3767.7734
88 3852.219
89 3809.0725
