-90 1925.1217
-89 1913.1367
-88 1848.6992
-87 1827.2751
-86 1775.7678
-85 1700.1461
-84 1680.693
-83 1576.676
-82 1554.2166
-81 1510.9534
-80 1368.8101
-79 1299.7327
-78 1268.3411
-77 1231.7643
-76 1112.9838
-75 980.5358
-74 938.9458
-73 805.9002
-72 723.3692
-71 732.7014
-70 666.9418
-69 635.5878
-68 561.692
-67 533.1147
-66 552.2012
-65 533.2068
-64 527.923
-63 476.3105
-62 441.386
-61 407.9273
-60 385.3079
-59 359.9397
-58 363.4384
-57 353.011
-56 313.9134
-55 301.1564
-54 263.1422
-53 220.5164
-52 215.8749
-51 199.8019
-50 204.7919
-49 193.6317
-48 163.5604
-47 151.6682
-46 138.8327
-45 131.6513
-44 133.2826
-43 138.8313
-42 118.4934
-41 124.1268
-40 111.6671
-39 111.3754
-38 107.5585
-37 118.5585
-36 103.5625
-35 103.8673
-34 109.7337
-33 98.646
-32 88.6715
-31 94.528
-30 81.2234
-29 71.5082
-28 86.2163
-27 75.1335
-26 73.1501
-25 84.3897
-24 82.6683
-23 94.2694
-22 95.0093
-21 102.6574
-20 91.7915
-19 84.481
-18 83.1934
-17 80.1203
-16 77.5098
-15 72.2632
-14 74.847
-13 70.3734
-12 73.8962
-11 65.2551
-10 76.2317
-9 84.9489
-8 76.7836
-7 78.5895
-6 83.2414
-5 72.1501
-4 67.3311
-3 70.3389
-2 68.0196
-1 64.302
0 72.042
1 71.1832
2 64.5334
3 80.7992
4 87.3309
5 82.1351
6 69.1861
7 73.678
8 77.4016
9 73.9465
10 90.7485
11 76.4932
12 84.0722
13 90.0088
14 78.9177
15 86.7911
16 94.5557
17 101.7788
18 92.9416
19 92.0855
20 97.3539
21 108.2438
22 100.0007
23 97.5773
24 102.7741
25 114.6319
26 95.5426
27 101.4776
28 114.4818
29 110.9994
30 114.4929
31 104.2169
32 114.5476
33 131.0719
34 132.3129
35 141.5544
36 147.6274
37 146.66
38 161.6021
39 157.172
40 176.4155
41 204.763
42 206.9612
43 200.9396
44 228.7777
45 234.2114
46 277.617
47 286.8368
48 287.9921
49 295.3586
50 348.1552
51 362.0465
52 415.3111
53 421.1603
54 467.9047
55 528.1547
56 512.0545
57 556.4311
58 575.3276
59 628.8542
60 680.0655
61 745.2628
62 732.8781
63 809.1496
64 907.0571
65 1005.905
66 1097.061
67 1174.2264
68 1199.8558
69 1322.5818
70 1309.9568
71 1415.0448
72 1474.4142
73 1518.2268
74 1588.0526
75 1589.9425
76 1605.7303
77 1575.7118
78 1641.1421
79 1692.2664
80 1770.8986
81 1825.6246
82 1811.4077
83 1881.6323
84 1984.0133
85 1927.6661
86 1906.7469
87 1946.9506
88 1987.3032
89 1893.4528
