-90 1971.0135
-89 2004.1178
-88 2096.5928
-87 2014.4594
-86 1871.0594
-85 1834.9828
-84 1887.4464
-83 1902.7271
-82 1809.424
-81 1677.4847
-80 1528.5898
-79 1541.8726
-78 1439.8151
-77 1386.7195
-76 1305.8643
-75 1317.2968
-74 1283.0275
-73 1328.7383
-72 1273.1714
-71 1149.948
-70 1115.1741
-69 1051.3955
-68 960.6149
-67 924.838
-66 860.1905
-65 791.8694
-64 740.9176
-63 646.5013
-62 613.0136
-61 544.3884
-60 477.0965
-59 386.1271
-58 345.8757
-57 310.5428
-56 299.6072
-55 285.9672
-54 248.6879
-53 255.1984
-52 202.1623
-51 161.6865
-50 136.8582
-49 97.5061
-48 112.3937
-47 107.3421
-46 89.2671
-45 77.3417
-44 79.5417
-43 58.3934
-42 59.5118
-41 57.7131
-40 54.9424
-39 37.7906
-38 30.8804
-37 34.8913
-36 39.4521
-35 32.8884
-34 29.7431
-33 30.5241
-32 27.2571
-31 25.7788
-30 28.2707
-29 25.9688
-28 19.5284
-27 21.3818
-26 25.8426
-25 19.4557
-24 16.2494
-23 22.9686
-22 25.987
-21 19.9406
-20 23.4127
-19 19.666
-18 14.9236
-17 13.2893
-16 15.1454
-15 12.8711
-14 11.1321
-13 6.3157
-12 10.2227
-11 8.4528
-10 7.6306
-9 5.7918
-8 9.4947
-7 10.3784
-6 10.8437
-5 6.4166
-4 7.4822
-3 13.6339
-2 14.892
-1 15.3645
0 19.6363
1 12.8462
2 10.6943
3 11.7671
4 16.2086
5 13.03
6 19.8524
7 13.6538
8 18.9462
9 24.6213
10 21.0713
11 15.2075
12 14.5667
13 12.4669
14 12.8131
15 13.7449
16 13.4952
17 8.4491
18 10.0463
19 11.1525
20 14.3283
21 17.9116
22 19.6314
23 20.4107
24 19.3486
25 21.7742
26 25.3984
27 22.7243
28 26.9801
29 23.7266
30 22.5983
31 35.4782
32 50.4789
33 47.0767
34 44.2195
35 50.4612
36 53.147
37 49.7001
38 53.5918
39 69.1443
40 55.4201
41 54.9125
42 64.1391
43 77.1278
44 77.3709
45 84.7424
46 86.5883
47 109.2417
48 123.0122
49 126.8824
50 159.1044
51 168.3298
52 176.7896
53 221.9177
54 274.6936
55 271.3275
56 296.8921
57 351.2446
58 387.6526
59 434.5387
60 492.5702
61 494.7631
62 566.6497
63 620.415
64 636.9951
65 741.6372
66 809.891
67 913.8415
68 992.4871
69 1044.1536
70 1133.8594
71 1177.3136
72 1214.4181
73 1331.7729
74 1419.156
75 1453.7321
76 1563.9231
77 1671.4702
78 1705.9343
79 1733.8309
80 1779.7908
81 1777.9966
82 1846.024
83 1830.0521
84 1860.7358
85 1919.8832
86 1880.7395
87 1849.3596
88 1994.1957
89 1939.0074
