-90 882.1132
-89 991.0812
-88 990.246
-87 1064.3536
-86 1052.3103
-85 1024.025
-84 1026.2646
-83 982.6386
-82 927.1526
-81 928.2415
-80 938.2126
-79 930.387
-78 866.4551
-77 791.5076
-76 814.193
-75 769.8284
-74 684.4343
-73 615.5339
-72 583.9422
-71 537.8762
-70 495.9437
-69 464.6685
-68 370.6273
-67 367.8092
-66 336.144
-65 272.7568
-64 259.6105
-63 230.6259
-62 219.276
-61 226.1101
-60 194.9502
-59 172.3781
-58 157.7329
-57 145.8921
-56 120.3098
-55 105.5369
-54 101.7732
-53 102.0298
-52 108.1359
-51 96.5737
-50 80.3298
-49 72.882
-48 72.9297
-47 71.1452
-46 72.1549
-45 63.4583
-44 59.203
-43 56.6533
-42 56.1137
-41 59.1405
-40 64.3932
-39 61.315
-38 58.8482
-37 66.0518
-36 47.0282
-35 40.9232
-34 47.3523
-33 50.2649
-32 37.5539
-31 35.3979
-30 29.4872
-29 35.1459
-28 37.5123
-27 30.7698
-26 34.2433
-25 40.3683
-24 42.0543
-23 40.5982
-22 43.7312
-21 42.6722
-20 41.363
-19 46.6754
-18 46.0958
-17 43.5203
-16 40.0602
-15 31.4773
-14 35.9214
-13 28.845
-12 39.8029
-11 40.4542
-10 40.9169
-9 44.1909
-8 35.8634
-7 42.4553
-6 33.6926
-5 27.7056
-4 29.1263
-3 25.548
-2 19.934
-1 17.5493
0 24.4865
1 32.2001
2 33.7183
3 33.1826
4 41.0377
5 41.6294
6 39.6153
7 39.7546
8 37.458
9 31.775
10 33.9179
11 28.5596
12 34.7365
13 34.3077
14 25.131
15 30.1407
16 36.9821
17 42.8528
18 51.2575
19 41.7554
20 50.9426
21 52.6952
22 47.2792
23 57.5773
24 71.8045
25 71.5105
26 82.9654
27 64.9821
28 63.6149
29 75.1578
30 87.9167
31 73.6573
32 68.5702
33 69.815
34 67.8937
35 74.8611
36 83.0687
37 98.5488
38 92.0338
39 98.3128
40 100.0355
41 95.3276
42 104.6596
43 105.3575
44 104.1251
45 100.0386
46 110.7856
47 125.4664
48 123.7718
49 121.9668
50 142.6285
51 135.6438
52 139.0878
53 169.7645
54 207.2807
55 228.8863
56 230.2542
57 233.3921
58 248.8473
59 258.4465
60 296.3743
61 280.9875
62 288.3042
63 305.4111
64 307.2233
65 322.669
66 335.4832
67 361.8123
68 373.7651
69 385.2894
70 416.056
71 453.7423
72 503.0321
73 497.0869
74 537.3965
75 573.1013
76 637.9775
77 663.3937
78 678.5525
79 683.4075
80 659.1318
81 726.7083
82 789.4588
83 835.5373
84 863.1285
85 869.7263
86 942.4144
87 908.9037
88 838.6486
89 853.5358
