-90 1233.1173
-89 1252.4259
-88 1205.8857
-87 1184.7325
-86 1144.8243
-85 1094.396
-84 1035.9716
-83 998.8492
-82 999.8691
-81 985.2701
-80 969.2459
-79 927.9873
-78 880.2028
-77 842.4691
-76 846.1688
-75 843.6969
-74 830.7739
-73 796.3336
-72 745.618
-71 726.7877
-70 711.4191
-69 641.8092
-68 594.5154
-67 606.2317
-66 602.1981
-65 579.4337
-64 539.043
-63 518.3218
-62 511.2835
-61 480.8497
-60 448.1465
-59 435.6936
-58 387.9293
-57 384.2602
-56 384.8371
-55 387.5649
-54 391.7917
-53 349.4916
-52 350.6815
-51 329.14
-50 300.0616
-49 313.0814
-48 291.1598
-47 280.385
-46 291.4794
-45 289.1502
-44 287.9938
-43 270.2189
-42 262.2286
-41 268.937
-40 266.4379
-39 255.2954
-38 247.0617
-37 242.1176
-36 262.7623
-35 276.0775
-34 282.7853
-33 290.8282
-32 285.5047
-31 277.5667
-30 275.8927
-29 277.7558
-28 292.4442
-27 276.5204
-26 279.5521
-25 282.1955
-24 273.047
-23 247.231
-22 248.2755
-21 226.9369
-20 227.5821
-19 253.426
-18 239.6341
-17 242.8407
-16 233.8163
-15 242.9921
-14 232.7123
-13 249.3212
-12 230.8936
-11 242.2355
-10 231.7269
-9 254.3768
-8 240.9087
-7 245.6731
-6 239.6187
-5 233.9489
-4 241.0693
-3 220.5194
-2 213.2556
-1 223.7674
0 219.995
1 224.1328
2 197.379
3 193.1726
4 223.64
5 218.8372
6 223.4505
7 227.9971
8 219.3483
9 226.4955
10 207.6071
11 242.4066
12 228.8159
13 230.7661
14 245.5107
15 226.7166
16 211.9352
17 249.5962
18 265.9203
19 259.4898
20 249.7824
21 272.5769
22 263.4548
23 256.6166
24 266.6927
25 287.2706
26 289.5308
27 311.9425
28 292.7184
29 301.7105
30 318.073
31 320.8474
32 314.7838
33 319.06
34 357.6393
35 357.0666
36 374.051
37 399.9319
38 382.9803
39 401.2745
40 387.1707
41 425.1717
42 430.3165
43 446.4325
44 464.1323
45 483.976
46 540.8892
47 557.124
48 582.2036
49 598.4124
50 619.1823
51 659.084
52 686.1187
53 693.1499
54 741.8985
55 783.0486
56 833.3649
57 846.3409
58 920.9316
59 943.4576
60 981.6949
61 959.7399
62 983.3651
63 1033.6124
64 1116.8676
65 1175.9131
66 1208.8174
67 1222.5223
68 1269.4398
69 1248.8057
70 1212.4956
71 1172.0006
72 1173.4374
73 1229.9406
74 1267.734
75 1216.6572
76 1249.8954
77 1247.3116
78 1267.5115
79 1305.3816
80 1219.1434
81 1230.047
82 1217.9272
83 1256.5837
84 1262.9498
85 1227.5902
86 1298.4819
87 1293.6278
88 1240.4198
89 1270.3156
