-90 959.6282
-89 942.593
-88 920.8746
-87 914.0049
-86 816.9019
-85 853.1572
-84 855.4633
-83 830.5135
-82 813.9249
-81 826.2512
-80 845.4933
-79 801.3782
-78 788.6558
-77 747.7123
-76 727.6104
-75 700.9431
-74 701.3899
-73 646.8113
-72 606.6174
-71 543.894
-70 537.4371
-69 531.5588
-68 528.957
-67 513.4106
-66 458.5271
-65 449.2463
-64 476.145
-63 416.6803
-62 421.7507
-61 390.4986
-60 397.5219
-59 369.0618
-58 367.0518
-57 364.0995
-56 372.2061
-55 330.8076
-54 334.2502
-53 289.2893
-52 301.8201
-51 287.894
-50 283.8851
-49 272.6561
-48 289.2643
-47 269.6897
-46 238.3501
-45 262.38
-44 253.0742
-43 244.2473
-42 209.8661
-41 204.8712
-40 195.4476
-39 182.8355
-38 172.7986
-37 181.7602
-36 195.6091
-35 190.9944
-34 206.3463
-33 185.9034
-32 186.5463
-31 218.4238
-30 209.3535
-29 186.7209
-28 177.4131
-27 194.419
-26 201.262
-25 184.4765
-24 184.3524
-23 184.078
-22 186.4142
-21 180.3301
-20 191.6941
-19 174.1244
-18 176.638
-17 146.2567
-16 145.1435
-15 139.7031
-14 162.2036
-13 151.4567
-12 138.0537
-11 132.5115
-10 128.7039
-9 133.8379
-8 157.8144
-7 135.2856
-6 131.7617
-5 127.2285
-4 130.5946
-3 133.498
-2 134.4717
-1 129.7587
0 123.8953
1 115.601
2 98.0583
3 118.8995
4 105.261
5 110.2562
6 111.4704
7 110.808
8 103.5558
9 117.1372
10 118.8962
11 123.0128
12 121.2886
13 110.4853
14 116.456
15 110.3088
16 103.7782
17 88.6223
18 104.5951
19 105.3226
20 102.6246
21 117.6865
22 123.0302
23 137.4941
24 132.5069
25 139.0504
26 156.9828
27 155.8619
28 158.2142
29 152.0084
30 143.371
31 146.1549
32 151.2181
33 154.9795
34 166.0042
35 159.3831
36 134.2838
37 142.5356
38 140.7317
39 155.901
40 177.6177
41 199.2277
42 186.5576
43 188.8344
44 198.2946
45 202.0831
46 190.1123
47 228.3269
48 263.9275
49 277.2657
50 301.3882
51 288.4919
52 326.7823
53 343.6671
54 368.5126
55 399.6553
56 416.9087
57 415.6447
58 415.4421
59 485.0117
60 474.7965
61 469.8573
62 499.458
63 521.3591
64 568.7171
65 571.5078
66 610.2628
67 600.1639
68 672.0372
69 705.8948
70 785.4484
71 830.1186
72 806.4315
73 814.7315
74 927.437
75 954.1999
76 1001.9191
77 967.1761
78 1040.1134
79 1054.6031
80 1057.2579
81 1052.5872
82 1002.873
83 1021.7737
84 1042.8235
85 1014.2985
86 1032.5647
87 1035.9716
88 994.1212
89 993.4853
