-90 1217.7904
-89 1207.918
-88 1216.8108
-87 1301.8577
-86 1390.7573
-85 1467.9966
-84 1608.4001
-83 1679.4839
-82 1853.2206
-81 1979.3573
-80 1997.9651
-79 1968.0563
-78 2013.9332
-77 2129.1985
-76 2228.9321
-75 2345.4111
-74 2420.5947
-73 2430.8223
-72 2364.7866
-71 2330.7051
-70 2397.8396
-69 2342.6091
-68 2319.5723
-67 2238.5813
-66 2208.6162
-65 2173.427
-64 2130.8926
-63 2061.1245
-62 1991.0884
-61 1945.7401
-60 1763.3678
-59 1688.5839
-58 1590.5023
-57 1536.0021
-56 1445.868
-55 1331.1213
-54 1221.533
-53 1169.9037
-52 1097.6936
-51 1058.1888
-50 995.6357
-49 911.0848
-48 863.0895
-47 824.8683
-46 783.3887
-45 684.9234
-44 629.0244
-43 574.9847
-42 515.605
-41 522.2885
-40 489.8
-39 474.8743
-38 431.2983
-37 379.0436
-36 376.1053
-35 359.9274
-34 356.7463
-33 334.8107
-32 331.2168
-31 314.2924
-30 307.1109
-29 295.1623
-28 262.7094
-27 263.2058
-26 252.9595
-25 253.5898
-24 231.2802
-23 205.3554
-22 203.6174
-21 182.277
-20 188.5973
-19 175.9287
-18 169.7129
-17 172.3092
-16 174.1538
-15 180.3561
-14 171.6033
-13 145.9089
-12 156.897
-11 122.4554
-10 126.5676
-9 124.3851
-8 138.4072
-7 126.3629
-6 142.1287
-5 137.2796
-4 135.577
-3 143.7285
-2 146.0838
-1 138.1151
0 130.406
1 132.284
2 118.8449
3 123.7048
4 113.6404
5 107.8687
6 117.5935
7 125.8392
8 117.3081
9 123.3192
10 121.6982
11 110.9242
12 115.4695
13 116.4386
14 109.1685
15 123.1198
16 115.0469
17 124.4101
18 129.4782
19 112.4273
20 81.908
21 86.1573
22 92.8452
23 80.9996
24 95.2008
25 94.3028
26 99.5973
27 103.4801
28 95.298
29 105.167
30 108.0283
31 109.3084
32 96.8435
33 110.0285
34 123.9258
35 122.5464
36 114.4164
37 101.7617
38 100.7095
39 108.4705
40 120.5368
41 100.7944
42 107.3408
43 124.7938
44 126.9904
45 137.6745
46 155.7323
47 149.7218
48 168.0742
49 168.1693
50 155.5305
51 154.72
52 153.359
53 154.7058
54 171.4073
55 175.4602
56 179.0809
57 182.4141
58 200.418
59 230.2661
60 226.2194
61 237.5665
62 248.9927
63 272.9871
64 308.8423
65 353.4118
66 397.0676
67 428.5259
68 445.3373
69 452.3636
70 501.7144
71 539.796
72 607.9454
73 598.4314
74 604.5968
75 631.2745
76 693.4813
77 753.8622
78 776.9746
79 788.7417
80 795.2932
81 828.6653
82 874.6595
83 973.5587
84 988.9422
85 1075.0031
86 1076.9158
87 1071.2852
88 1116.2345
89 1135.9377
