-90 1540.3992
-89 1416.9913
-88 1500.6694
-87 1469.4342
-86 1441.3459
-85 1473.8214
-84 1416.2589
-83 1408.7795
-82 1438.9393
-81 1373.4427
-80 1398.9669
-79 1447.8071
-78 1353.5059
-77 1404.6667
-76 1430.9285
-75 1471.0323
-74 1433.9393
-73 1338.5358
-72 1321.0321
-71 1342.2928
-70 1309.8906
-69 1239.9337
-68 1267.481
-67 1154.797
-66 1115.0511
-65 1069.5199
-64 1011.7486
-63 964.307
-62 907.7048
-61 892.2978
-60 832.185
-59 845.2733
-58 768.1563
-57 745.6978
-56 692.6095
-55 703.6409
-54 685.019
-53 675.6572
-52 639.6323
-51 649.4877
-50 647.7954
-49 629.5045
-48 634.4447
-47 601.0934
-46 562.6238
-45 571.4973
-44 570.9363
-43 544.363
-42 522.501
-41 476.9532
-40 455.0064
-39 431.7202
-38 462.1742
-37 440.0646
-36 408.039
-35 380.7381
-34 389.6729
-33 407.3848
-32 390.0862
-31 369.8155
-30 352.6584
-29 353.8371
-28 346.6613
-27 335.6736
-26 321.4424
-25 317.2037
-24 293.1288
-23 310.1985
-22 299.0319
-21 282.1796
-20 289.6111
-19 289.293
-18 263.4753
-17 294.8232
-16 270.7833
-15 241.4004
-14 243.1568
-13 257.6556
-12 267.2755
-11 262.6495
-10 277.372
-9 291.2501
-8 262.9026
-7 262.6628
-6 251.8495
-5 233.532
-4 264.6408
-3 270.4138
-2 280.8279
-1 245.6045
0 262.1855
1 270.8322
2 230.5478
3 243.0888
4 273.3231
5 269.9898
6 267.189
7 266.8589
8 250.6254
9 260.9157
10 262.2076
11 252.6208
12 256.2306
13 276.1771
14 253.6145
15 234.8555
16 228.5787
17 242.049
18 258.6848
19 239.1328
20 233.4328
21 247.5449
22 223.1675
23 212.4967
24 211.3162
25 208.6465
26 206.4758
27 205.1854
28 199.4437
29 187.3835
30 195.1564
31 192.8381
32 194.47
33 199.4116
34 200.7768
35 211.9304
36 211.7562
37 215.0892
38 211.7202
39 221.8429
40 223.534
41 239.4812
42 253.3128
43 237.9282
44 258.0885
45 248.1568
46 271.9951
47 296.1974
48 286.0506
49 308.6693
50 327.7697
51 327.4154
52 330.4474
53 350.2521
54 353.3226
55 372.4467
56 394.5497
57 411.5896
58 408.2644
59 430.486
60 469.9333
61 476.5161
62 504.978
63 539.2106
64 587.1286
65 592.3801
66 642.7734
67 622.6156
68 650.3035
69 669.3187
70 728.2015
71 728.3865
72 752.7667
73 754.5536
74 721.1765
75 823.235
76 851.819
77 863.0714
78 906.2206
79 945.1781
80 1031.149
81 1096.6245
82 1156.3279
83 1254.6442
84 1281.3181
85 1284.9225
86 1340.0107
87 1344.4877
88 1406.3208
89 1467.548
