-90 1864.021
-89 1763.9176
-88 1687.8767
-87 1634.0505
-86 1705.8977
-85 1699.4934
-84 1619.3241
-83 1580.6597
-82 1560.4407
-81 1462.4426
-80 1490.5295
-79 1485.4287
-78 1410.731
-77 1373.5232
-76 1378.4891
-75 1350.8422
-74 1247.046
-73 1194.4349
-72 1157.3094
-71 1159.1163
-70 1051.3531
-69 1045.0945
-68 967.5916
-67 959.0859
-66 894.3387
-65 793.6716
-64 752.7603
-63 734.9397
-62 715.2807
-61 714.2493
-60 677.1303
-59 634.1089
-58 601.1378
-57 588.2735
-56 538.0562
-55 535.5618
-54 486.42
-53 447.1677
-52 444.5772
-51 426.2391
-50 436.4581
-49 413.1411
-48 384.8485
-47 393.5002
-46 362.2529
-45 346.9572
-44 335.7119
-43 300.9755
-42 291.5166
-41 228.2516
-40 231.125
-39 204.0626
-38 217.6609
-37 206.0164
-36 204.5927
-35 207.9214
-34 189.2959
-33 185.4408
-32 176.6996
-31 186.9307
-30 175.9362
-29 154.7202
-28 167.8214
-27 170.4828
-26 167.1203
-25 151.635
-24 157.0114
-23 175.1507
-22 152.6836
-21 151.6179
-20 145.826
-19 136.1296
-18 143.8612
-17 146.7109
-16 134.2185
-15 128.1972
-14 128.2547
-13 125.6533
-12 127.8662
-11 125.7901
-10 128.977
-9 132.5818
-8 124.5168
-7 145.1936
-6 158.14
-5 142.9975
-4 134.4356
-3 126.801
-2 120.1303
-1 140.2646
0 135.7404
1 140.1032
2 117.7463
3 129.6555
4 157.3255
5 146.4685
6 146.8484
7 161.9297
8 164.7576
9 170.851
10 181.9744
11 173.5925
12 172.8887
13 183.5302
14 161.9524
15 191.0628
16 190.7389
17 196.4066
18 241.9065
19 261.3508
20 266.31
21 297.1332
22 298.0853
23 341.2122
24 312.9792
25 307.9323
26 341.0566
27 359.6659
28 388.1453
29 428.9875
30 408.1576
31 472.1441
32 496.0788
33 554.8053
34 629.9468
35 635.7081
36 694.6363
37 770.7488
38 810.2913
39 896.5306
40 1016.3383
41 1041.3389
42 1119.976
43 1192.5841
44 1282.351
45 1372.9312
46 1405.6376
47 1508.2444
48 1644.3068
49 1752.2472
50 1820.6737
51 1832.0226
52 1919.4036
53 1971.6747
54 2020.7445
55 2090.0862
56 2195.3916
57 2259.7124
58 2394.2161
59 2385.2324
60 2397.3994
61 2372.207
62 2421.2139
63 2449.2939
64 2548.7747
65 2553.9307
66 2612.708
67 2563.5068
68 2500.854
69 2575.3845
70 2570.8452
71 2527.4001
72 2621.8801
73 2568.0608
74 2489.5107
75 2393.5017
76 2345.9116
77 2249.5024
78 2234.374
79 2195.0662
80 2147.0588
81 2099.6333
82 2065.0239
83 2054.5356
84 2101.469
85 2032.6313
86 1946.9521
87 1865.6364
88 1810.6693
89 1886.5907
