-90 2493.2375
-89 2585.3049
-88 2656.1323
-87 2718.9136
-86 2749.573
-85 2728.2227
-84 2791.6523
-83 2902.2009
-82 2896.5901
-81 2855.9934
-80 2831.5105
-79 2752.3779
-78 2760.5806
-77 2752.1646
-76 2829.1418
-75 2822.0667
-74 2786.2021
-73 2721.4934
-72 2721.0051
-71 2651.8669
-70 2564.9854
-69 2492.2771
-68 2421.2932
-67 2448.0132
-66 2409.8706
-65 2330.7505
-64 2259.5681
-63 2240.323
-62 2171.0347
-61 1993.1338
-60 1958.3793
-59 1896.3662
-58 1843.7618
-57 1649.9943
-56 1540.4052
-55 1458.167
-54 1404.4059
-53 1328.3567
-52 1268.9542
-51 1141.9839
-50 1055.7156
-49 987.6016
-48 922.7253
-47 891.3483
-46 856.233
-45 777.1827
-44 722.665
-43 669.2168
-42 606.3325
-41 590.5308
-40 575.2672
-39 527.5571
-38 516.134
-37 533.981
-36 461.0664
-35 430.8074
-34 430.6973
-33 391.1846
-32 345.6689
-31 336.125
-30 325.7148
-29 337.4625
-28 347.3481
-27 347.194
-26 321.4904
-25 284.2521
-24 283.4158
-23 284.4208
-22 280.9726
-21 239.5498
-20 229.3263
-19 251.5354
-18 236.9
-17 236.82
-16 228.5491
-15 202.2411
-14 205.2662
-13 210.1011
-12 200.8926
-11 185.8035
-10 185.4713
-9 185.6985
-8 160.5061
-7 167.9716
-6 172.5882
-5 162.1814
-4 157.8739
-3 158.4901
-2 162.3337
-1 157.0184
0 169.5551
1 183.0605
2 193.4002
3 164.0916
4 177.76
5 186.8535
6 187.5584
7 158.6519
8 171.8645
9 168.4562
10 198.2312
11 189.6813
12 175.2249
13 171.7966
14 155.1515
15 141.01
16 137.2198
17 141.3632
18 145.5731
19 146.1554
20 151.7708
21 156.1035
22 154.277
23 161.3086
24 191.6344
25 175.4461
26 172.7668
27 182.6565
28 172.4399
29 172.5615
30 179.5626
31 180.1675
32 186.0112
33 218.935
34 220.6961
35 226.8306
36 228.0197
37 238.6661
38 252.4117
39 258.9234
40 286.8438
41 285.7311
42 302.6127
43 303.3131
44 325.8718
45 338.4393
46 352.935
47 389.4229
48 403.6335
49 442.3896
50 478.6975
51 532.6931
52 563.3875
53 581.1689
54 620.9079
55 707.3063
56 807.3469
57 817.4416
58 871.7166
59 890.4918
60 969.2134
61 1033.3379
62 1052.5425
63 1146.1636
64 1144.6093
65 1229.0519
66 1309.288
67 1342.574
68 1401.4841
69 1445.9071
70 1565.3268
71 1622.7368
72 1691.4398
73 1843.4116
74 1823.6187
75 1916.0712
76 1936.1165
77 1960.7642
78 2019.8721
79 2121.3745
80 2122.0974
81 2154.0225
82 2196.5166
83 2201.1787
84 2266.4028
85 2275.9656
86 2325.4099
87 2403.5706
88 2439.9592
89 2427.5442
