-90 2224.3896
-89 2294.5623
-88 2198.3708
-87 2250.7271
-86 2157.47
-85 2104.6067
-84 2099.4067
-83 2031.3446
-82 1974.9351
-81 1854.0015
-80 1815.5835
-79 1815.7423
-78 1812.2562
-77 1776.7267
-76 1649.2816
-75 1623.3698
-74 1576.1495
-73 1524.679
-72 1391.5735
-71 1389.8978
-70 1319.4219
-69 1263.7568
-68 1256.1725
-67 1238.4744
-66 1159.1362
-65 1174.761
-64 1162.5256
-63 1092.3674
-62 1061.2975
-61 1057.1727
-60 1007.9024
-59 946.7617
-58 927.6436
-57 888.4749
-56 882.5367
-55 941.1351
-54 884.0035
-53 818.679
-52 798.7256
-51 737.0165
-50 686.6035
-49 597.025
-48 579.4182
-47 567.4559
-46 593.2217
-45 573.5555
-44 568.3006
-43 504.6479
-42 546.9996
-41 543.2698
-40 528.1501
-39 511.9807
-38 486.8497
-37 487.8453
-36 469.4894
-35 484.8222
-34 446.5728
-33 439.9158
-32 437.3403
-31 400.6481
-30 397.6317
-29 367.8373
-28 377.2041
-27 374.4861
-26 320.9634
-25 310.7149
-24 305.3097
-23 286.9795
-22 283.4664
-21 258.946
-20 284.5409
-19 253.9178
-18 252.5093
-17 257.1353
-16 247.4347
-15 284.0171
-14 292.429
-13 264.9264
-12 279.1274
-11 288.8854
-10 269.6534
-9 258.0191
-8 271.4962
-7 257.617
-6 261.7325
-5 278.4454
-4 298.622
-3 312.1114
-2 315.181
-1 302.6635
0 279.9882
1 287.6949
2 314.4697
3 282.2091
4 288.4545
5 309.7505
6 288.1678
7 306.4852
8 268.128
9 255.3517
10 295.1928
11 299.8276
12 307.6056
13 292.2011
14 299.9873
15 314.7908
16 296.88
17 316.8946
18 336.545
19 340.9784
20 339.5117
21 341.7296
22 355.1949
23 380.9872
24 362.9409
25 352.1908
26 397.4099
27 418.5348
28 390.3798
29 403.5909
30 411.8154
31 412.5827
32 456.2211
33 474.9279
34 515.2534
35 507.3914
36 547.468
37 581.0337
38 612.6713
39 623.1516
40 641.3899
41 628.816
42 631.3344
43 630.183
44 677.4255
45 706.101
46 722.2477
47 748.9604
48 732.9656
49 821.0026
50 828.3615
51 848.3926
52 861.96
53 919.1595
54 963.6967
55 1040.1093
56 1117.6261
57 1134.2797
58 1164.3633
59 1219.0919
60 1175.5039
61 1264.5306
62 1315.8545
63 1333.0132
64 1371.9846
65 1359.6849
66 1375.9176
67 1458.0519
68 1455.3695
69 1533.804
70 1640.3888
71 1755.3336
72 1781.0178
73 1799.8701
74 1899.4304
75 1940.2207
76 1987.5933
77 2017.0957
78 2012.5383
79 2097.9292
80 2136.3035
81 2143.6321
82 2184.4482
83 2232.7612
84 2264.147
85 2207.1306
86 2221.5073
87 2246.7952
88 2276.845
89 2316.8308
