-90 3089.0503
-89 3042.2136
-88 2913.4585
-87 2992.7061
-86 2995.6448
-85 2929.6047
-84 2995.2256
-83 2949.853
-82 2948.217
-81 2852.9741
-80 2830.5359
-79 2788.2664
-78 2661.2915
-77 2678.6191
-76 2546.8235
-75 2445.7224
-74 2391.4783
-73 2267.6174
-72 2150.9617
-71 2066.0322
-70 1965.6508
-69 1909.2931
-68 1982.0161
-67 1942.304
-66 1952.2119
-65 1962.4989
-64 1826.743
-63 1744.9901
-62 1676.3262
-61 1545.9497
-60 1516.5098
-59 1479.241
-58 1359.8086
-57 1334.2391
-56 1321.1144
-55 1284.6992
-54 1218.8246
-53 1137.9122
-52 1110.6743
-51 1116.0605
-50 1130.2942
-49 1119.552
-48 1087.0886
-47 1048.5006
-46 998.9102
-45 966.509
-44 922.1
-43 885.1233
-42 832.6906
-41 810.4785
-40 735.3593
-39 734.0863
-38 718.6283
-37 698.2658
-36 671.7845
-35 655.7449
-34 576.4296
-33 549.4364
-32 527.4256
-31 530.5085
-30 518.6741
-29 485.7849
-28 458.669
-27 404.8454
-26 374.198
-25 380.9319
-24 351.6885
-23 340.1862
-22 348.4469
-21 303.1042
-20 291.0976
-19 264.9803
-18 254.9098
-17 249.4322
-16 271.5619
-15 271.8383
-14 255.6141
-13 248.4168
-12 231.5396
-11 219.7797
-10 218.5828
-9 227.7259
-8 230.1285
-7 219.0364
-6 248.8982
-5 277.1571
-4 251.3212
-3 242.2765
-2 236.1399
-1 216.5062
0 213.9272
1 217.6655
2 231.5114
3 234.8173
4 249.4586
5 226.0683
6 246.6499
7 235.8715
8 231.548
9 247.142
10 273.159
11 288.9701
12 311.166
13 280.3625
14 282.8688
15 292.1534
16 283.6121
17 276.7058
18 317.6026
19 315.7559
20 324.9432
21 325.825
22 334.0242
23 342.5458
24 352.9771
25 373.7208
26 428.1023
27 401.2131
28 432.5208
29 449.4551
30 447.3412
31 466.9843
32 500.8842
33 484.1418
34 522.5152
35 505.893
36 543.0349
37 589.0119
38 622.3817
39 660.9783
40 678.548
41 735.1728
42 719.8023
43 721.6956
44 733.4764
45 760.5107
46 824.0399
47 893.4135
48 842.3748
49 913.1723
50 944.6403
51 962.5923
52 963.1248
53 1046.5385
54 1162.7407
55 1175.7793
56 1180.4021
57 1219.5728
58 1237.2216
59 1258.3916
60 1309.0144
61 1336.5166
62 1383.996
63 1476.433
64 1532.5431
65 1578.631
66 1701.0488
67 1688.1372
68 1788.4507
69 1903.1895
70 1825.7117
71 1931.0221
72 1965.0197
73 2065.1663
74 2128.1841
75 2155.1169
76 2228.8962
77 2301.7156
78 2406.5728
79 2463.0032
80 2531.5334
81 2645.4321
82 2699.6365
83 2856.7581
84 2873.3774
85 2862.584
86 2936.1301
87 2909.385
88 2870.261
89 3021.2622
