-90 2389.1736
-89 2562.4314
-88 2668.3274
-87 2815.6614
-86 2887.6548
-85 2887.2739
-84 2921.8708
-83 3024.6724
-82 2985.3315
-81 3030.6157
-80 2987.801
-79 2996.4761
-78 2844.2939
-77 2823.1855
-76 2759.8616
-75 2741.1621
-74 2703.001
-73 2613.9563
-72 2563.2556
-71 2533.6633
-70 2513.7004
-69 2410.8171
-68 2322.3064
-67 2202.812
-66 2183.4697
-65 2086.3157
-64 1912.1262
-63 1770.355
-62 1645.3652
-61 1597.9587
-60 1507.4292
-59 1481.1292
-58 1403.1062
-57 1408.5815
-56 1320.9207
-55 1144.1348
-54 1087.2557
-53 1015.1271
-52 977.9706
-51 901.828
-50 802.4988
-49 692.6774
-48 636.3796
-47 562.8448
-46 499.1815
-45 424.5202
-44 388.6645
-43 332.9097
-42 296.4199
-41 262.3976
-40 258.9035
-39 222.0828
-38 192.9937
-37 192.9636
-36 173.8018
-35 149.7464
-34 173.4895
-33 153.4853
-32 125.5961
-31 113.3161
-30 113.9634
-29 124.6045
-28 122.112
-27 111.3437
-26 104.3472
-25 97.9154
-24 101.1248
-23 117.1885
-22 95.4607
-21 96.0557
-20 79.6972
-19 78.7733
-18 74.2452
-17 74.6191
-16 82.1324
-15 68.0188
-14 77.4402
-13 75.8352
-12 84.5813
-11 70.698
-10 82.6724
-9 66.8435
-8 73.1673
-7 70.3584
-6 62.7917
-5 54.6949
-4 58.3653
-3 56.6352
-2 64.0255
-1 66.6549
0 53.9144
1 54.7954
2 60.5964
3 60.8903
4 65.2447
5 77.1293
6 81.8482
7 74.2592
8 63.162
9 56.2958
10 63.1545
11 63.9591
12 58.372
13 67.062
14 62.9371
15 52.3406
16 52.074
17 51.0181
18 54.5085
19 74.1683
20 72.8415
21 66.3297
22 64.6336
23 66.2799
24 77.988
25 88.9913
26 86.2998
27 86.1785
28 96.6686
29 96.1266
30 103.6935
31 103.317
32 116.4687
33 104.3808
34 121.3376
35 134.248
36 158.5947
37 161.8155
38 180.0431
39 181.8565
40 195.8766
41 221.2088
42 238.9845
43 252.1016
44 274.2056
45 333.6096
46 370.5332
47 419.7221
48 478.7152
49 454.667
50 486.8753
51 566.6451
52 572.4713
53 591.4056
54 626.087
55 626.6581
56 596.3714
57 637.1569
58 574.0164
59 616.3195
60 632.4152
61 599.0015
62 642.6778
63 675.5003
64 712.3368
65 799.3127
66 809.795
67 849.5541
68 850.2285
69 850.6924
70 938.2065
71 964.1283
72 935.8488
73 1029.4495
74 1071.8025
75 1098.2648
76 1168.1334
77 1316.4446
78 1405.4243
79 1528.3741
80 1639.6265
81 1760.8018
82 1840.9669
83 1929.6129
84 2041.0844
85 2019.855
86 2062.5874
87 2138.4377
88 2151.5625
89 2290.25
