-90 1690.16
-89 1976.8527
-88 2148.5635
-87 2313.8113
-86 2374.3518
-85 2612.874
-84 2622.6677
-83 2741.3604
-82 2896.8831
-81 2979.6118
-80 3052.0352
-79 3201.1982
-78 3337.6526
-77 3444.6641
-76 3587.0618
-75 3754.9934
-74 3889.6506
-73 3863.8132
-72 3843.4585
-71 3913.5842
-70 3941.3538
-69 3982.6113
-68 3808.8279
-67 3707.2034
-66 3666.3557
-65 3581.3831
-64 3424.3486
-63 3292.7212
-62 3210.2974
-61 2972.6362
-60 2922.9202
-59 2764.6726
-58 2662.4321
-57 2551.3474
-56 2445.5625
-55 2245.6633
-54 2022.7756
-53 1909.673
-52 1747.2999
-51 1606.3383
-50 1491.1268
-49 1387.4685
-48 1205.1989
-47 1076.2751
-46 1030.2406
-45 924.9935
-44 859.8369
-43 759.3301
-42 656.1844
-41 603.2269
-40 581.3376
-39 502.9836
-38 446.2737
-37 396.3151
-36 345.5988
-35 314.3412
-34 295.1126
-33 273.0624
-32 263.6624
-31 211.087
-30 191.3522
-29 157.0591
-28 142.8828
-27 127.3476
-26 135.8085
-25 108.1908
-24 114.3177
-23 101.3748
-22 95.5435
-21 88.3085
-20 72.1714
-19 70.73
-18 67.0105
-17 66.6286
-16 71.5381
-15 55.6245
-14 55.5854
-13 66.6219
-12 55.5751
-11 63.5865
-10 67.0452
-9 60.947
-8 50.2683
-7 50.3851
-6 51.2439
-5 42.5264
-4 47.5897
-3 43.4359
-2 38.1547
-1 39.1422
0 48.8376
1 33.993
2 33.5652
3 36.5071
4 41.0565
5 49.938
6 54.3272
7 48.9776
8 39.5065
9 32.8238
10 29.0488
11 34.0265
12 31.4682
13 29.2011
14 33.4326
15 26.3412
16 25.8615
17 26.3302
18 26.9374
19 29.9792
20 23.7984
21 23.0363
22 29.5374
23 30.927
24 29.6704
25 33.7581
26 33.8793
27 31.9234
28 40.7374
29 33.7356
30 33.3972
31 26.114
32 26.5627
33 30.5201
34 33.196
35 33.8316
36 32.9683
37 27.9819
38 24.0033
39 36.7091
40 34.8647
41 42.7427
42 36.1814
43 33.7659
44 40.936
45 58.1713
46 53.5108
47 71.9312
48 80.2997
49 80.1501
50 83.9378
51 88.0704
52 79.776
53 87.0317
54 95.2593
55 104.7403
56 93.4804
57 102.945
58 106.9023
59 106.8854
60 133.2039
61 127.5253
62 131.6288
63 156.5955
64 168.295
65 172.3311
66 215.1401
67 240.0209
68 282.0026
69 332.6888
70 332.1419
71 360.1153
72 400.0622
73 431.544
74 446.7316
75 500.1146
76 578.826
77 672.762
78 730.8372
79 751.0284
80 850.6393
81 942.1049
82 997.1006
83 1040.0189
84 1129.6149
85 1254.2362
86 1349.7942
87 1489.1152
88 1532.4791
89 1623.337
