-90 1516.8849
-89 1538.4271
-88 1570.5173
-87 1696.9207
-86 1644.0967
-85 1601.2886
-84 1534.7725
-83 1577.7295
-82 1490.9563
-81 1447.5366
-80 1460.9795
-79 1357.8813
-78 1297.1444
-77 1233.7744
-76 1112.6157
-75 1076.4636
-74 1097.4418
-73 1091.0619
-72 1006.6697
-71 950.832
-70 865.2568
-69 797.041
-68 735.767
-67 739.2285
-66 692.8207
-65 644.1337
-64 563.4564
-63 575.1724
-62 582.0567
-61 527.6976
-60 480.0134
-59 445.7612
-58 406.4288
-57 372.6657
-56 339.465
-55 352.4741
-54 337.4313
-53 334.2956
-52 305.025
-51 270.8147
-50 248.0171
-49 236.0303
-48 218.433
-47 194.6071
-46 157.9682
-45 127.1853
-44 142.6152
-43 145.4045
-42 129.0617
-41 121.9932
-40 111.2247
-39 120.2419
-38 113.8327
-37 107.0333
-36 92.3879
-35 85.3612
-34 82.4122
-33 68.516
-32 82.5456
-31 68.2293
-30 60.2595
-29 55.7399
-28 57.7343
-27 60.8287
-26 54.5647
-25 51.1194
-24 52.6183
-23 52.8721
-22 46.1403
-21 44.6661
-20 54.6786
-19 52.48
-18 48.0385
-17 51.4693
-16 53.7211
-15 53.0581
-14 52.2575
-13 57.0811
-12 59.0568
-11 56.1653
-10 53.5421
-9 67.6947
-8 64.3313
-7 67.8152
-6 68.5479
-5 64.9133
-4 65.395
-3 66.8719
-2 55.3359
-1 60.7981
0 82.0299
1 67.7888
2 55.7331
3 74.2859
4 80.8074
5 57.4004
6 43.7536
7 62.7205
8 65.8832
9 86.087
10 68.7689
11 67.4057
12 65.0656
13 60.2161
14 70.0002
15 80.5464
16 110.5553
17 95.8382
18 83.2292
19 92.534
20 86.2219
21 95.0448
22 99.2034
23 75.389
24 74.0696
25 71.1025
26 64.1298
27 70.6015
28 69.8047
29 65.3705
30 65.6556
31 61.0489
32 61.247
33 72.0789
34 71.027
35 87.5475
36 116.5997
37 138.1357
38 155.7249
39 154.4603
40 173.295
41 172.7391
42 189.0905
43 189.9563
44 212.3195
45 205.2004
46 231.9304
47 236.7895
48 252.1158
49 271.2775
50 314.3075
51 317.1631
52 377.6798
53 451.7942
54 484.1581
55 517.3311
56 533.675
57 555.084
58 616.1919
59 610.9729
60 640.9514
61 699.1667
62 712.1826
63 745.9337
64 785.6425
65 777.4894
66 813.6052
67 873.3896
68 945.17
69 1054.8436
70 1038.2675
71 1024.1949
72 1017.2117
73 1049.976
74 1050.2095
75 1019.5837
76 1066.7271
77 1100.7672
78 1111.7676
79 1086.7991
80 1094.0391
81 1103.1592
82 1139.1204
83 1146.322
84 1183.1768
85 1169.0941
86 1261.9127
87 1333.0558
88 1408.2137
89 1440.8972
