-90 421.7157
-89 462.3139
-88 493.4992
-87 483.6384
-86 499.6342
-85 469.5252
-84 469.5554
-83 459.8999
-82 459.0872
-81 477.0969
-80 452.5345
-79 431.5923
-78 382.5927
-77 382.9449
-76 390.6696
-75 396.8713
-74 411.779
-73 439.7477
-72 403.0901
-71 411.9149
-70 411.7169
-69 411.6358
-68 364.9668
-67 339.0622
-66 311.0946
-65 288.0649
-64 313.3436
-63 314.0818
-62 322.6432
-61 314.6743
-60 329.9771
-59 300.4671
-58 277.8321
-57 258.4666
-56 250.9901
-55 227.8241
-54 212.5241
-53 213.8812
-52 193.5219
-51 168.2232
-50 160.878
-49 168.6901
-48 149.6883
-47 143.1198
-46 146.8555
-45 124.7895
-44 105.9863
-43 110.7246
-42 119.2366
-41 100.9036
-40 89.5609
-39 91.6612
-38 93.2579
-37 101.42
-36 100.1607
-35 107.0527
-34 102.9987
-33 101.1875
-32 85.3874
-31 91.6649
-30 73.4489
-29 85.1437
-28 64.6814
-27 64.8691
-26 71.3092
-25 73.5255
-24 86.7559
-23 78.8464
-22 71.4151
-21 58.6299
-20 52.3031
-19 61.2832
-18 61.7875
-17 64.4097
-16 70.0859
-15 66.386
-14 68.5203
-13 76.2142
-12 70.9457
-11 80.7161
-10 68.0811
-9 71.8383
-8 65.1585
-7 59.0806
-6 59.1842
-5 56.6198
-4 58.9037
-3 55.9929
-2 63.9268
-1 64.5154
0 55.5373
1 68.0637
2 77.0808
3 62.3392
4 63.7413
5 63.8235
6 62.4595
7 75.9432
8 58.6628
9 64.5125
10 63.5874
11 76.3931
12 81.924
13 77.6012
14 85.7016
15 79.8238
16 80.5338
17 96.7408
18 90.1631
19 95.3189
20 90.27
21 79.6122
22 70.8813
23 71.5816
24 75.8127
25 75.1145
26 78.6176
27 73.8132
28 78.0409
29 76.8473
30 69.663
31 80.3763
32 74.9448
33 83.5731
34 87.0372
35 76.774
36 76.7808
37 82.4796
38 74.6312
39 75.9682
40 94.1814
41 75.8034
42 87.2597
43 88.8763
44 117.248
45 121.2377
46 110.5219
47 98.6297
48 102.3525
49 120.7521
50 113.3337
51 111.5099
52 110.2375
53 118.6197
54 130.5344
55 128.5548
56 159.1811
57 160.9125
58 171.8663
59 170.8988
60 168.7967
61 183.596
62 192.8897
63 187.2553
64 198.4764
65 195.5719
66 214.6576
67 207.5261
68 226.9009
69 247.9039
70 251.3317
71 247.3336
72 246.318
73 298.9068
74 334.6399
75 311.0476
76 281.2816
77 300.0822
78 319.0426
79 350.7028
80 370.4444
81 351.5191
82 364.67
83 422.4818
84 420.3661
85 457.6359
86 444.0874
87 472.1855
88 444.8374
89 424.7081
