-90 643.9697
-89 633.0972
-88 674.1601
-87 690.1463
-86 657.9481
-85 668.1783
-84 730.7626
-83 717.8646
-82 705.2271
-81 671.1484
-80 708.3455
-79 680.4921
-78 633.4745
-77 656.7645
-76 658.9285
-75 653.5867
-74 649.3557
-73 663.7153
-72 674.8135
-71 642.3701
-70 657.3132
-69 643.5524
-68 668.3199
-67 651.6063
-66 666.9572
-65 699.2615
-64 706.2538
-63 699.3767
-62 712.1212
-61 683.8688
-60 673.7477
-59 657.7742
-58 656.1848
-57 695.1211
-56 671.6235
-55 687.5613
-54 734.0684
-53 733.8705
-52 732.5573
-51 776.0408
-50 777.9525
-49 808.8752
-48 814.7744
-47 849.4632
-46 851.6611
-45 853.1084
-44 861.1378
-43 875.0078
-42 914.1631
-41 952.7789
-40 977.7896
-39 956.4714
-38 972.4009
-37 971.2173
-36 952.1133
-35 971.5938
-34 945.5417
-33 918.8652
-32 877.8859
-31 897.6246
-30 926.2116
-29 906.4532
-28 902.371
-27 939.8907
-26 986.8593
-25 949.6308
-24 959.8234
-23 894.8322
-22 869.9847
-21 887.7325
-20 881.8489
-19 897.8669
-18 892.4531
-17 881.2238
-16 881.1768
-15 902.0571
-14 928.1236
-13 948.255
-12 946.3487
-11 942.1447
-10 907.9896
-9 884.795
-8 922.558
-7 880.8451
-6 808.6815
-5 812.7659
-4 790.8466
-3 768.8045
-2 793.9935
-1 784.4913
0 835.1315
1 798.0516
2 808.6824
3 795.8729
4 771.8807
5 786.2902
6 743.4242
7 700.0023
8 713.3686
9 721.0665
10 721.6207
11 752.3298
12 721.6743
13 736.2015
14 682.4074
15 656.292
16 664.9088
17 682.0216
18 657.3536
19 645.496
20 659.272
21 615.424
22 644.4472
23 592.986
24 539.785
25 517.3969
26 497.6075
27 485.834
28 446.1073
29 455.4064
30 453.4368
31 449.8898
32 419.561
33 428.715
34 434.9739
35 401.4432
36 398.8589
37 398.4569
38 389.901
39 391.2382
40 407.4891
41 414.0296
42 396.1314
43 366.2553
44 361.2512
45 364.3904
46 366.6461
47 390.3649
48 369.7741
49 383.2576
50 387.1351
51 344.215
52 339.2047
53 331.8745
54 346.2539
55 376.4077
56 380.5812
57 383.8321
58 414.6805
59 414.0854
60 487.5219
61 496.1218
62 504.0934
63 493.034
64 512.7047
65 560.262
66 555.0789
67 589.8509
68 562.9593
69 540.0892
70 558.35
71 600.0105
72 596.2268
73 601.1021
74 588.8955
75 600.9584
76 646.2209
77 635.3843
78 602.998
79 626.811
80 613.2776
81 597.7309
82 649.2001
83 616.9672
84 597.4031
85 609.21
86 592.8746
87 649.1709
88 646.1459
89 594.5736
