-90 1752.0366
-89 1805.5171
-88 1972.5996
-87 1955.5844
-86 1960.8679
-85 1964.972
-84 1997.4999
-83 1997.3718
-82 2001.4674
-81 1971.5988
-80 2080.4888
-79 2110.9802
-78 2117.9121
-77 2038.6516
-76 2032.2338
-75 1999.8278
-74 1995.8657
-73 2036.4476
-72 1996.9592
-71 2008.4508
-70 1971.5613
-69 1901.1053
-68 1804.717
-67 1803.7885
-66 1666.4009
-65 1670.9641
-64 1596.5891
-63 1521.4305
-62 1409.6143
-61 1310.3672
-60 1259.8638
-59 1212.4954
-58 1201.4573
-57 1112.165
-56 1122.9841
-55 1075.2571
-54 1001.0385
-53 993.7437
-52 987.5642
-51 889.5372
-50 821.8934
-49 828.2444
-48 734.45
-47 682.0631
-46 666.4388
-45 619.3688
-44 566.259
-43 549.6108
-42 533.6338
-41 489.325
-40 441.8269
-39 441.4731
-38 403.8791
-37 411.225
-36 416.6703
-35 376.6215
-34 359.7171
-33 333.6166
-32 327.4031
-31 312.4359
-30 304.9277
-29 287.1555
-28 288.0302
-27 273.5652
-26 254.9212
-25 249.6675
-24 221.4669
-23 217.7294
-22 220.9846
-21 226.1927
-20 207.4201
-19 197.0005
-18 186.1062
-17 152.271
-16 148.2794
-15 151.4308
-14 144.0763
-13 138.5161
-12 137.7786
-11 131.105
-10 112.1727
-9 123.456
-8 141.879
-7 136.557
-6 131.8705
-5 120.1213
-4 134.2029
-3 114.3784
-2 122.0352
-1 124.2207
0 108.8282
1 104.1223
2 104.2662
3 93.2523
4 104.565
5 99.5126
6 90.017
7 107.3467
8 107.8867
9 107.2701
10 117.0603
11 96.7455
12 88.7418
13 99.4292
14 102.6225
15 89.059
16 90.3946
17 111.6062
18 113.0468
19 103.6102
20 103.4786
21 100.6597
22 105.3762
23 105.4106
24 108.9774
25 136.4113
26 134.0528
27 116.6445
28 125.738
29 148.0994
30 133.9512
31 132.7185
32 133.7669
33 138.9456
34 122.1013
35 138.9042
36 134.4475
37 134.0549
38 144.3817
39 170.1474
40 180.3783
41 192.0912
42 200.1567
43 209.2772
44 214.0313
45 235.0241
46 225.0762
47 257.1484
48 242.5562
49 223.8156
50 252.4313
51 252.3568
52 284.3463
53 305.0594
54 329.8691
55 329.8038
56 363.3185
57 379.7627
58 411.8605
59 408.1572
60 457.1288
61 519.2927
62 600.2064
63 659.938
64 700.4475
65 703.7964
66 762.0857
67 848.4694
68 845.3983
69 862.6229
70 863.007
71 977.2363
72 1033.6104
73 1050.0648
74 1145.9656
75 1172.3369
76 1215.1373
77 1304.3323
78 1387.4714
79 1450.9216
80 1525.0967
81 1594.3048
82 1573.2159
83 1610.2476
84 1717.5125
85 1655.913
86 1628.3289
87 1662.562
88 1786.2405
89 1854.0719
