-90 1483.5753
-89 1494.8379
-88 1484.5958
-87 1472.0072
-86 1357.0018
-85 1423.8915
-84 1472.0436
-83 1455.8909
-82 1393.0118
-81 1358.0569
-80 1279.3347
-79 1265.196
-78 1208.5601
-77 1102.8046
-76 1024.536
-75 1020.7888
-74 1011.6127
-73 944.7583
-72 924.292
-71 881.1962
-70 816.1913
-69 788.6076
-68 758.2594
-67 748.1541
-66 745.1254
-65 749.305
-64 683.0509
-63 681.0689
-62 643.6238
-61 631.2263
-60 557.6252
-59 530.1995
-58 490.2214
-57 461.9017
-56 436.085
-55 401.5427
-54 390.0622
-53 423.3679
-52 396.2825
-51 385.8741
-50 358.646
-49 375.786
-48 373.809
-47 367.7445
-46 356.8085
-45 339.1894
-44 336.9897
-43 327.5547
-42 295.7511
-41 300.3307
-40 268.953
-39 264.9408
-38 280.6304
-37 265.0193
-36 242.0282
-35 231.8787
-34 235.1553
-33 246.6962
-32 226.3092
-31 218.9365
-30 203.7326
-29 204.0779
-28 240.1566
-27 272.2097
-26 244.8409
-25 230.9899
-24 229.2672
-23 241.4529
-22 227.4616
-21 236.7697
-20 280.2912
-19 255.5135
-18 242.6122
-17 229.2559
-16 204.0291
-15 204.8144
-14 217.7141
-13 234.9978
-12 260.3658
-11 233.6967
-10 235.5936
-9 232.1228
-8 223.6002
-7 209.6842
-6 225.1092
-5 205.5729
-4 210.396
-3 189.0795
-2 206.9697
-1 216.4854
0 207.3168
1 228.8996
2 200.8595
3 192.7454
4 179.4438
5 184.9108
6 194.6868
7 204.0661
8 212.7311
9 216.0494
10 249.9736
11 252.8343
12 237.4721
13 247.4222
14 233.8914
15 236.2523
16 246.6369
17 213.8858
18 232.933
19 226.1607
20 202.0327
21 215.9716
22 224.3905
23 221.7666
24 242.6106
25 237.2738
26 251.7379
27 262.4944
28 260.3843
29 269.5014
30 306.6251
31 278.8907
32 317.0697
33 301.2576
34 307.0634
35 303.4715
36 312.9838
37 317.8993
38 330.8566
39 334.8843
40 318.244
41 330.8599
42 367.5381
43 387.001
44 408.1366
45 437.4876
46 412.573
47 438.4996
48 476.275
49 485.8767
50 509.328
51 504.3067
52 497.4911
53 528.6912
54 550.9803
55 567.9609
56 562.8114
57 590.878
58 627.4796
59 663.9113
60 662.9821
61 717.9473
62 740.6628
63 726.5263
64 690.3069
65 679.7385
66 744.5031
67 778.7458
68 822.5305
69 870.3281
70 910.3493
71 958.1753
72 980.4863
73 1001.9629
74 1092.6974
75 1192.9865
76 1183.7079
77 1168.335
78 1325.6088
79 1300.88
80 1355.7601
81 1376.0923
82 1351.3254
83 1368.8948
84 1351.0653
85 1370.5432
86 1408.6135
87 1464.4323
88 1461.2107
89 1473.3032
