-90 1713.8839
-89 1713.677
-88 1753.2693
-87 1716.9224
-86 1766.707
-85 1768.6868
-84 1659.1659
-83 1556.5669
-82 1521.1346
-81 1462.6481
-80 1530.8301
-79 1417.2513
-78 1429.3058
-77 1430.7899
-76 1361.7021
-75 1295.3228
-74 1250.8405
-73 1192.8374
-72 1220.6306
-71 1138.0902
-70 1111.1112
-69 1111.3304
-68 1083.4274
-67 1067.8379
-66 1005.6926
-65 957.3701
-64 952.9583
-63 966.0856
-62 943.0701
-61 882.5074
-60 938.2113
-59 892.4837
-58 857.0912
-57 789.6394
-56 749.8733
-55 739.5911
-54 719.788
-53 663.4249
-52 604.1962
-51 593.6405
-50 623.9717
-49 590.42
-48 589.8257
-47 596.645
-46 559.3903
-45 508.052
-44 490.0428
-43 472.3082
-42 450.4517
-41 447.8181
-40 434.5734
-39 397.9115
-38 361.7236
-37 354.7889
-36 324.4256
-35 332.858
-34 332.8454
-33 287.5594
-32 298.2423
-31 291.9968
-30 279.4653
-29 273.7049
-28 290.9368
-27 257.0455
-26 258.7568
-25 251.4039
-24 245.6808
-23 259.5267
-22 263.6831
-21 257.4101
-20 250.4098
-19 226.4062
-18 217.524
-17 198.5386
-16 184.0082
-15 192.3137
-14 183.6904
-13 199.6651
-12 204.0147
-11 179.1448
-10 187.1152
-9 173.1223
-8 166.3449
-7 181.8427
-6 158.4225
-5 159.3942
-4 173.8633
-3 170.7633
-2 168.7618
-1 171.6726
0 172.6302
1 144.5626
2 158.9265
3 150.7428
4 147.5956
5 149.985
6 156.999
7 155.7305
8 171.7128
9 160.1663
10 180.9242
11 184.2874
12 180.2625
13 177.4696
14 185.6054
15 188.6127
16 196.2071
17 199.7413
18 195.2996
19 190.9709
20 190.9819
21 168.4084
22 184.0197
23 191.9837
24 216.1921
25 223.6004
26 217.7828
27 234.7432
28 226.5813
29 215.8903
30 210.7164
31 218.0272
32 244.9378
33 248.5076
34 259.0322
35 263.7945
36 259.8532
37 244.0235
38 261.7042
39 268.8334
40 268.2709
41 272.5793
42 309.4631
43 329.8828
44 372.7108
45 397.5079
46 395.6626
47 400.9868
48 442.7232
49 481.9592
50 485.8375
51 457.5506
52 487.6175
53 530.3361
54 567.0951
55 619.5894
56 624.6659
57 643.722
58 688.3232
59 717.0579
60 720.4628
61 806.6036
62 815.3807
63 880.9142
64 877.1781
65 915.6177
66 905.7338
67 986.0757
68 1006.7499
69 1069.228
70 1078.6801
71 1106.0072
72 1167.6447
73 1248.0377
74 1265.3213
75 1320.5897
76 1416.2555
77 1376.0469
78 1425.8689
79 1463.9507
80 1507.4673
81 1478.3066
82 1501.8346
83 1472.9701
84 1482.6644
85 1547.8135
86 1605.6831
87 1620.4492
88 1596.1229
89 1638.3127
