-90 1445.9934
-89 1495.4821
-88 1472.8484
-87 1430.9109
-86 1424.6167
-85 1365.1184
-84 1309.8951
-83 1298.0248
-82 1272.6909
-81 1274.9202
-80 1225.8123
-79 1220.1415
-78 1150.0283
-77 1174.1544
-76 1109.244
-75 1028.5702
-74 958.1891
-73 912.3783
-72 928.1653
-71 889.631
-70 847.9985
-69 834.4075
-68 825.1875
-67 799.6159
-66 761.8654
-65 749.2794
-64 712.7948
-63 664.9434
-62 639.4221
-61 632.0392
-60 583.0035
-59 585.2612
-58 571.9172
-57 539.8175
-56 548.9967
-55 557.2487
-54 536.4579
-53 484.692
-52 490.0831
-51 420.0815
-50 400.6934
-49 358.4898
-48 357.452
-47 358.2046
-46 343.9001
-45 302.1486
-44 315.9502
-43 298.0672
-42 245.0774
-41 219.3004
-40 210.5333
-39 220.2669
-38 222.3974
-37 237.8566
-36 206.187
-35 194.5135
-34 197.1623
-33 200.1611
-32 200.3692
-31 191.2113
-30 207.3644
-29 224.8707
-28 199.7535
-27 208.9765
-26 200.2438
-25 184.5293
-24 197.8999
-23 218.5068
-22 199.2738
-21 196.0737
-20 191.8624
-19 184.6349
-18 152.2756
-17 148.5148
-16 168.4976
-15 169.488
-14 160.5623
-13 160.671
-12 186.0976
-11 161.6162
-10 152.234
-9 160.9189
-8 157.8046
-7 147.8059
-6 149.0287
-5 143.1914
-4 138.7907
-3 145.1051
-2 161.3302
-1 161.8825
0 149.1276
1 145.4595
2 143.9678
3 166.9949
4 162.3629
5 151.0967
6 170.5543
7 165.2631
8 157.7472
9 150.2377
10 171.9407
11 163.1416
12 162.8495
13 179.8569
14 187.725
15 193.8765
16 197.0222
17 188.8913
18 181.6403
19 187.2969
20 181.0126
21 186.5593
22 193.0231
23 216.8141
24 224.8255
25 225.4607
26 259.9592
27 264.7811
28 291.5616
29 290.7079
30 324.5673
31 333.5492
32 343.8259
33 339.4173
34 371.1545
35 391.6042
36 410.9035
37 460.6936
38 469.6239
39 476.2408
40 532.397
41 584.8608
42 609.6704
43 648.0667
44 666.177
45 647.7372
46 694.7346
47 709.2239
48 795.4166
49 868.5728
50 896.9969
51 947.6866
52 932.3337
53 1001.515
54 1048.9022
55 1064.3363
56 1104.9843
57 1093.9235
58 1111.7827
59 1162.3021
60 1227.736
61 1277.1044
62 1296.781
63 1322.5509
64 1384.5115
65 1388.8409
66 1498.8621
67 1486.2985
68 1505.8707
69 1544.4703
70 1587.2209
71 1643.4105
72 1692.6
73 1678.1167
74 1721.6259
75 1717.8896
76 1670.9735
77 1638.3036
78 1615.0571
79 1573.6411
80 1542.9712
81 1535.1356
82 1510.7023
83 1542.8173
84 1464.3068
85 1466.6443
86 1495.6049
87 1532.5914
88 1486.1149
89 1394.0853
