-90 1873.649
-89 1838.0654
-88 1912.5364
-87 1956.8007
-86 1918.2418
-85 1907.9388
-84 1995.0256
-83 1915.9919
-82 1945.05
-81 1954.1262
-80 1965.3024
-79 1943.9645
-78 1895.9874
-77 1866.1888
-76 1862.1599
-75 1846.3745
-74 1753.8545
-73 1658.7174
-72 1630.583
-71 1547.3571
-70 1491.3707
-69 1486.952
-68 1426.0658
-67 1338.9323
-66 1304.6121
-65 1291.5746
-64 1252.2294
-63 1222.9027
-62 1108.9215
-61 1050.1288
-60 977.6822
-59 923.4316
-58 863.7408
-57 802.0137
-56 791.6176
-55 782.2104
-54 758.8978
-53 745.4045
-52 694.4031
-51 668.3261
-50 636.5592
-49 596.4293
-48 579.1434
-47 562.0208
-46 528.2885
-45 511.614
-44 471.1041
-43 489.1996
-42 490.2081
-41 463.2491
-40 396.6722
-39 368.601
-38 369.1675
-37 337.5152
-36 336.8809
-35 312.722
-34 299.2915
-33 293.7154
-32 299.2892
-31 313.2186
-30 289.5892
-29 270.6862
-28 272.5373
-27 254.2149
-26 238.9507
-25 222.7473
-24 244.6597
-23 265.6326
-22 250.4131
-21 237.6181
-20 227.7703
-19 218.6466
-18 217.8417
-17 206.6581
-16 245.471
-15 242.9422
-14 251.5755
-13 228.6937
-12 228.2438
-11 228.2123
-10 239.6791
-9 236.9355
-8 225.9316
-7 239.5833
-6 252.6667
-5 224.0013
-4 226.2389
-3 203.682
-2 231.5297
-1 246.7204
0 240.8484
1 212.976
2 206.6806
3 212.0104
4 208.1217
5 225.8155
6 216.5265
7 212.8825
8 226.7711
9 227.8321
10 203.8569
11 197.407
12 217.3484
13 217.2702
14 208.3739
15 227.2611
16 241.1349
17 228.024
18 267.4845
19 248.9242
20 241.2176
21 271.1929
22 308.2993
23 311.1096
24 287.1052
25 317.1665
26 298.4391
27 303.6453
28 308.7959
29 355.664
30 356.3246
31 366.6897
32 369.2438
33 393.9258
34 424.3914
35 449.0916
36 493.3643
37 535.9571
38 519.1259
39 504.6841
40 544.5645
41 559.194
42 579.9175
43 578.7
44 590.8002
45 618.4344
46 624.0653
47 628.2396
48 665.5502
49 753.6451
50 774.3083
51 804.6857
52 811.2386
53 866.0145
54 893.2394
55 977.8323
56 1071.6176
57 1117.2341
58 1148.9132
59 1206.3199
60 1209.9873
61 1246.3458
62 1268.1193
63 1332.4337
64 1406.1014
65 1395.7767
66 1470.125
67 1500.1682
68 1620.1826
69 1657.7339
70 1721.0419
71 1685.0051
72 1667.3231
73 1789.1475
74 1703.9785
75 1726.0739
76 1813.7708
77 1868.1982
78 1916.5239
79 1938.9685
80 1952.3121
81 1928.5486
82 1952.7252
83 1935.7345
84 1992.121
85 1983.8544
86 1931.9508
87 1827.3171
88 1885.6486
89 1895.1857
