-90 1793.9882
-89 1727.0332
-88 1672.8705
-87 1590.2959
-86 1510.5455
-85 1437.7009
-84 1440.5909
-83 1402.1913
-82 1413.7545
-81 1404.7607
-80 1338.2141
-79 1281.4287
-78 1251.9817
-77 1179.7002
-76 1204.828
-75 1147.4758
-74 1085.9606
-73 1036.0511
-72 1012.6308
-71 977.5214
-70 957.9371
-69 898.0724
-68 928.7422
-67 885.9189
-66 826.8469
-65 806.1534
-64 783.4083
-63 803.7591
-62 797.9398
-61 787.5255
-60 788.7333
-59 798.7919
-58 774.5767
-57 742.6335
-56 745.7617
-55 727.83
-54 734.2358
-53 712.4871
-52 699.3558
-51 686.9077
-50 659.8492
-49 676.8144
-48 675.0337
-47 636.618
-46 617.7831
-45 604.6278
-44 635.7209
-43 591.7109
-42 597.1077
-41 583.1674
-40 577.4342
-39 540.3011
-38 514.1921
-37 519.9395
-36 524.2949
-35 523.4073
-34 519.5414
-33 492.495
-32 456.079
-31 498.6903
-30 471.6168
-29 446.7572
-28 433.23
-27 407.8063
-26 406.2372
-25 390.6764
-24 376.106
-23 361.4622
-22 344.7935
-21 341.3844
-20 311.9938
-19 293.4004
-18 328.0282
-17 308.6708
-16 270.112
-15 279.1146
-14 266.2487
-13 261.7812
-12 249.5483
-11 231.8119
-10 222.5267
-9 230.4894
-8 228.389
-7 215.1031
-6 209.6726
-5 198.6084
-4 188.5381
-3 190.2823
-2 198.0515
-1 189.8348
0 178.1772
1 179.5818
2 206.1801
3 213.2833
4 187.87
5 190.7244
6 202.2283
7 207.6958
8 219.0963
9 212.7309
10 211.9097
11 226.9607
12 223.6954
13 230.9343
14 222.0775
15 208.5608
16 203.0872
17 224.5694
18 209.5223
19 244.1999
20 245.4835
21 259.5001
22 276.5574
23 310.721
24 313.7527
25 338.7243
26 362.1277
27 385.4926
28 382.3658
29 395.9559
30 409.5898
31 411.7951
32 437.9018
33 468.8425
34 461.8114
35 461.5863
36 502.754
37 504.1774
38 535.1255
39 578.8935
40 635.6463
41 667.2013
42 688.4069
43 718.4726
44 759.0565
45 803.8145
46 838.97
47 883.8488
48 987.0673
49 1050.2512
50 1120.9797
51 1214.6429
52 1275.6222
53 1381.3529
54 1471.254
55 1589.4672
56 1555.3929
57 1612.7378
58 1689.6548
59 1749.3647
60 1712.1927
61 1801.2593
62 1925.7543
63 1935.8062
64 2056.0527
65 2163.8184
66 2146.6003
67 2148.4521
68 2211.2676
69 2247.5105
70 2313.4373
71 2238.0701
72 2332.4558
73 2314.5042
74 2305.5415
75 2301.9993
76 2250.884
77 2236.1357
78 2152.908
79 2210.8518
80 2221.0786
81 2177.938
82 2201.665
83 2181.5078
84 2170.3506
85 2106.5774
86 1976.7638
87 1907.137
88 1798.7894
89 1799.1219
