-90 1654.8936
-89 1597.9352
-88 1620.4165
-87 1728.9468
-86 1725.1973
-85 1747.4221
-84 1811.1385
-83 1808.957
-82 1912.9628
-81 1923.3981
-80 1861.4437
-79 1880.0964
-78 1963.2339
-77 2020.8965
-76 2011.6992
-75 1996.6842
-74 1916.4622
-73 1894.4425
-72 1857.7795
-71 1901.7152
-70 1884.0055
-69 1945.2595
-68 1945.2443
-67 1953.1344
-66 1949.6343
-65 2028.6624
-64 2028.9161
-63 2037.989
-62 2066.5796
-61 2014.1307
-60 1941.4191
-59 1836.5725
-58 1805.7684
-57 1753.2448
-56 1750.3215
-55 1723.4264
-54 1640.4564
-53 1617.3854
-52 1535.0391
-51 1498.6847
-50 1433.0349
-49 1387.358
-48 1334.8062
-47 1294.2762
-46 1186.3956
-45 1151.8363
-44 1071.6012
-43 1033.8643
-42 965.1537
-41 928.3127
-40 835.7511
-39 742.8569
-38 707.6801
-37 684.7875
-36 634.9033
-35 584.9359
-34 521.6782
-33 455.0455
-32 427.8373
-31 377.6586
-30 343.8174
-29 325.5673
-28 283.3761
-27 243.2755
-26 236.4861
-25 272.124
-24 202.1539
-23 166.538
-22 160.4273
-21 142.7088
-20 121.1474
-19 126.2644
-18 104.881
-17 105.4278
-16 86.4355
-15 83.8837
-14 93.2162
-13 86.0558
-12 82.6082
-11 92.199
-10 86.7512
-9 89.1653
-8 76.117
-7 74.5256
-6 89.6753
-5 76.1138
-4 70.169
-3 67.9761
-2 68.5005
-1 74.6636
0 75.1154
1 63.2722
2 72.5227
3 66.8709
4 63.618
5 58.9101
6 59.3165
7 67.5742
8 71.2615
9 58.6163
10 63.6474
11 59.4076
12 58.8319
13 59.1992
14 64.7706
15 58.6486
16 55.0443
17 53.3251
18 55.09
19 77.0401
20 73.3164
21 60.3081
22 59.1512
23 65.0891
24 52.4913
25 56.8042
26 64.418
27 58.4646
28 71.6031
29 65.7966
30 71.928
31 84.6397
32 77.0599
33 72.8019
34 62.0199
35 69.1184
36 88.5008
37 97.9518
38 89.5167
39 104.6318
40 106.5575
41 117.7578
42 109.069
43 92.8786
44 118.4246
45 108.3513
46 118.0416
47 145.061
48 151.0649
49 164.0702
50 212.5323
51 225.9952
52 240.9619
53 230.6597
54 240.4372
55 271.8435
56 300.0969
57 329.9524
58 349.6358
59 398.373
60 440.9975
61 466.7609
62 503.1481
63 546.6237
64 585.8105
65 620.5117
66 629.1135
67 641.423
68 687.5878
69 707.1728
70 796.888
71 854.0656
72 878.5101
73 899.5364
74 967.6387
75 1055.6157
76 1103.0527
77 1137.2242
78 1270.5446
79 1306.8529
80 1405.274
81 1451.8727
82 1406.149
83 1515.4856
84 1599.6123
85 1572.9124
86 1531.2985
87 1558.0883
88 1633.1719
89 1574.0273
