-90 2845.5061
-89 2843.1726
-88 2777.2024
-87 2591.876
-86 2511.2336
-85 2501.9526
-84 2451.2759
-83 2360.1863
-82 2268.8914
-81 2280.0286
-80 2215.9368
-79 2201.7681
-78 2115.833
-77 2046.4811
-76 1969.692
-75 1893.3638
-74 1861.3094
-73 1776.4668
-72 1710.0277
-71 1654.5577
-70 1564.7212
-69 1501.2177
-68 1428.9482
-67 1362.1199
-66 1251.3302
-65 1251.3258
-64 1188.1428
-63 1184.4752
-62 1185.3744
-61 1100.5826
-60 1038.3234
-59 1039.308
-58 1013.2736
-57 881.194
-56 817.6016
-55 787.9366
-54 781.7905
-53 713.6649
-52 640.9838
-51 615.9855
-50 605.4191
-49 567.0358
-48 486.0115
-47 500.8105
-46 484.5021
-45 482.7602
-44 455.4316
-43 431.1226
-42 417.97
-41 408.1063
-40 391.0461
-39 338.3155
-38 331.8683
-37 341.5964
-36 332.2263
-35 326.4155
-34 315.9757
-33 296.447
-32 287.3759
-31 269.692
-30 255.712
-29 257.3906
-28 261.7621
-27 236.1327
-26 262.8715
-25 250.7082
-24 255.6013
-23 253.6385
-22 248.9417
-21 260.1811
-20 255.0811
-19 257.2435
-18 239.3225
-17 231.4921
-16 229.1855
-15 242.0766
-14 234.0972
-13 226.5726
-12 228.2806
-11 219.3825
-10 204.1586
-9 205.2823
-8 236.361
-7 210.7418
-6 212.1169
-5 200.8354
-4 205.1626
-3 203.8661
-2 206.172
-1 224.1406
0 242.722
1 244.7902
2 217.5652
3 244.4982
4 243.8982
5 221.6209
6 250.4987
7 256.0844
8 245.9966
9 262.4755
10 259.2075
11 246.8099
12 252.439
13 273.3766
14 290.352
15 311.2705
16 289.7621
17 305.2883
18 277.1603
19 304.4818
20 294.3013
21 275.0415
22 298.5532
23 289.1469
24 299.9313
25 302.972
26 326.7003
27 304.4779
28 311.4533
29 334.8249
30 348.9048
31 362.1329
32 350.6837
33 346.1955
34 367.16
35 425.6045
36 426.4186
37 462.2314
38 493.9995
39 503.97
40 496.4931
41 514.0037
42 529.4583
43 521.0541
44 546.1718
45 558.8747
46 572.7104
47 606.4937
48 632.8645
49 645.6902
50 660.5915
51 674.0941
52 693.2024
53 753.2517
54 850.3399
55 930.6041
56 999.6101
57 1101.7474
58 1106.6644
59 1191.6589
60 1196.4707
61 1303.1514
62 1369.9924
63 1457.9777
64 1538.4873
65 1584.3898
66 1632.2438
67 1669.0747
68 1758.2032
69 1908.4448
70 2048.5554
71 2120.1602
72 2182.5525
73 2262.6528
74 2374.3044
75 2457.0535
76 2597.9531
77 2616.7957
78 2679.4492
79 2849.9849
80 2858.9678
81 2946.1355
82 3004.3076
83 2898.4238
84 2810.3833
85 2849.8992
86 2904.6919
87 2938.8367
88 2898.051
89 2893.2505
