-90 913.1473
-89 908.6559
-88 952.2841
-87 919.1515
-86 855.6508
-85 855.3246
-84 877.2695
-83 879.6748
-82 867.6425
-81 821.3576
-80 797.3535
-79 799.3675
-78 737.6188
-77 762.9598
-76 792.1152
-75 823.8796
-74 817.8384
-73 802.9323
-72 796.8956
-71 799.9451
-70 778.5953
-69 765.4694
-68 800.8403
-67 798.9326
-66 813.2964
-65 779.0786
-64 777.0614
-63 761.1035
-62 736.8806
-61 729.8026
-60 700.1957
-59 729.364
-58 724.8254
-57 782.3249
-56 807.2701
-55 817.3395
-54 792.9849
-53 801.6298
-52 764.0476
-51 780.0349
-50 731.2219
-49 750.3756
-48 719.2502
-47 687.8042
-46 689.5773
-45 663.6052
-44 698.8124
-43 733.9997
-42 695.8564
-41 709.4005
-40 711.9141
-39 689.8779
-38 683.797
-37 651.8967
-36 718.9666
-35 671.9214
-34 715.8424
-33 703.7665
-32 642.3271
-31 586.9658
-30 569.2799
-29 581.7153
-28 587.7524
-27 595.1943
-26 599.2037
-25 568.5186
-24 551.4279
-23 554.8962
-22 574.1448
-21 571.8062
-20 595.6283
-19 575.811
-18 533.467
-17 555.7641
-16 497.3817
-15 476.3824
-14 498.181
-13 446.6653
-12 414.3991
-11 411.9146
-10 388.5888
-9 339.3428
-8 337.5305
-7 349.8563
-6 343.2171
-5 342.7697
-4 320.6938
-3 335.1743
-2 318.3832
-1 345.3648
0 333.2893
1 342.6091
2 343.5493
3 340.1697
4 336.9488
5 319.581
6 317.3064
7 325.8083
8 344.7955
9 315.1164
10 294.3755
11 303.6547
12 295.1132
13 315.4016
14 311.9893
15 320.5588
16 320.0028
17 311.0591
18 297.9422
19 246.641
20 275.0345
21 249.3808
22 254.0632
23 238.777
24 242.3615
25 250.0018
26 221.2818
27 205.8385
28 233.6358
29 237.5543
30 230.6839
31 231.9634
32 246.055
33 250.8099
34 248.8213
35 279.0367
36 307.3259
37 292.5379
38 279.4474
39 271.9872
40 300.1327
41 284.1869
42 287.421
43 283.2718
44 272.2958
45 297.6641
46 303.9687
47 324.9079
48 324.885
49 328.9539
50 354.6591
51 336.3051
52 400.058
53 419.5842
54 438.3579
55 431.8818
56 473.958
57 527.0901
58 599.3175
59 617.6327
60 618.4662
61 646.0108
62 667.2644
63 689.5482
64 729.0288
65 789.2007
66 795.3295
67 805.1685
68 828.786
69 857.8057
70 918.8179
71 956.9843
72 982.7565
73 1025.1366
74 972.6696
75 944.3118
76 882.8114
77 886.4656
78 889.2007
79 875.2516
80 878.0995
81 890.7922
82 924.8663
83 889.0306
84 898.8839
85 812.9485
86 838.5496
87 867.4368
88 879.8018
89 929.1425
