-90 1839.9899
-89 1926.7249
-88 1967.1516
-87 2002.83
-86 2020.9365
-85 2099.9285
-84 2071.7473
-83 2089.8413
-82 2149.8599
-81 2220.7732
-80 2235.8145
-79 2283.0969
-78 2197.8459
-77 2246.0791
-76 2381.4214
-75 2448.2991
-74 2386.0815
-73 2277.4507
-72 2343.2896
-71 2399.395
-70 2346.8247
-69 2395.1157
-68 2482.6238
-67 2459.2129
-66 2475.3894
-65 2471.5994
-64 2321.6572
-63 2276.7927
-62 2217.0046
-61 2110.136
-60 1963.8878
-59 1939.1953
-58 1863.6377
-57 1791.7638
-56 1646.9115
-55 1561.5481
-54 1540.911
-53 1433.1852
-52 1440.1865
-51 1266.1309
-50 1115.8217
-49 1029.9021
-48 920.5029
-47 801.0999
-46 757.9465
-45 674.2429
-44 636.1302
-43 603.2346
-42 568.3311
-41 489.6034
-40 460.7743
-39 445.6077
-38 443.9648
-37 384.6727
-36 352.0436
-35 327.4218
-34 316.5128
-33 290.1431
-32 262.1895
-31 252.2842
-30 204.4882
-29 197.9105
-28 174.3852
-27 129.5217
-26 126.3571
-25 115.1768
-24 107.1202
-23 115.5846
-22 100.1448
-21 88.809
-20 93.3326
-19 88.4628
-18 91.9298
-17 76.137
-16 67.0471
-15 63.1825
-14 64.4414
-13 68.5296
-12 67.6524
-11 65.7549
-10 54.4724
-9 53.6309
-8 52.5107
-7 47.9386
-6 45.1101
-5 56.8527
-4 45.5561
-3 48.47
-2 37.7718
-1 42.8597
0 45.3629
1 37.1204
2 30.9017
3 36.652
4 30.2302
5 35.9737
6 43.1168
7 34.4387
8 35.4955
9 46.5316
10 49.7973
11 41.6973
12 43.2847
13 48.0893
14 42.4023
15 46.289
16 41.5765
17 42.4275
18 49.5932
19 58.5974
20 50.2792
21 55.8354
22 63.2363
23 50.9763
24 43.0676
25 44.5028
26 51.2431
27 54.9337
28 56.6395
29 55.6144
30 56.4193
31 55.6495
32 54.515
33 70.7663
34 91.2232
35 83.9761
36 85.0774
37 84.4164
38 84.3479
39 112.2916
40 106.4642
41 118.0679
42 132.5877
43 126.8012
44 155.4586
45 149.0138
46 132.8201
47 153.1811
48 163.8755
49 164.8559
50 188.3283
51 213.1482
52 208.8539
53 252.1694
54 273.6145
55 281.8866
56 287.5349
57 324.1486
58 351.7399
59 373.5864
60 408.6434
61 468.5754
62 483.1725
63 533.2927
64 575.7007
65 580.5923
66 642.4602
67 680.121
68 734.3098
69 756.6816
70 856.5502
71 911.3727
72 943.7255
73 1013.0662
74 1089.1475
75 1157.7595
76 1233.88
77 1276.1412
78 1358.6641
79 1347.3417
80 1436.5032
81 1499.7107
82 1532.1578
83 1473.5172
84 1578.21
85 1702.6484
86 1788.66
87 1688.1553
88 1790.3816
89 1740.6647
