-90 1151.8019
-89 1093.1636
-88 1152.0317
-87 1162.0011
-86 1199.6096
-85 1211.6572
-84 1232.0435
-83 1199.7448
-82 1235.6823
-81 1163.9562
-80 1150.943
-79 1159.1542
-78 1190.3461
-77 1166.1895
-76 1131.8712
-75 1122.0758
-74 1102.7311
-73 1078.8276
-72 1060.7714
-71 992.489
-70 931.6044
-69 866.3581
-68 808.6293
-67 815.73
-66 809.2966
-65 792.6087
-64 788.4167
-63 755.777
-62 738.3821
-61 728.1539
-60 685.6276
-59 628.3811
-58 641.4518
-57 630.8776
-56 578.9753
-55 538.5583
-54 491.5093
-53 480.1408
-52 472.7935
-51 456.9424
-50 424.3827
-49 410.9241
-48 376.1592
-47 356.8083
-46 349.91
-45 373.5179
-44 366.6479
-43 319.0753
-42 295.0206
-41 339.2703
-40 317.4095
-39 301.8218
-38 315.101
-37 292.8588
-36 297.7871
-35 291.5138
-34 278.949
-33 270.6137
-32 270.9977
-31 266.7025
-30 274.1781
-29 247.3526
-28 241.6057
-27 240.6552
-26 240.9079
-25 212.8197
-24 205.5983
-23 190.2312
-22 205.9102
-21 206.8453
-20 195.0221
-19 192.8691
-18 188.4863
-17 196.2504
-16 194.4163
-15 188.9557
-14 183.0919
-13 183.8963
-12 184.4152
-11 172.0868
-10 184.8761
-9 179.9907
-8 175.466
-7 168.4664
-6 184.0797
-5 191.3353
-4 173.2025
-3 186.6905
-2 200.8453
-1 186.1884
0 188.0065
1 191.3591
2 186.0596
3 183.7063
4 181.6864
5 177.7748
6 197.6643
7 200.75
8 204.5051
9 168.6676
10 190.477
11 186.2723
12 184.155
13 183.9744
14 189.9809
15 221.9846
16 195.3545
17 213.7058
18 189.262
19 197.0386
20 220.1847
21 251.1255
22 275.0499
23 263.7841
24 253.7225
25 248.8658
26 246.8431
27 285.9768
28 292.6607
29 281.186
30 287.409
31 290.85
32 275.8418
33 288.5913
34 306.1124
35 302.8321
36 315.708
37 321.7116
38 317.1013
39 319.2639
40 322.696
41 319.5695
42 362.8149
43 376.5118
44 406.7041
45 380.2329
46 419.2943
47 434.1994
48 448.6111
49 424.5446
50 418.5428
51 412.9393
52 436.4622
53 450.4144
54 495.4028
55 488.8879
56 518.8275
57 518.0586
58 545.6664
59 547.1015
60 584.8715
61 601.4026
62 640.5202
63 628.1708
64 607.118
65 624.909
66 624.4373
67 635.9467
68 668.1503
69 739.688
70 742.6754
71 748.8998
72 766.274
73 819.4648
74 856.572
75 925.1524
76 929.9271
77 984.3108
78 1000.7935
79 995.8963
80 984.5443
81 1038.6688
82 999.9434
83 1001.6409
84 1024.4034
85 1086.16
86 1113.4003
87 1069.6589
88 1089.235
89 1154.5679
