-90 671.007
-89 686.1712
-88 714.3195
-87 723.4971
-86 726.6069
-85 730.8984
-84 722.6382
-83 750.904
-82 711.9357
-81 683.5923
-80 719.8644
-79 686.7365
-78 661.7777
-77 718.9879
-76 696.6674
-75 661.2946
-74 679.6305
-73 682.1763
-72 666.2455
-71 644.7466
-70 599.2928
-69 595.9188
-68 597.9061
-67 576.009
-66 553.3466
-65 521.6591
-64 514.619
-63 495.1227
-62 487.9253
-61 471.5796
-60 485.7293
-59 484.5062
-58 475.3439
-57 469.8395
-56 468.7823
-55 446.7219
-54 419.236
-53 390.7988
-52 408.6196
-51 362.9074
-50 347.6378
-49 346.1921
-48 343.7973
-47 346.5251
-46 310.7621
-45 283.0814
-44 278.9301
-43 277.6308
-42 282.9292
-41 247.1011
-40 234.989
-39 229.0222
-38 227.9545
-37 220.4106
-36 217.8261
-35 253.6774
-34 233.907
-33 225.2631
-32 256.4532
-31 244.6736
-30 248.9295
-29 257.674
-28 229.8474
-27 245.0421
-26 259.7208
-25 267.4262
-24 271.3972
-23 272.1851
-22 323.8536
-21 344.2198
-20 342.2235
-19 330.8405
-18 347.6199
-17 368.199
-16 346.3152
-15 351.1302
-14 360.8055
-13 346.6967
-12 332.2045
-11 353.0395
-10 342.6795
-9 347.1007
-8 351.2009
-7 305.3209
-6 284.1128
-5 275.7982
-4 251.896
-3 243.0185
-2 235.2295
-1 225.5925
0 207.54
1 191.5055
2 180.4865
3 191.3959
4 206.7865
5 206.756
6 215.5754
7 209.1579
8 240.5638
9 215.2205
10 221.9826
11 224.5692
12 210.2066
13 213.7585
14 217.3097
15 226.5758
16 206.0673
17 199.0771
18 208.9769
19 210.224
20 207.6376
21 215.101
22 189.6244
23 199.5498
24 198.2008
25 191.4701
26 180.4414
27 172.9488
28 165.7403
29 148.5412
30 182.1765
31 190.3729
32 168.4467
33 174.3983
34 170.8853
35 167.5619
36 155.8389
37 161.8496
38 164.5971
39 173.3739
40 177.3863
41 186.0324
42 189.1724
43 223.806
44 225.671
45 233.032
46 239.0492
47 257.3922
48 253.6565
49 263.3119
50 269.8373
51 290.6165
52 343.9607
53 362.0163
54 358.5053
55 366.2571
56 410.5464
57 433.5744
58 408.4244
59 417.3665
60 443.5928
61 427.6175
62 448.2958
63 477.36
64 468.8595
65 487.8907
66 475.823
67 436.002
68 471.2396
69 435.2709
70 444.7021
71 446.6958
72 481.2359
73 496.4765
74 509.0821
75 521.1039
76 551.3005
77 582.9393
78 566.7654
79 550.1295
80 556.9799
81 575.428
82 601.657
83 614.3044
84 654.6585
85 665.3358
86 643.3217
87 653.6909
88 661.0919
89 679.5281
