-90 708.1273
-89 707.0966
-88 679.8539
-87 668.9573
-86 682.881
-85 699.8236
-84 684.8626
-83 669.8662
-82 705.364
-81 722.5474
-80 663.3823
-79 653.019
-78 656.2072
-77 655.5046
-76 668.8538
-75 644.9084
-74 657.2985
-73 641.4713
-72 622.0259
-71 639.5358
-70 604.119
-69 545.2885
-68 559.6793
-67 509.7268
-66 528.5918
-65 539.2271
-64 521.4622
-63 517.7592
-62 519.8219
-61 484.9777
-60 495.1735
-59 521.826
-58 473.2783
-57 476.2614
-56 453.8569
-55 435.4855
-54 404.9936
-53 404.7144
-52 365.0787
-51 401.0642
-50 401.5226
-49 376.9485
-48 349.2834
-47 350.401
-46 318.2651
-45 313.0799
-44 309.0324
-43 289.4613
-42 280.0501
-41 292.885
-40 260.2507
-39 245.1109
-38 239.2665
-37 254.2503
-36 263.5515
-35 253.4789
-34 265.0617
-33 262.0298
-32 248.1605
-31 233.0612
-30 252.2326
-29 242.82
-28 258.9816
-27 266.6515
-26 271.3116
-25 231.6765
-24 237.6087
-23 263.8955
-22 229.0608
-21 203.841
-20 201.4869
-19 228.1218
-18 216.9466
-17 221.333
-16 232.601
-15 215.1232
-14 189.4836
-13 189.9617
-12 202.4872
-11 192.4639
-10 206.2935
-9 210.0346
-8 189.3969
-7 187.3849
-6 195.8427
-5 199.2166
-4 201.8109
-3 219.1694
-2 191.3685
-1 183.2895
0 178.5496
1 174.96
2 161.2104
3 166.987
4 156.8206
5 137.4213
6 164.4335
7 165.8692
8 163.6498
9 159.1236
10 156.3687
11 165.8518
12 162.0444
13 159.4449
14 149.1801
15 164.0773
16 178.9362
17 193.566
18 176.3168
19 194.7889
20 157.9741
21 169.2201
22 163.0484
23 168.481
24 175.405
25 158.8498
26 148.9588
27 163.0206
28 157.632
29 154.8139
30 149.7079
31 135.2302
32 144.8824
33 157.6115
34 151.3769
35 157.3038
36 170.5314
37 179.297
38 170.4483
39 168.8955
40 181.9346
41 187.4538
42 197.6769
43 223.4445
44 210.0928
45 225.2541
46 229.0447
47 245.2219
48 234.5343
49 235.59
50 237.7184
51 238.2312
52 267.6231
53 272.5807
54 283.4388
55 329.9414
56 319.038
57 323.2044
58 367.7725
59 385.2473
60 403.7343
61 419.4663
62 446.3807
63 483.1412
64 497.99
65 497.0069
66 509.3571
67 498.9061
68 476.5102
69 510.8247
70 577.3304
71 594.5978
72 593.2784
73 663.2657
74 650.5895
75 620.2039
76 651.6473
77 632.2343
78 666.2065
79 635.1774
80 638.078
81 648.5779
82 695.4159
83 730.6218
84 721.1357
85 726.613
86 764.5145
87 695.2971
88 661.7858
89 663.9214
