-90 1210.2239
-89 1236.361
-88 1251.9969
-87 1212.8069
-86 1170.8527
-85 1153.0126
-84 1109.2426
-83 1127.9756
-82 1146.4854
-81 1093.8066
-80 1045.2903
-79 1054.853
-78 1064.9384
-77 1061.8784
-76 1037.7838
-75 1009.3605
-74 983.351
-73 922.2992
-72 937.9576
-71 888.3101
-70 889.0402
-69 855.7609
-68 837.5483
-67 763.2684
-66 702.5336
-65 732.2499
-64 732.3755
-63 687.1744
-62 694.3493
-61 684.2083
-60 680.0546
-59 674.802
-58 633.3961
-57 644.3292
-56 633.1901
-55 627.412
-54 613.6901
-53 620.8046
-52 636.6095
-51 650.856
-50 590.3947
-49 590.7847
-48 600.5915
-47 567.2318
-46 581.4772
-45 596.09
-44 580.4235
-43 575.4268
-42 572.1636
-41 573.7567
-40 559.5805
-39 595.1461
-38 585.2565
-37 614.951
-36 625.2662
-35 605.1072
-34 617.4664
-33 634.0453
-32 629.4097
-31 583.6144
-30 618.3492
-29 629.8773
-28 602.9347
-27 591.5438
-26 586.0177
-25 572.5629
-24 520.8936
-23 506.239
-22 517.2359
-21 515.6578
-20 515.7817
-19 483.5763
-18 469.2122
-17 487.2435
-16 509.8147
-15 555.0538
-14 542.4317
-13 528.7466
-12 527.774
-11 520.4165
-10 528.1458
-9 480.0956
-8 512.5915
-7 522.3357
-6 543.6113
-5 558.1053
-4 517.2409
-3 510.9663
-2 527.1716
-1 521.0639
0 550.8589
1 529.3826
2 537.2666
3 523.1658
4 510.2831
5 535.6467
6 562.6269
7 517.9232
8 524.574
9 549.7756
10 537.183
11 555.8745
12 563.9397
13 551.2343
14 567.1627
15 645.4736
16 617.6069
17 530.3315
18 535.3636
19 555.2189
20 556.4606
21 534.5294
22 513.9822
23 509.6049
24 521.3136
25 472.8525
26 511.3605
27 515.1922
28 496.0046
29 480.2618
30 483.8177
31 470.7597
32 490.0923
33 492.2362
34 471.9103
35 494.5012
36 520.6771
37 495.9681
38 513.124
39 506.1642
40 503.8371
41 515.5019
42 518.5042
43 507.4551
44 538.03
45 539.8475
46 519.09
47 534.8841
48 543.6085
49 518.9048
50 534.619
51 554.8077
52 575.952
53 590.2802
54 623.7403
55 656.5744
56 620.1664
57 638.3977
58 690.6048
59 733.9434
60 745.5516
61 747.1464
62 760.7625
63 768.8038
64 777.1758
65 791.4229
66 898.8004
67 911.6655
68 936.8425
69 987.5651
70 972.9902
71 971.7825
72 983.8265
73 1072.0044
74 1117.151
75 1148.4893
76 1195.3938
77 1212.4792
78 1184.0154
79 1176.3167
80 1172.5164
81 1185.6298
82 1224.0776
83 1295.1282
84 1331.6873
85 1226.438
86 1206.2001
87 1284.1854
88 1265.1989
89 1241.3307
