-90 487.2258
-89 461.2783
-88 483.5126
-87 467.6343
-86 466.0199
-85 480.0004
-84 513.6145
-83 521.3916
-82 510.038
-81 558.0753
-80 522.6982
-79 557.4786
-78 543.2323
-77 538.4437
-76 538.223
-75 490.3939
-74 492.9137
-73 495.1523
-72 488.228
-71 463.876
-70 450.7721
-69 459.2303
-68 473.6819
-67 489.8122
-66 503.4786
-65 488.9597
-64 460.7685
-63 473.487
-62 539.8073
-61 536.7936
-60 551.1685
-59 559.744
-58 550.5402
-57 539.5693
-56 533.889
-55 528.4042
-54 522.1888
-53 479.5392
-52 460.5904
-51 455.1923
-50 436.8548
-49 441.6986
-48 458.9228
-47 482.9501
-46 469.1832
-45 483.7025
-44 473.921
-43 434.6397
-42 443.3016
-41 467.0663
-40 439.0444
-39 422.5931
-38 428.1831
-37 439.6328
-36 418.6577
-35 401.3169
-34 349.4109
-33 342.4712
-32 297.7123
-31 293.0759
-30 303.5077
-29 303.1689
-28 274.0094
-27 278.6057
-26 283.8644
-25 288.1994
-24 261.6567
-23 255.383
-22 240.065
-21 236.2288
-20 237.3068
-19 220.4649
-18 223.512
-17 218.7715
-16 199.9219
-15 208.6005
-14 193.7139
-13 189.0036
-12 191.4428
-11 182.9938
-10 194.8378
-9 220.4431
-8 214.1311
-7 232.0971
-6 212.5786
-5 210.2333
-4 229.0814
-3 241.6432
-2 237.009
-1 187.5705
0 191.1853
1 175.6816
2 181.2738
3 145.2622
4 146.2695
5 135.7523
6 133.1435
7 139.5074
8 140.2416
9 130.4012
10 126.0372
11 155.9326
12 152.7722
13 153.4265
14 175.8188
15 176.2285
16 178.3507
17 181.705
18 185.955
19 168.7694
20 181.711
21 184.7717
22 164.8952
23 174.0566
24 178.033
25 215.0488
26 212.8045
27 208.0102
28 212.6557
29 227.9027
30 235.5982
31 236.2956
32 234.3723
33 226.9355
34 205.6658
35 199.8657
36 201.3267
37 206.1718
38 193.7718
39 195.8187
40 223.4901
41 196.6432
42 185.6091
43 187.1026
44 182.3207
45 178.2181
46 192.1458
47 168.9261
48 165.27
49 168.5882
50 156.9221
51 169.7897
52 161.8596
53 172.448
54 183.1326
55 183.6823
56 180.8836
57 212.0008
58 200.4403
59 186.2918
60 208.5653
61 219.7831
62 215.2852
63 240.3371
64 227.7322
65 248.8638
66 259.1897
67 276.2611
68 276.8655
69 330.5785
70 354.8012
71 347.1854
72 354.694
73 380.4274
74 442.0782
75 417.9901
76 432.5684
77 468.8187
78 454.9065
79 458.0468
80 440.5679
81 443.3431
82 463.9939
83 486.8492
84 482.8897
85 438.8777
86 414.6051
87 418.2229
88 460.0907
89 484.4582
