-90 393.7389
-89 417.7447
-88 401.382
-87 417.9297
-86 406.9753
-85 419.4426
-84 425.0277
-83 434.2754
-82 431.567
-81 462.4366
-80 482.5857
-79 486.4349
-78 509.5414
-77 522.0673
-76 589.8572
-75 565.1938
-74 583.8933
-73 540.915
-72 589.1443
-71 633.4865
-70 640.0148
-69 645.8875
-68 618.848
-67 671.7061
-66 669.1273
-65 669.9668
-64 700.5217
-63 703.598
-62 692.2709
-61 692.2776
-60 694.7122
-59 691.3898
-58 678.8125
-57 668.5996
-56 685.756
-55 715.1384
-54 682.3322
-53 658.1347
-52 658.3343
-51 642.8206
-50 620.0533
-49 651.0952
-48 667.6456
-47 699.4418
-46 691.8824
-45 683.7576
-44 701.5005
-43 709.7675
-42 715.3141
-41 755.1357
-40 739.8681
-39 726.2835
-38 742.318
-37 723.7221
-36 696.0349
-35 682.2432
-34 710.5541
-33 742.9696
-32 714.7184
-31 724.3002
-30 745.3003
-29 744.7413
-28 740.4272
-27 737.1961
-26 671.8088
-25 650.8356
-24 654.9385
-23 594.4214
-22 618.3147
-21 549.8196
-20 557.4266
-19 559.2201
-18 557.8134
-17 555.0638
-16 542.6264
-15 522.8563
-14 501.8824
-13 502.8741
-12 450.5903
-11 470.6567
-10 440.139
-9 449.2861
-8 476.5778
-7 497.4956
-6 495.6155
-5 479.173
-4 453.5141
-3 482.9469
-2 468.1639
-1 445.8904
0 462.4597
1 495.0174
2 522.4353
3 499.8807
4 524.3363
5 555.812
6 529.451
7 535.0374
8 557.5502
9 578.7589
10 640.0526
11 687.8396
12 662.1013
13 761.4307
14 782.1999
15 835.5293
16 874.8721
17 902.7543
18 895.0253
19 892.5998
20 934.0244
21 889.9797
22 879.1301
23 864.6141
24 842.5935
25 811.9141
26 769.1942
27 765.43
28 722.227
29 747.3727
30 701.5492
31 689.5212
32 668.4044
33 650.0133
34 603.9962
35 603.002
36 632.0255
37 576.3049
38 573.3549
39 558.06
40 516.7581
41 533.7551
42 527.7657
43 520.7253
44 495.2375
45 509.868
46 494.2179
47 484.7708
48 460.5913
49 488.9306
50 471.225
51 469.1786
52 423.8094
53 448.5229
54 458.9838
55 420.1952
56 426.4977
57 426.4115
58 468.7362
59 454.739
60 440.9734
61 397.816
62 408.6118
63 391.1962
64 348.9961
65 338.1362
66 372.7956
67 370.6906
68 354.1205
69 351.6004
70 358.9782
71 349.2105
72 344.3649
73 362.4134
74 373.5096
75 426.6961
76 377.7604
77 351.687
78 364.821
79 353.1287
80 392.556
81 374.2441
82 349.7539
83 386.8906
84 387.0127
85 384.5461
86 394.5354
87 377.9699
88 371.6221
89 379.4044
