-90 665.379
-89 691.4909
-88 729.376
-87 714.636
-86 762.2247
-85 750.5173
-84 752.35
-83 774.8436
-82 833.3017
-81 857.3818
-80 922.5073
-79 876.569
-78 868.313
-77 881.8149
-76 883.9514
-75 898.5945
-74 905.9954
-73 906.9816
-72 893.6694
-71 866.9073
-70 839.5713
-69 817.8073
-68 825.4865
-67 874.6992
-66 899.733
-65 917.0772
-64 898.6921
-63 866.6435
-62 861.6436
-61 888.489
-60 820.2147
-59 788.6796
-58 736.9062
-57 660.8737
-56 636.5103
-55 652.0115
-54 648.6942
-53 639.2131
-52 619.6951
-51 584.4769
-50 595.4596
-49 536.5271
-48 498.2108
-47 472.0274
-46 435.754
-45 386.9908
-44 375.5877
-43 326.8508
-42 290.5963
-41 302.7845
-40 247.793
-39 224.1206
-38 219.2606
-37 227.3163
-36 218.0837
-35 196.4341
-34 190.241
-33 177.3915
-32 195.5809
-31 177.7853
-30 179.2439
-29 167.268
-28 170.3083
-27 156.0559
-26 130.2135
-25 134.7921
-24 114.0049
-23 125.8621
-22 130.5188
-21 130.4209
-20 111.8009
-19 105.0108
-18 95.0832
-17 86.1447
-16 110.6769
-15 103.3938
-14 109.7355
-13 99.8466
-12 109.9128
-11 111.906
-10 97.8346
-9 104.0247
-8 103.7076
-7 98.2635
-6 97.8652
-5 98.7917
-4 109.211
-3 83.9976
-2 91.2711
-1 94.496
0 92.7712
1 90.6531
2 91.2964
3 108.2735
4 91.5219
5 81.9343
6 83.7765
7 88.4997
8 94.8071
9 109.3773
10 106.9441
11 103.1139
12 107.0165
13 99.2667
14 96.8203
15 107.879
16 107.9211
17 117.2785
18 130.7407
19 134.816
20 138.4769
21 132.6273
22 157.0408
23 167.4667
24 167.5023
25 182.8569
26 182.2616
27 177.8893
28 213.0151
29 223.2533
30 228.5705
31 234.0264
32 234.2799
33 243.4964
34 253.5019
35 278.6722
36 280.9773
37 298.8379
38 311.4431
39 316.1097
40 311.5933
41 342.1562
42 351.64
43 354.0096
44 352.5894
45 339.2383
46 392.3222
47 340.4849
48 339.3256
49 383.9056
50 405.6387
51 412.1208
52 392.5374
53 413.3429
54 422.7473
55 432.079
56 423.8937
57 428.7913
58 399.1574
59 436.069
60 450.8663
61 452.2252
62 439.891
63 475.4626
64 502.1745
65 550.3609
66 578.5552
67 566.08
68 526.52
69 517.7442
70 521.3643
71 558.3503
72 559.924
73 617.7059
74 614.0041
75 624.1521
76 611.3028
77 639.5875
78 613.9638
79 601.5253
80 622.344
81 620.7701
82 618.3941
83 674.6547
84 668.7366
85 666.5947
86 668.3112
87 656.8639
88 684.2899
89 677.1676
