-90 736.9512
-89 747.2027
-88 729.713
-87 732.4202
-86 712.3866
-85 744.1195
-84 709.9378
-83 688.4804
-82 670.5969
-81 662.3137
-80 672.2673
-79 709.1045
-78 707.5327
-77 664.9915
-76 604.2543
-75 565.0743
-74 537.0831
-73 520.4823
-72 488.7672
-71 515.8469
-70 522.316
-69 486.7705
-68 484.9288
-67 497.7509
-66 487.0766
-65 472.2801
-64 449.1171
-63 427.2408
-62 421.3043
-61 419.4205
-60 398.3956
-59 384.0925
-58 386.1408
-57 361.5471
-56 348.8756
-55 338.6383
-54 319.6761
-53 316.0271
-52 288.8453
-51 263.0319
-50 242.0531
-49 212.2197
-48 208.4654
-47 194.1434
-46 187.9178
-45 181.1995
-44 173.4019
-43 177.4772
-42 172.3119
-41 155.3561
-40 153.4156
-39 137.6221
-38 113.4781
-37 118.8003
-36 102.5725
-35 103.1173
-34 97.6269
-33 85.9719
-32 93.8216
-31 75.0688
-30 82.5108
-29 96.1402
-28 89.1244
-27 83.1845
-26 91.3609
-25 100.6316
-24 103.4857
-23 106.1259
-22 96.3095
-21 89.5582
-20 84.4545
-19 92.3671
-18 110.8258
-17 89.2963
-16 76.8557
-15 84.8139
-14 83.1715
-13 84.8352
-12 81.3897
-11 89.5614
-10 90.5955
-9 90.4177
-8 90.2668
-7 86.5069
-6 103.0214
-5 105.0833
-4 101.4414
-3 115.671
-2 110.1912
-1 135.1291
0 131.8353
1 127.7536
2 136.7871
3 137.2269
4 125.8722
5 119.8716
6 110.7696
7 110.4389
8 124.1679
9 131.4548
10 149.8237
11 133.3829
12 151.4585
13 147.6004
14 165.1533
15 181.6215
16 176.3331
17 190.1433
18 194.7365
19 199.2621
20 217.4412
21 197.5021
22 214.5864
23 221.2835
24 238.5894
25 216.61
26 206.6582
27 218.9267
28 206.6695
29 223.0467
30 260.6647
31 252.9716
32 290.2521
33 288.6883
34 249.3198
35 243.5872
36 263.1591
37 256.3341
38 261.708
39 278.6936
40 332.4128
41 337.6063
42 358.6175
43 377.2133
44 393.8321
45 414.7431
46 459.4278
47 484.6789
48 463.0021
49 468.5918
50 486.6837
51 519.3953
52 531.4829
53 620.8056
54 614.0063
55 597.8546
56 614.6262
57 623.5131
58 624.572
59 626.1973
60 628.6771
61 605.3967
62 625.6466
63 640.7937
64 678.3312
65 693.8839
66 703.3756
67 714.0425
68 724.8211
69 751.9974
70 779.1677
71 768.1349
72 717.0276
73 748.2243
74 719.3557
75 674.3658
76 643.0004
77 637.0345
78 647.2522
79 700.157
80 704.1183
81 694.8956
82 707.3084
83 730.0613
84 772.1738
85 796.5569
86 765.3913
87 748.8191
88 742.0994
89 735.2265
