-90 695.2631
-89 700.3645
-88 690.7878
-87 731.7156
-86 679.3815
-85 623.3497
-84 635.866
-83 700.8151
-82 679.7479
-81 744.8341
-80 698.6892
-79 704.923
-78 722.3538
-77 694.1411
-76 630.8073
-75 672.2231
-74 675.9512
-73 631.8467
-72 611.2712
-71 580.6488
-70 558.2985
-69 544.2961
-68 553.8117
-67 551.1318
-66 578.5295
-65 545.4359
-64 551.9421
-63 497.7298
-62 452.5789
-61 452.7596
-60 462.2099
-59 468.011
-58 429.2714
-57 372.2743
-56 389.4346
-55 376.5135
-54 324.4045
-53 319.0839
-52 318.2341
-51 278.8133
-50 230.292
-49 232.7396
-48 202.1262
-47 182.7663
-46 178.7332
-45 173.22
-44 178.8934
-43 173.6351
-42 156.1261
-41 155.0324
-40 128.4718
-39 131.0081
-38 123.1295
-37 107.884
-36 116.2092
-35 131.1172
-34 141.587
-33 137.6347
-32 106.9676
-31 85.6909
-30 76.8814
-29 72.2249
-28 85.235
-27 85.3989
-26 98.2794
-25 94.213
-24 105.2328
-23 90.6977
-22 73.5358
-21 82.0452
-20 76.0405
-19 75.21
-18 76.8257
-17 73.6803
-16 70.2222
-15 81.5143
-14 78.1948
-13 80.1058
-12 96.3815
-11 91.1252
-10 76.7652
-9 82.8607
-8 77.4164
-7 74.7224
-6 77.8474
-5 63.9527
-4 71.4745
-3 79.2704
-2 65.9389
-1 60.631
0 64.9293
1 70.0819
2 81.4799
3 82.125
4 85.6211
5 62.5092
6 70.8455
7 73.4017
8 68.9259
9 78.4688
10 72.5523
11 93.0834
12 84.9892
13 75.4197
14 72.5243
15 82.9325
16 78.8892
17 92.6862
18 88.7401
19 102.6759
20 118.8862
21 112.9352
22 141.9373
23 140.3697
24 144.3055
25 157.0902
26 185.6786
27 206.2932
28 235.3037
29 238.4279
30 243.2753
31 282.0309
32 293.3724
33 280.5545
34 302.9443
35 329.5405
36 337.8539
37 357.4206
38 383.1037
39 422.0554
40 403.3458
41 416.1286
42 390.7275
43 388.7199
44 389.838
45 417.6023
46 465.8572
47 500.2396
48 511.0034
49 532.1
50 549.1779
51 581.2951
52 599.1396
53 608.9338
54 671.8185
55 669.9232
56 705.8184
57 716.0484
58 690.4732
59 739.0804
60 752.1923
61 786.6852
62 832.4496
63 829.4188
64 835.7423
65 769.0644
66 783.0905
67 798.3248
68 766.67
69 761.4717
70 768.4249
71 788.2356
72 785.259
73 731.1501
74 735.9019
75 743.9636
76 749.3891
77 726.3088
78 735.9159
79 768.0996
80 776.4414
81 782.708
82 741.9362
83 758.5539
84 775.3966
85 781.85
86 781.6642
87 772.0905
88 716.377
89 713.1494
