-90 1104.9473
-89 1130.536
-88 1174.9897
-87 1180.8606
-86 1152.5558
-85 1105.8976
-84 1137.665
-83 1058.5299
-82 1070.0604
-81 1065.2415
-80 1014.9454
-79 1020.7461
-78 980.5404
-77 957.9901
-76 998.1459
-75 997.1708
-74 923.8143
-73 925.1462
-72 887.3178
-71 861.4494
-70 816.7107
-69 788.2842
-68 770.693
-67 688.1149
-66 601.2634
-65 560.502
-64 564.5641
-63 537.4178
-62 477.153
-61 454.485
-60 456.5909
-59 395.7034
-58 368.596
-57 363.2651
-56 341.1235
-55 333.9831
-54 315.7057
-53 303.7717
-52 308.2676
-51 268.8533
-50 250.8484
-49 212.8253
-48 203.3298
-47 203.7786
-46 193.5665
-45 185.0805
-44 170.1794
-43 157.3126
-42 137.978
-41 140.2254
-40 125.5669
-39 113.4205
-38 105.2566
-37 116.6087
-36 94.7613
-35 96.276
-34 90.5437
-33 90.343
-32 98.8559
-31 87.8323
-30 94.2467
-29 98.4455
-28 80.6386
-27 74.5322
-26 77.8837
-25 73.5145
-24 77.839
-23 79.3449
-22 71.9733
-21 80.6354
-20 65.8917
-19 73.1053
-18 69.2874
-17 66.7014
-16 50.1587
-15 58.6911
-14 54.2379
-13 63.1874
-12 58.8475
-11 54.1714
-10 50.7527
-9 57.2767
-8 62.272
-7 78.8283
-6 76.2283
-5 66.8243
-4 80.7273
-3 95.7766
-2 100.0099
-1 92.744
0 87.9931
1 91.9534
2 81.4768
3 94.5715
4 107.8475
5 105.5615
6 112.7384
7 120.1439
8 110.418
9 117.2721
10 112.2457
11 111.612
12 115.8764
13 124.9475
14 131.2361
15 127.625
16 128.6789
17 129.7434
18 149.8482
19 147.7957
20 155.014
21 167.4584
22 183.6823
23 193.1631
24 215.11
25 215.2839
26 223.4065
27 238.847
28 247.0434
29 276.6501
30 308.9102
31 304.743
32 301.5052
33 315.7332
34 345.3611
35 381.9603
36 372.9279
37 376.826
38 366.3427
39 402.323
40 456.6304
41 456.1399
42 464.1512
43 447.5473
44 452.2631
45 528.0176
46 544.0927
47 554.4791
48 578.6761
49 618.5242
50 682.7704
51 674.9729
52 682.9561
53 682.0007
54 672.0098
55 721.7993
56 717.7962
57 797.5357
58 806.1091
59 827.0026
60 810.8715
61 828.2485
62 860.8192
63 942.309
64 963.3152
65 993.2546
66 1059.6095
67 1046.7908
68 1040.1141
69 1013.3892
70 990.5042
71 955.5303
72 908.4043
73 927.9289
74 944.5736
75 960.3192
76 995.73
77 993.9003
78 1005.7213
79 965.3106
80 996.8571
81 1055.686
82 1008.9006
83 1009.9496
84 1075.1581
85 1109.3988
86 1082.4498
87 1106.6409
88 1118.5568
89 1113.559
