-90 3326.2693
-89 3503.1038
-88 3601.9595
-87 3628.0808
-86 3545.2217
-85 3685.783
-84 3581.8979
-83 3489.5996
-82 3505.6938
-81 3332.197
-80 3184.6741
-79 3149.9873
-78 2995.7751
-77 2850.3682
-76 2649.5669
-75 2460.0229
-74 2303.7446
-73 2069.7778
-72 1910.728
-71 1788.3263
-70 1601.6433
-69 1429.1344
-68 1375.0673
-67 1296.7335
-66 1155.4825
-65 1079.9128
-64 972.3193
-63 860.1226
-62 794.7288
-61 682.485
-60 630.3596
-59 599.8488
-58 566.6818
-57 510.3387
-56 437.776
-55 382.8181
-54 376.8229
-53 356.415
-52 362.7769
-51 322.4287
-50 347.466
-49 293.2475
-48 237.853
-47 213.6975
-46 220.5594
-45 202.1055
-44 191.2187
-43 169.4095
-42 126.3844
-41 128.4141
-40 131.2334
-39 134.4836
-38 127.8584
-37 128.4414
-36 143.1241
-35 148.6919
-34 150.166
-33 133.8932
-32 123.2796
-31 122.2349
-30 102.6497
-29 104.8219
-28 91.6421
-27 102.2039
-26 104.6
-25 87.3422
-24 83.8552
-23 83.9953
-22 72.7842
-21 82.6133
-20 89.534
-19 83.6598
-18 77.7131
-17 73.7563
-16 88.5634
-15 81.7372
-14 87.1816
-13 76.697
-12 72.3741
-11 82.0049
-10 73.2618
-9 78.6821
-8 85.4389
-7 73.2765
-6 72.3712
-5 84.4505
-4 78.3196
-3 78.0275
-2 77.9679
-1 90.7989
0 91.2441
1 88.2435
2 92.6961
3 84.0744
4 79.3344
5 78.4697
6 74.4052
7 81.3569
8 89.8272
9 89.9535
10 63.3917
11 75.6111
12 78.2694
13 84.2645
14 75.0038
15 75.6423
16 74.6581
17 84.0088
18 96.3744
19 88.7863
20 77.5659
21 81.3155
22 95.2105
23 98.8065
24 94.4104
25 94.4909
26 109.1611
27 114.3879
28 115.0893
29 99.4318
30 101.9509
31 90.4544
32 107.4256
33 113.6371
34 102.2867
35 106.7977
36 112.8299
37 119.687
38 121.9251
39 124.8021
40 126.8232
41 143.6402
42 158.241
43 136.6475
44 147.5803
45 155.5766
46 155.628
47 173.5358
48 161.3907
49 195.1881
50 205.77
51 218.2425
52 232.5004
53 236.6103
54 252.7056
55 262.9471
56 257.2146
57 259.8011
58 306.8998
59 337.0014
60 340.5776
61 346.1899
62 365.906
63 422.199
64 451.0276
65 524.0636
66 564.6622
67 624.3032
68 662.9063
69 720.1062
70 816.1304
71 841.7158
72 931.3631
73 974.6462
74 1122.7085
75 1265.8542
76 1360.2185
77 1433.9165
78 1582.5121
79 1706.6366
80 1951.967
81 2138.7507
82 2322.1921
83 2445.6152
84 2583.6448
85 2673.2097
86 2877.0627
87 2947.124
88 3092.5789
89 3303.4463
