-90 2441.2458
-89 2511.7212
-88 2626.0945
-87 2665.6309
-86 2700.3689
-85 2705.6174
-84 2841.9446
-83 2777.0767
-82 2756.4746
-81 2708.8877
-80 2630.2368
-79 2647.6509
-78 2654.8596
-77 2571.6096
-76 2519.1052
-75 2372.5098
-74 2288.5981
-73 2222.208
-72 2146.8591
-71 2110.8281
-70 2001.5592
-69 1916.4868
-68 1819.8391
-67 1628.8615
-66 1579.6626
-65 1494.6106
-64 1387.2942
-63 1267.5933
-62 1195.4413
-61 1111.3937
-60 1072.314
-59 982.0297
-58 919.0967
-57 839.2127
-56 763.1129
-55 764.4935
-54 724.4099
-53 655.49
-52 616.975
-51 566.4169
-50 534.2696
-49 490.4091
-48 470.3577
-47 429.6527
-46 410.0297
-45 372.5577
-44 335.8734
-43 335.4147
-42 334.9746
-41 317.8881
-40 276.3554
-39 259.674
-38 230.3831
-37 228.3257
-36 220.9413
-35 176.8335
-34 195.9858
-33 181.6122
-32 194.8846
-31 195.4191
-30 190.527
-29 169.4875
-28 156.1113
-27 159.8801
-26 146.6777
-25 154.1301
-24 163.3953
-23 179.6589
-22 172.5512
-21 157.8335
-20 153.7236
-19 163.6146
-18 151.0749
-17 154.555
-16 146.8571
-15 142.9282
-14 144.4402
-13 154.7287
-12 126.8551
-11 141.772
-10 174.7655
-9 157.4154
-8 138.8234
-7 130.0865
-6 131.8088
-5 134.6378
-4 142.9364
-3 134.8952
-2 122.0815
-1 120.6179
0 112.8831
1 117.13
2 114.8513
3 120.2883
4 120.0376
5 115.8176
6 108.7533
7 124.1836
8 121.5822
9 125.8192
10 120.6107
11 119.8995
12 123.041
13 124.7655
14 131.4531
15 118.91
16 134.8718
17 115.727
18 107.6931
19 114.7397
20 102.7765
21 122.0017
22 130.896
23 121.8461
24 124.4172
25 114.4562
26 118.5488
27 118.3978
28 114.1051
29 117.751
30 131.2004
31 139.633
32 142.8824
33 135.864
34 157.7815
35 178.7073
36 189.6349
37 177.4865
38 176.0181
39 189.9181
40 195.7869
41 211.0567
42 230.945
43 215.656
44 209.8651
45 202.8218
46 214.0912
47 233.4914
48 249.6484
49 245.7477
50 273.694
51 295.6075
52 314.9173
53 341.4889
54 356.3278
55 365.9943
56 397.1124
57 432.5043
58 471.5663
59 503.6027
60 534.7781
61 558.4005
62 574.6441
63 616.171
64 667.0049
65 618.9564
66 646.2244
67 686.1276
68 714.7758
69 769.549
70 818.0413
71 844.7747
72 945.5093
73 994.8243
74 1095.7792
75 1137.7115
76 1244.1885
77 1277.1603
78 1406.9535
79 1424.8821
80 1562.3262
81 1583.9779
82 1628.2546
83 1737.5673
84 1905.249
85 2043.0151
86 2123.438
87 2157.1489
88 2280.845
89 2417.2764
