-90 1332.079
-89 1411.5695
-88 1589.7224
-87 1724.5175
-86 1800.5541
-85 1813.0133
-84 1888.0625
-83 1957.7394
-82 2010.5953
-81 2017.0508
-80 2110.6096
-79 2201.6687
-78 2233.7263
-77 2312.3357
-76 2378.2048
-75 2321.8247
-74 2402.74
-73 2373.3999
-72 2407.3176
-71 2247.0625
-70 2137.2529
-69 2064.48
-68 2057.675
-67 1938.9553
-66 1922.6201
-65 1903.6938
-64 1788.0134
-63 1668.2914
-62 1560.3861
-61 1490.632
-60 1443.7469
-59 1400.5929
-58 1308.9961
-57 1211.9102
-56 1143.1785
-55 1162.7228
-54 1024.9138
-53 930.5283
-52 871.9707
-51 841.0928
-50 759.3196
-49 743.7309
-48 689.651
-47 630.0921
-46 612.3165
-45 578.1857
-44 549.017
-43 528.7418
-42 531.215
-41 542.9734
-40 486.8386
-39 460.9309
-38 405.7446
-37 368.7481
-36 345.3358
-35 302.0088
-34 289.7253
-33 298.4011
-32 295.2827
-31 278.2461
-30 261.2007
-29 245.254
-28 268.7859
-27 226.4411
-26 214.7267
-25 203.9512
-24 191.0395
-23 170.5984
-22 160.2845
-21 159.0414
-20 146.8675
-19 128.5332
-18 131.2682
-17 138.9138
-16 149.6078
-15 159.3577
-14 146.3363
-13 140.0645
-12 132.9958
-11 120.9875
-10 116.9022
-9 107.7771
-8 97.1075
-7 107.7744
-6 92.7963
-5 79.8147
-4 84.864
-3 86.622
-2 75.6929
-1 90.6679
0 81.9237
1 84.9883
2 85.0497
3 77.1376
4 59.5294
5 65.8099
6 77.6909
7 66.6671
8 69.4724
9 70.1019
10 61.53
11 60.8088
12 51.5815
13 54.7744
14 47.0482
15 48.2413
16 53.2835
17 60.7482
18 61.2081
19 58.9712
20 71.6307
21 79.5718
22 70.4833
23 80.4695
24 74.8425
25 76.5426
26 73.2662
27 75.2776
28 67.413
29 74.4202
30 83.2752
31 82.6974
32 79.8484
33 73.5599
34 74.4862
35 68.3921
36 59.2784
37 67.7117
38 82.3756
39 70.93
40 73.4644
41 73.542
42 79.5292
43 73.0857
44 100.1557
45 104.9307
46 100.4583
47 91.1759
48 105.0435
49 105.1882
50 106.9992
51 100.9758
52 117.5031
53 119.7162
54 129.5359
55 147.0161
56 161.8852
57 182.9863
58 182.7729
59 199.3183
60 193.2389
61 188.1299
62 193.2208
63 199.5785
64 198.0521
65 212.9217
66 227.0641
67 256.4013
68 251.3573
69 267.1641
70 303.0745
71 336.6271
72 379.4115
73 416.6493
74 443.8033
75 466.7623
76 527.5631
77 579.8854
78 604.6957
79 698.7924
80 730.7924
81 772.5825
82 815.0914
83 846.7002
84 919.0192
85 944.7606
86 1022.1609
87 1146.0087
88 1191.2264
89 1231.1863
