-90 3624.4375
-89 3840.0457
-88 4035.3062
-87 4051.7915
-86 3927.7249
-85 3960.8103
-84 3902.6055
-83 3804.2568
-82 3700.8948
-81 3601.9297
-80 3502.241
-79 3232.9744
-78 3114.2358
-77 3036.8208
-76 2934.79
-75 2779.0618
-74 2684.1301
-73 2551.0977
-72 2418.3948
-71 2336.5603
-70 2206.0994
-69 2101.4036
-68 1934.1807
-67 1858.7273
-66 1669.2329
-65 1540.9271
-64 1371.6454
-63 1228.8545
-62 1172.3301
-61 1085.4899
-60 949.7709
-59 894.602
-58 834.9183
-57 779.3813
-56 733.3795
-55 656.6831
-54 600.4392
-53 515.844
-52 520.3998
-51 501.9727
-50 440.7324
-49 413.8222
-48 400.3903
-47 368.1957
-46 350.4138
-45 314.984
-44 296.9944
-43 291.4924
-42 283.9227
-41 266.6351
-40 251.8525
-39 205.8271
-38 190.0157
-37 181.9769
-36 182.4559
-35 170.2771
-34 149.2986
-33 157.7648
-32 150.9749
-31 147.0584
-30 139.1975
-29 139.0771
-28 149.9195
-27 142.7197
-26 134.0051
-25 122.6555
-24 103.1376
-23 99.9086
-22 103.496
-21 101.7699
-20 106.3602
-19 105.3709
-18 96.3345
-17 89.1995
-16 98.9666
-15 100.5142
-14 94.5226
-13 98.7909
-12 90.559
-11 101.8102
-10 104.5986
-9 117.8192
-8 104.5665
-7 114.4535
-6 112.7
-5 117.571
-4 119.6218
-3 91.4638
-2 99.1378
-1 84.8374
0 89.4406
1 84.5095
2 82.9302
3 87.1789
4 82.8526
5 81.7348
6 79.5622
7 78.9519
8 91.1919
9 88.7748
10 89.297
11 82.6048
12 85.442
13 68.4064
14 62.1168
15 57.3535
16 62.3539
17 66.2598
18 58.7978
19 59.6739
20 70.1065
21 85.2182
22 83.913
23 82.1385
24 78.4023
25 81.1023
26 91.9393
27 90.0561
28 89.4046
29 69.3037
30 85.5948
31 95.3917
32 82.9021
33 85.3362
34 97.9092
35 92.7914
36 110.6648
37 99.156
38 101.0263
39 99.9835
40 95.5425
41 95.5981
42 100.2916
43 98.0391
44 116.0845
45 116.0507
46 114.0153
47 124.2319
48 138.399
49 167.8758
50 178.0389
51 203.7174
52 192.8665
53 211.4276
54 214.9421
55 210.3224
56 209.8487
57 249.7733
58 252.9763
59 293.7402
60 297.1983
61 355.9632
62 356.2938
63 415.8921
64 448.8499
65 440.5345
66 519.7462
67 559.9495
68 587.1975
69 695.1885
70 818.2092
71 866.3684
72 928.7532
73 994.7263
74 1068.1538
75 1201.6893
76 1336.791
77 1500.8701
78 1592.542
79 1704.1228
80 1824.9791
81 1936.665
82 2070.3987
83 2209.2559
84 2477.8489
85 2652.4272
86 2822.6482
87 3111.6704
88 3317.9966
89 3378.395
