-90 1162.1678
-89 1176.9182
-88 1163.6725
-87 1178.3425
-86 1134.8143
-85 1104.183
-84 1075.1252
-83 1044.7821
-82 1048.0897
-81 992.2334
-80 1008.9675
-79 994.9054
-78 938.6467
-77 883.52
-76 925.7277
-75 925.8738
-74 880.2958
-73 885.3649
-72 836.3328
-71 805.2007
-70 745.6665
-69 706.4778
-68 669.512
-67 672.4893
-66 618.3122
-65 618.2285
-64 575.7856
-63 564.9285
-62 572.7369
-61 532.8191
-60 538.1459
-59 523.9956
-58 492.953
-57 443.3312
-56 430.0833
-55 401.4083
-54 402.7118
-53 377.2968
-52 352.8351
-51 318.7486
-50 314.3611
-49 314.8396
-48 296.2122
-47 289.3882
-46 288.0576
-45 278.7721
-44 240.756
-43 254.2365
-42 256.3253
-41 232.7176
-40 222.3178
-39 203.0216
-38 206.0719
-37 177.0048
-36 166.9516
-35 187.0053
-34 191.745
-33 190.9729
-32 201.5013
-31 213.6153
-30 187.1387
-29 182.7064
-28 181.5146
-27 179.2929
-26 181.1775
-25 188.4077
-24 190.3739
-23 195.1395
-22 160.9387
-21 175.2597
-20 174.6401
-19 183.5714
-18 170.9803
-17 191.1494
-16 191.2568
-15 205.2355
-14 198.6631
-13 204.7254
-12 194.4073
-11 193.2162
-10 190.6966
-9 209.625
-8 213.4444
-7 197.2226
-6 197.1815
-5 228.5237
-4 186.1745
-3 206.4678
-2 199.8409
-1 207.5242
0 197.1965
1 207.0316
2 212.8598
3 214.9224
4 235.5929
5 240.3251
6 226.6194
7 247.6594
8 251.9411
9 263.4736
10 269.8569
11 269.2616
12 278.1576
13 279.065
14 274.8363
15 317.9987
16 343.8099
17 311.8824
18 329.6085
19 366.7793
20 373.0002
21 394.7759
22 429.3874
23 443.8636
24 443.4405
25 456.8982
26 449.6768
27 470.8622
28 490.8348
29 491.1014
30 511.4276
31 510.1849
32 572.314
33 589.0068
34 613.1044
35 607.3638
36 646.6648
37 659.2573
38 691.1254
39 732.4535
40 740.7896
41 770.3168
42 771.4505
43 743.2744
44 770.2642
45 769.9299
46 829.8934
47 891.2736
48 915.8344
49 905.2063
50 950.4693
51 1033.8021
52 1087.1377
53 1086.0165
54 1121.9438
55 1159.4712
56 1203.3505
57 1272.6793
58 1248.7579
59 1283.7343
60 1321.3805
61 1353.1448
62 1400.6792
63 1440.9376
64 1374.9025
65 1396.6522
66 1386.9789
67 1424.2815
68 1409.8094
69 1460.3656
70 1444.5034
71 1407.0857
72 1434.738
73 1471.5354
74 1473.3765
75 1520.3142
76 1572.9525
77 1539.0636
78 1516.5105
79 1466.7758
80 1408.8462
81 1449.0688
82 1409.7958
83 1378.048
84 1347.8439
85 1282.0308
86 1252.9381
87 1197.6982
88 1153.1005
89 1112.1333
