-90 893.378
-89 842.7372
-88 795.9298
-87 808.5992
-86 839.4615
-85 810.558
-84 744.7606
-83 732.3224
-82 683.4766
-81 668.6387
-80 653.8076
-79 648.3108
-78 643.7842
-77 672.4091
-76 650.6534
-75 650.6537
-74 605.2374
-73 586.6729
-72 550.8781
-71 513.472
-70 496.7043
-69 492.2663
-68 468.8007
-67 435.8621
-66 367.0932
-65 359.7082
-64 325.4252
-63 323.4741
-62 278.2445
-61 284.05
-60 286.1626
-59 263.2194
-58 257.3185
-57 215.8957
-56 198.2976
-55 228.8808
-54 214.7797
-53 210.4686
-52 208.0249
-51 183.2118
-50 168.0825
-49 168.5849
-48 157.6432
-47 131.898
-46 115.2674
-45 96.2332
-44 97.9075
-43 97.5563
-42 95.1003
-41 97.2828
-40 95.1935
-39 84.1422
-38 66.7332
-37 71.2005
-36 76.7739
-35 70.5652
-34 58.7019
-33 77.086
-32 72.6376
-31 82.4726
-30 83.0033
-29 90.0214
-28 79.0192
-27 87.3478
-26 76.7914
-25 65.5793
-24 54.7078
-23 63.8968
-22 58.7513
-21 53.533
-20 54.1336
-19 52.3387
-18 51.3951
-17 51.7525
-16 45.8757
-15 44.8688
-14 38.0406
-13 51.5948
-12 43.9626
-11 43.8408
-10 50.271
-9 56.2764
-8 63.0471
-7 74.0773
-6 72.5369
-5 68.7904
-4 65.3049
-3 80.2872
-2 77.7769
-1 69.5062
0 64.9665
1 65.9504
2 79.1331
3 83.3748
4 85.608
5 80.3905
6 83.1115
7 102.2335
8 101.6879
9 112.6129
10 114.5885
11 107.3002
12 107.6684
13 122.3489
14 106.9808
15 115.1722
16 106.2617
17 117.9864
18 113.0998
19 115.4928
20 133.2376
21 134.0379
22 129.0494
23 138.0162
24 154.1324
25 150.9877
26 143.5508
27 150.3431
28 156.2734
29 177.703
30 207.6466
31 230.4671
32 220.3293
33 228.4968
34 226.2742
35 233.6984
36 256.9223
37 286.7222
38 341.6974
39 314.5004
40 309.0871
41 325.5482
42 332.6382
43 326.5105
44 356.6165
45 354.4349
46 394.4505
47 420.1589
48 442.9414
49 466.5383
50 458.8172
51 497.0812
52 534.9208
53 536.151
54 581.8923
55 616.1417
56 589.8348
57 641.2417
58 669.8645
59 682.9405
60 709.8065
61 794.0688
62 828.939
63 821.7263
64 820.0591
65 819.0392
66 826.9399
67 917.1899
68 903.5123
69 889.3467
70 948.4892
71 940.6909
72 999.3505
73 1007.8732
74 1009.0324
75 1021.5322
76 1026.3567
77 1059.1398
78 1086.801
79 1042.0956
80 1032.5298
81 1055.2874
82 1032.2072
83 1061.1659
84 978.7394
85 923.6545
86 937.3231
87 876.9739
88 871.1427
89 862.2885
