-90 720.2263
-89 745.2756
-88 785.4551
-87 727.3467
-86 783.4346
-85 771.6667
-84 767.2913
-83 795.3936
-82 779.1589
-81 769.3851
-80 780.5805
-79 758.4753
-78 770.1952
-77 794.3855
-76 801.3121
-75 797.4296
-74 781.4698
-73 814.7469
-72 833.1732
-71 877.4319
-70 878.757
-69 893.8577
-68 846.1318
-67 821.4584
-66 772.162
-65 741.8394
-64 754.5585
-63 756.7983
-62 783.4147
-61 777.0247
-60 739.3079
-59 739.5971
-58 699.8994
-57 660.8163
-56 678.6422
-55 659.6906
-54 651.2078
-53 621.6034
-52 575.8502
-51 570.0192
-50 520.5447
-49 498.9936
-48 522.1746
-47 484.247
-46 444.62
-45 437.8592
-44 435.0367
-43 424.4978
-42 402.6566
-41 398.0432
-40 389.6859
-39 401.2935
-38 362.8162
-37 333.2799
-36 337.0075
-35 311.4426
-34 290.9486
-33 291.8578
-32 307.8353
-31 286.5637
-30 264.9134
-29 279.2465
-28 258.4831
-27 246.0395
-26 225.6499
-25 232.6703
-24 240.641
-23 203.8722
-22 198.8069
-21 220.3254
-20 231.3383
-19 226.9775
-18 236.7769
-17 199.4108
-16 222.4874
-15 215.8682
-14 201.0495
-13 188.4642
-12 187.7391
-11 163.4174
-10 140.1339
-9 132.7751
-8 132.277
-7 110.1041
-6 116.1925
-5 107.2212
-4 118.2963
-3 118.5558
-2 105.3029
-1 115.5696
0 133.0488
1 116.4679
2 120.6995
3 111.8173
4 113.2516
5 98.1082
6 100.3739
7 96.0582
8 93.4004
9 96.8216
10 99.1394
11 112.4986
12 104.5967
13 102.33
14 116.5368
15 92.7206
16 117.3761
17 113.7419
18 115.3547
19 113.9756
20 126.9635
21 124.1358
22 111.3705
23 111.6056
24 118.8868
25 120.7356
26 131.7529
27 110.5471
28 112.4852
29 115.8696
30 120.8392
31 139.911
32 157.628
33 145.657
34 143.688
35 149.7129
36 155.1285
37 171.0244
38 187.8964
39 185.8296
40 197.0943
41 235.2797
42 252.2447
43 260.7043
44 278.3361
45 287.2811
46 305.2806
47 293.1013
48 312.9842
49 340.4839
50 325.3023
51 328.9879
52 336.525
53 355.8144
54 390.5752
55 379.0033
56 384.9348
57 398.6729
58 410.3615
59 451.9755
60 453.8446
61 471.0871
62 518.033
63 498.3036
64 506.7066
65 525.097
66 530.7046
67 575.5472
68 614.2886
69 580.3672
70 617.3911
71 610.7272
72 650.1805
73 645.4815
74 651.405
75 697.1423
76 666.562
77 668.5321
78 655.4501
79 688.3557
80 685.5315
81 666.5428
82 696.8043
83 697.2609
84 703.963
85 724.4697
86 715.6657
87 740.8265
88 703.711
89 720.9415
