-90 1144.7922
-89 1161.0029
-88 1204.4398
-87 1190.1617
-86 1152.8881
-85 1107.3832
-84 1101.9347
-83 1078.0181
-82 1051.5477
-81 1076.863
-80 1016.6473
-79 1022.1729
-78 1000.4797
-77 868.9406
-76 866.309
-75 844.8967
-74 792.2252
-73 780.4152
-72 805.7702
-71 791.7552
-70 761.9577
-69 730.0775
-68 718.7869
-67 665.359
-66 603.9468
-65 596.9655
-64 556.3029
-63 536.0977
-62 533.5009
-61 483.7506
-60 501.2853
-59 501.8862
-58 481.0269
-57 454.0212
-56 432.7012
-55 430.9981
-54 427.6659
-53 394.1263
-52 412.5161
-51 345.5077
-50 328.8323
-49 333.3225
-48 315.4019
-47 324.2403
-46 310.3187
-45 291.1178
-44 255.8391
-43 240.6634
-42 242.4671
-41 240.2306
-40 249.8063
-39 234.2577
-38 254.9452
-37 263.7656
-36 258.6485
-35 223.8433
-34 223.6781
-33 232.2348
-32 229.4068
-31 210.3364
-30 187.7561
-29 199.6387
-28 193.1052
-27 155.9974
-26 152.9372
-25 152.8987
-24 154.0861
-23 138.8769
-22 164.5599
-21 170.0297
-20 169.3182
-19 167.0701
-18 161.1211
-17 161.5565
-16 159.2981
-15 185.4333
-14 193.6492
-13 166.8726
-12 184.1835
-11 180.0128
-10 158.1614
-9 158.5106
-8 172.0149
-7 170.9736
-6 148.2395
-5 161.1752
-4 167.1384
-3 175.7821
-2 191.745
-1 191.1957
0 196.5611
1 191.6171
2 191.2899
3 196.3275
4 176.2616
5 206.7799
6 203.6948
7 201.8239
8 211.1118
9 210.9659
10 244.8564
11 231.8861
12 216.753
13 245.1026
14 273.6058
15 247.9851
16 259.5527
17 265.3923
18 281.4988
19 284.3061
20 332.5704
21 339.0773
22 364.261
23 385.7082
24 371.8286
25 391.5016
26 413.2315
27 441.813
28 469.861
29 484.104
30 455.8522
31 488.8092
32 510.5214
33 530.5128
34 551.5395
35 557.9636
36 533.311
37 551.7058
38 556.0944
39 566.7299
40 623.4649
41 673.4998
42 680.3337
43 708.3093
44 710.6116
45 737.5897
46 788.0156
47 835.5958
48 832.9337
49 859.1191
50 898.5325
51 988.3011
52 1019.1006
53 1095.3408
54 1135.8832
55 1115.8245
56 1175.869
57 1160.5928
58 1229.934
59 1260.651
60 1257.5929
61 1282.5363
62 1303.9551
63 1330.4818
64 1401.3895
65 1444.228
66 1475.1466
67 1519.2159
68 1475.0592
69 1471.3789
70 1493.5127
71 1409.0044
72 1361.5757
73 1358.5801
74 1408.745
75 1358.4532
76 1304.1185
77 1310.8909
78 1304.0492
79 1296.5776
80 1249.1199
81 1262.8374
82 1198.944
83 1205.7091
84 1237.4147
85 1203.4841
86 1190.7827
87 1151.3204
88 1171.4193
89 1154.8245
