-90 424.5714
-89 402.2754
-88 355.0085
-87 384.7397
-86 369.5678
-85 393.2785
-84 450.688
-83 472.8876
-82 472.5004
-81 513.7488
-80 524.634
-79 529.7167
-78 511.842
-77 563.674
-76 577.4081
-75 601.6857
-74 658.9604
-73 641.9049
-72 664.3171
-71 601.2489
-70 598.4224
-69 558.1209
-68 509.0845
-67 508.8073
-66 507.7574
-65 508.8296
-64 500.5141
-63 490.2556
-62 534.6601
-61 500.2858
-60 540.9543
-59 509.4784
-58 450.9087
-57 443.5822
-56 430.7415
-55 375.7274
-54 387.5078
-53 412.0804
-52 389.5049
-51 375.9256
-50 364.4782
-49 368.6325
-48 335.2425
-47 345.6171
-46 318.8132
-45 272.125
-44 256.4362
-43 216.8844
-42 195.8427
-41 186.8423
-40 185.5318
-39 183.7145
-38 156.2725
-37 172.3887
-36 135.6898
-35 115.0298
-34 98.7636
-33 87.1912
-32 72.0175
-31 83.7387
-30 89.2661
-29 88.5015
-28 71.7098
-27 64.8866
-26 66.6962
-25 53.3469
-24 51.6208
-23 47.2877
-22 38.4958
-21 44.4864
-20 40.7467
-19 37.9906
-18 41.471
-17 41.5148
-16 39.7571
-15 35.2513
-14 30.6142
-13 33.3385
-12 40.3929
-11 43.022
-10 34.3198
-9 39.2157
-8 47.979
-7 44.0761
-6 32.7334
-5 48.102
-4 44.5421
-3 43.6408
-2 45.3058
-1 42.1242
0 42.0454
1 49.9312
2 35.5319
3 37.6496
4 33.3317
5 30.9146
6 34.9071
7 39.3515
8 33.5147
9 33.084
10 32.8729
11 31.7257
12 30.1765
13 29.8125
14 29.1208
15 41.028
16 37.382
17 33.1937
18 31.0169
19 37.8492
20 32.8464
21 36.9916
22 44.6037
23 46.2338
24 45.8498
25 46.5409
26 51.3438
27 56.8113
28 43.8836
29 54.7702
30 48.0622
31 54.9924
32 52.6769
33 49.9842
34 54.6272
35 65.6857
36 81.4257
37 75.0166
38 84.994
39 90.888
40 91.0248
41 87.8559
42 111.9465
43 109.1185
44 123.6156
45 141.9173
46 134.4557
47 156.3308
48 192.7822
49 187.8371
50 211.1057
51 169.0677
52 187.751
53 204.6804
54 222.9977
55 231.2523
56 244.5433
57 263.541
58 296.3807
59 376.9259
60 415.8087
61 447.0453
62 495.6658
63 540.7173
64 559.226
65 540.4402
66 545.3622
67 561.9523
68 570.4344
69 572.7556
70 562.6854
71 558.7214
72 567.1061
73 606.3879
74 665.9422
75 646.8127
76 606.964
77 607.6744
78 620.7861
79 601.3027
80 551.3406
81 532.6565
82 519.9742
83 504.1807
84 501.1933
85 493.1248
86 474.8682
87 474.8195
88 474.742
89 454.3136
