-90 1787.9066
-89 1789.1986
-88 1662.382
-87 1727.5607
-86 1789.1847
-85 1798.9794
-84 1687.2931
-83 1587.8972
-82 1564.3978
-81 1484.6304
-80 1315.101
-79 1241.3895
-78 1173.5598
-77 1060.7314
-76 992.6472
-75 906.4064
-74 854.32
-73 806.8568
-72 743.2988
-71 659.605
-70 565.5748
-69 482.4846
-68 433.74
-67 415.2464
-66 340.824
-65 318.5393
-64 281.6804
-63 261.7247
-62 246.6874
-61 236.2969
-60 200.9176
-59 190.7158
-58 186.0986
-57 170.0602
-56 132.168
-55 128.7693
-54 104.9364
-53 105.6273
-52 86.6933
-51 85.1796
-50 73.4697
-49 73.2983
-48 74.7658
-47 73.2257
-46 63.5872
-45 56.1931
-44 63.3399
-43 82.5577
-42 86.7767
-41 66.0603
-40 50.3959
-39 38.341
-38 32.3904
-37 34.0988
-36 35.634
-35 29.0357
-34 27.5795
-33 29.0135
-32 32.084
-31 40.3065
-30 33.8983
-29 35.1164
-28 25.8465
-27 16.9452
-26 22.6523
-25 24.5661
-24 32.5311
-23 29.0736
-22 20.9959
-21 21.0268
-20 20.2234
-19 20.3456
-18 25.4085
-17 22.7366
-16 31.7433
-15 28.2794
-14 23.5497
-13 24.6138
-12 22.4431
-11 21.1976
-10 26.8016
-9 30.3882
-8 28.9759
-7 34.652
-6 31.1479
-5 27.9654
-4 25.4237
-3 30.2292
-2 28.879
-1 31.6694
0 32.6173
1 33.1623
2 30.3192
3 34.8512
4 43.7604
5 42.1306
6 36.6727
7 42.9372
8 37.9575
9 35.4007
10 33.9011
11 29.4491
12 29.0556
13 29.9197
14 34.2048
15 33.586
16 25.1691
17 37.1217
18 31.7677
19 27.3224
20 32.3352
21 37.258
22 43.5525
23 35.2728
24 41.8261
25 33.1464
26 37.639
27 41.3447
28 36.6236
29 35.5749
30 40.7538
31 38.791
32 34.5719
33 36.2455
34 37.9439
35 37.0472
36 35.6691
37 42.2176
38 42.8514
39 49.3648
40 56.1535
41 48.9751
42 41.929
43 53.5592
44 62.6774
45 72.0907
46 75.7868
47 83.0864
48 83.1675
49 102.9334
50 92.4999
51 107.1791
52 115.2129
53 123.7404
54 152.7259
55 160.4259
56 171.2372
57 171.0193
58 192.4014
59 223.5381
60 219.7975
61 241.3138
62 270.2767
63 304.6083
64 323.9293
65 362.63
66 435.2914
67 438.2007
68 491.4967
69 537.6362
70 553.3719
71 617.1285
72 662.1846
73 715.9541
74 760.0508
75 832.0436
76 923.8178
77 1000.3226
78 1120.8744
79 1160.1853
80 1212.9286
81 1285.1172
82 1316.7833
83 1360.681
84 1390.1924
85 1473.0989
86 1541.3226
87 1674.2366
88 1694.5889
89 1764.1825
