-90 1723.3881
-89 1682.2791
-88 1692.3505
-87 1716.8115
-86 1688.9861
-85 1638.4916
-84 1623.24
-83 1506.2245
-82 1380.7501
-81 1359.4771
-80 1267.6172
-79 1224.6565
-78 1211.0997
-77 1187.4331
-76 1093.6823
-75 1040.5754
-74 965.8531
-73 868.9308
-72 792.2832
-71 717.3218
-70 658.8568
-69 589.038
-68 545.4091
-67 491.0955
-66 433.969
-65 425.2236
-64 388.8491
-63 375.2361
-62 364.3615
-61 299.5266
-60 283.1645
-59 252.1401
-58 221.4688
-57 180.0257
-56 193.9997
-55 174.3047
-54 165.4727
-53 155.9608
-52 144.7924
-51 155.3819
-50 163.9256
-49 143.9016
-48 125.6249
-47 127.0908
-46 102.0003
-45 92.8766
-44 76.6307
-43 71.406
-42 72.2916
-41 62.4934
-40 74.4926
-39 69.6875
-38 54.9784
-37 52.8335
-36 57.032
-35 49.0351
-34 43.7179
-33 46.3453
-32 41.4658
-31 40.9038
-30 44.489
-29 48.2152
-28 44.7357
-27 49.0986
-26 49.762
-25 61.4551
-24 42.9743
-23 49.6044
-22 54.9963
-21 51.788
-20 55.899
-19 43.1441
-18 42.6945
-17 45.7757
-16 52.056
-15 60.0826
-14 50.3183
-13 50.3804
-12 57.3984
-11 43.718
-10 44.7727
-9 43.857
-8 43.7551
-7 50.9559
-6 45.2889
-5 48.2563
-4 44.9961
-3 43.9086
-2 42.2873
-1 48.691
0 62.2198
1 75.7394
2 67.085
3 70.2532
4 57.0155
5 64.9267
6 68.425
7 62.1444
8 59.3016
9 64.9158
10 59.9432
11 47.8726
12 40.3359
13 51.5381
14 57.6073
15 60.7888
16 66.3508
17 57.3242
18 54.962
19 56.8487
20 57.7722
21 54.5536
22 60.8776
23 59.7632
24 66.4536
25 64.5777
26 71.3212
27 67.2773
28 72.1269
29 91.4957
30 73.3858
31 64.249
32 67.021
33 64.5535
34 71.5363
35 72.2791
36 60.4265
37 78.8215
38 81.1183
39 81.9282
40 69.8227
41 83.5366
42 81.8599
43 71.4896
44 77.5065
45 86.9531
46 101.786
47 109.2702
48 113.2434
49 105.612
50 122.5752
51 131.3905
52 138.1722
53 151.0136
54 151.9176
55 157.168
56 171.9059
57 231.6961
58 234.5249
59 245.7286
60 282.1379
61 332.4517
62 360.4621
63 370.7619
64 401.3431
65 426.1552
66 457.0595
67 526.4266
68 515.5756
69 583.126
70 649.7462
71 723.5836
72 793.6995
73 878.8962
74 974.9644
75 1075.4764
76 1119.1953
77 1149.3026
78 1230.4709
79 1280.1406
80 1359.3984
81 1488.8624
82 1415.4708
83 1540.115
84 1606.8721
85 1686.2236
86 1671.118
87 1696.326
88 1743.8596
89 1815.0137
