-90 2462.7727
-89 2481.2229
-88 2485.1389
-87 2423.9631
-86 2354.1062
-85 2282.1299
-84 2187.4778
-83 2154.7166
-82 2098.3306
-81 2016.2111
-80 1935.3666
-79 1818.7891
-78 1792.401
-77 1751.7344
-76 1566.3706
-75 1434.2092
-74 1329.2137
-73 1189.8428
-72 1114.718
-71 1094.5873
-70 949.5795
-69 908.0458
-68 875.6837
-67 798.7955
-66 728.3789
-65 651.5878
-64 623.4563
-63 588.9613
-62 508.2659
-61 501.2261
-60 426.6938
-59 420.6425
-58 387.3443
-57 370.5495
-56 340.3498
-55 322.63
-54 295.0674
-53 269.6612
-52 260.0665
-51 241.6941
-50 172.478
-49 161.7434
-48 179.6838
-47 187.0525
-46 179.8295
-45 159.5628
-44 146.0979
-43 123.3571
-42 131.5868
-41 110.8621
-40 95.8107
-39 90.7404
-38 122.7158
-37 105.8582
-36 107.6974
-35 100.7482
-34 96.0956
-33 97.6063
-32 97.0219
-31 102.4167
-30 97.1195
-29 88.2799
-28 112.4889
-27 109.2846
-26 103.998
-25 115.5817
-24 114.5208
-23 108.6984
-22 108.3719
-21 109.4208
-20 101.7002
-19 99.6912
-18 110.0394
-17 108.1667
-16 91.9081
-15 103.9333
-14 105.0556
-13 100.0515
-12 120.1645
-11 93.2054
-10 93.149
-9 88.7773
-8 98.7877
-7 83.2539
-6 117.2002
-5 107.2212
-4 100.0437
-3 93.7251
-2 92.0755
-1 89.4823
0 89.2857
1 77.4393
2 79.7115
3 79.9683
4 77.4133
5 82.787
6 85.7405
7 96.6578
8 78.3888
9 90.1792
10 82.5138
11 73.097
12 86.2527
13 85.2619
14 105.4182
15 96.7351
16 84.4938
17 90.0226
18 96.0127
19 102.9161
20 86.8594
21 89.3912
22 84.0335
23 96.5291
24 94.9949
25 97.4786
26 103.7159
27 107.5525
28 115.0023
29 104.8208
30 115.1381
31 119.3797
32 123.9617
33 121.885
34 119.1794
35 121.0055
36 115.5192
37 134.36
38 147.5972
39 152.1938
40 173.804
41 170.8149
42 182.9977
43 194.5843
44 222.0314
45 230.3098
46 248.6644
47 243.1966
48 240.5749
49 249.058
50 254.3342
51 269.009
52 251.6207
53 253.8862
54 265.9881
55 276.3509
56 300.343
57 335.9519
58 384.7196
59 424.9169
60 480.0452
61 482.7892
62 513.2003
63 549.4495
64 558.9615
65 692.3239
66 730.9263
67 780.7837
68 817.7153
69 823.1138
70 864.3873
71 919.5524
72 965.4447
73 1043.6108
74 1123.734
75 1253.5598
76 1323.1423
77 1423.3754
78 1554.2906
79 1655.1434
80 1912.0931
81 2064.8689
82 2131.853
83 2140.6287
84 2184.0164
85 2274.6646
86 2370.6943
87 2317.7236
88 2371.4692
89 2412.2676
