-90 2285.3098
-89 2334.9246
-88 2349.1877
-87 2379.7209
-86 2347.0093
-85 2385.8518
-84 2399.9414
-83 2396.1799
-82 2274.5024
-81 2212.8511
-80 2215.0825
-79 2235.4932
-78 2317.5125
-77 2229.9746
-76 2151.032
-75 2117.6899
-74 2020.3573
-73 1962.2841
-72 1821.2975
-71 1729.646
-70 1705.7351
-69 1566.9644
-68 1494.8988
-67 1370.7202
-66 1290.6008
-65 1176.7412
-64 1136.8035
-63 1094.7446
-62 1037.4761
-61 946.7092
-60 937.6598
-59 875.3267
-58 806.8386
-57 728.6928
-56 653.1406
-55 618.9136
-54 557.7371
-53 499.8418
-52 494.4434
-51 464.4716
-50 402.0115
-49 379.5933
-48 384.4747
-47 382.1084
-46 343.9324
-45 357.7267
-44 338.871
-43 313.0179
-42 297.4439
-41 270.2782
-40 262.3859
-39 231.6839
-38 215.0316
-37 210.0505
-36 193.4816
-35 175.0756
-34 176.0351
-33 170.7436
-32 156.7919
-31 146.3952
-30 147.7726
-29 142.2591
-28 137.0094
-27 148.5913
-26 147.5463
-25 138.2034
-24 129.1208
-23 145.8156
-22 132.0173
-21 111.535
-20 126.3058
-19 124.177
-18 107.5947
-17 116.1939
-16 119.1667
-15 113.2843
-14 113.1584
-13 106.3504
-12 103.4365
-11 107.658
-10 112.2183
-9 106.419
-8 107.0994
-7 117.374
-6 108.6006
-5 107.9658
-4 91.84
-3 98.6895
-2 100.089
-1 110.9844
0 116.2293
1 112.8587
2 107.5664
3 106.072
4 111.7538
5 109.1812
6 104.484
7 103.0416
8 98.746
9 97.3459
10 102.7251
11 97.3259
12 101.7432
13 100.3081
14 96.5036
15 83.6619
16 83.8561
17 91.4455
18 85.3699
19 91.8307
20 87.6234
21 94.3334
22 86.7522
23 86.7174
24 80.5584
25 78.6847
26 93.5444
27 94.586
28 80.7652
29 78.94
30 96.6807
31 103.6971
32 103.9841
33 114.3002
34 108.9213
35 114.2639
36 123.5684
37 126.0265
38 121.9102
39 123.4375
40 117.4609
41 124.4199
42 131.5787
43 142.2106
44 162.5448
45 171.1317
46 186.2306
47 179.4643
48 184.4323
49 206.7748
50 216.3091
51 211.0904
52 228.1762
53 233.5199
54 240.1449
55 247.2576
56 280.4663
57 299.4777
58 295.8987
59 311.0251
60 350.7364
61 352.8116
62 357.865
63 364.0295
64 391.2525
65 454.7722
66 464.1696
67 516.3029
68 539.5217
69 589.9698
70 629.5214
71 696.7462
72 742.0652
73 778.7982
74 872.1102
75 951.8544
76 1005.114
77 1067.7778
78 1188.1937
79 1335.9579
80 1429.981
81 1579.3877
82 1645.4528
83 1694.9097
84 1826.8574
85 1994.7908
86 2084.707
87 2137.2339
88 2054.0427
89 2173.9114
