-90 1240.4778
-89 1256.441
-88 1252.5074
-87 1222.9231
-86 1109.6533
-85 1095.6315
-84 1085.334
-83 1003.2472
-82 995.9236
-81 952.6987
-80 871.2131
-79 808.8691
-78 760.0177
-77 741.5486
-76 736.0209
-75 657.9773
-74 574.3748
-73 555.0169
-72 498.474
-71 476.621
-70 468.8294
-69 432.2456
-68 407.1271
-67 383.5608
-66 363.3086
-65 354.5862
-64 347.2049
-63 322.1678
-62 335.7754
-61 324.211
-60 309.5705
-59 300.9808
-58 259.9985
-57 218.4606
-56 216.6976
-55 211.7145
-54 214.0017
-53 200.4549
-52 179.1962
-51 181.4075
-50 185.2103
-49 197.3656
-48 152.4024
-47 143.73
-46 145.957
-45 138.1301
-44 119.8695
-43 107.3323
-42 110.823
-41 108.5243
-40 111.8332
-39 106.0612
-38 96.375
-37 99.7607
-36 84.6826
-35 73.8944
-34 65.7878
-33 62.9554
-32 64.7166
-31 53.288
-30 54.558
-29 54.879
-28 56.9722
-27 53.7278
-26 47.7705
-25 52.3194
-24 59.1365
-23 60.1301
-22 59.837
-21 55.6221
-20 53.8184
-19 52.9326
-18 54.742
-17 56.3021
-16 46.2026
-15 51.2158
-14 54.08
-13 51.1856
-12 42.6984
-11 38.3776
-10 52.1892
-9 44.1748
-8 53.2823
-7 56.7655
-6 58.9695
-5 65.3141
-4 61.5975
-3 65.8995
-2 73.8054
-1 70.6662
0 67.9812
1 74.0248
2 73.3465
3 66.8212
4 71.8704
5 77.6489
6 74.3278
7 73.9898
8 71.456
9 77.2694
10 77.5534
11 81.5055
12 78.4682
13 77.507
14 80.9107
15 70.103
16 66.3059
17 82.179
18 74.0276
19 63.4955
20 77.3902
21 67.3431
22 70.055
23 65.1535
24 63.8165
25 66.3896
26 64.9184
27 68.6187
28 78.2136
29 81.3186
30 98.5336
31 105.4418
32 106.3352
33 109.025
34 105.3095
35 99.6329
36 109.6691
37 113.2228
38 114.1522
39 117.7249
40 112.96
41 118.3635
42 118.8952
43 116.4733
44 126.6326
45 126.8375
46 150.4582
47 156.7261
48 154.3719
49 152.644
50 157.2655
51 175.4545
52 158.9957
53 197.6696
54 196.8451
55 232.2003
56 243.5195
57 288.7126
58 306.8428
59 332.5761
60 308.9258
61 341.651
62 366.6303
63 356.3598
64 397.0963
65 394.2257
66 416.4795
67 438.794
68 480.5982
69 519.8546
70 602.8767
71 682.4245
72 689.0656
73 757.4661
74 820.447
75 913.2404
76 924.9464
77 944.5406
78 975.787
79 1037.0548
80 1021.7701
81 1035.3583
82 1045.4695
83 1151.7646
84 1213.8496
85 1259.9564
86 1268.3892
87 1224.8861
88 1244.556
89 1232.9724
