-90 367.9105
-89 360.2876
-88 401.4479
-87 405.8645
-86 399.251
-85 389.2175
-84 413.5359
-83 420.01
-82 415.4353
-81 406.9395
-80 369.5405
-79 341.0173
-78 318.8567
-77 361.8492
-76 377.9358
-75 372.8904
-74 348.9507
-73 354.3741
-72 347.9389
-71 345.2076
-70 304.7437
-69 300.2422
-68 271.084
-67 228.897
-66 203.0649
-65 206.1231
-64 181.207
-63 174.2143
-62 163.7125
-61 150.8619
-60 156.6333
-59 155.2513
-58 153.3235
-57 153.7248
-56 157.0575
-55 155.64
-54 117.4275
-53 130.0965
-52 128.5417
-51 119.9904
-50 100.9097
-49 82.8334
-48 65.0352
-47 53.0748
-46 41.2473
-45 47.8779
-44 55.6313
-43 53.7017
-42 48.0629
-41 33.0844
-40 28.9668
-39 30.8159
-38 24.2704
-37 20.9061
-36 15.0265
-35 20.7344
-34 27.2909
-33 12.9567
-32 21.2704
-31 27.4687
-30 20.7239
-29 26.9267
-28 24.4485
-27 22.8344
-26 33.4307
-25 19.1708
-24 22.4667
-23 29.494
-22 25.0879
-21 25.8755
-20 16.2213
-19 12.9072
-18 9.0366
-17 5.7264
-16 7.7038
-15 10.3065
-14 10.5243
-13 8.9627
-12 9.7513
-11 6.5312
-10 8.6587
-9 8.9746
-8 8.1159
-7 7.6966
-6 9.2525
-5 11.5622
-4 13.1705
-3 9.3357
-2 9.3397
-1 5.6272
0 8.2548
1 6.3625
2 10.9554
3 16.894
4 13.528
5 15.2981
6 9.7623
7 13.4977
8 16.1735
9 13.3574
10 13.2019
11 14.1093
12 17.8041
13 12.3168
14 11.1326
15 15.9164
16 15.8292
17 18.3622
18 19.6039
19 19.7281
20 21.6762
21 23.6129
22 24.4916
23 18.3433
24 23.3106
25 21.3964
26 27.9782
27 31.7846
28 25.5251
29 34.6718
30 49.0825
31 40.6226
32 46.1731
33 60.6944
34 50.9893
35 51.614
36 51.2757
37 54.0329
38 53.3294
39 42.2146
40 40.4362
41 41.3602
42 41.6691
43 46.6279
44 66.1973
45 70.1447
46 71.1989
47 69.6876
48 77.2546
49 73.4131
50 86.1155
51 88.453
52 103.0568
53 102.4561
54 103.6012
55 125.6119
56 141.4032
57 162.3328
58 164.1655
59 177.2742
60 160.7812
61 168.7652
62 194.2762
63 194.1694
64 179.9297
65 170.7077
66 171.501
67 175.9989
68 195.1703
69 183.8194
70 208.9359
71 225.5699
72 222.3435
73 185.6528
74 210.4064
75 201.8096
76 245.946
77 230.6412
78 249.0655
79 249.0908
80 246.0556
81 270.8809
82 280.5943
83 277.4423
84 270.366
85 269.0576
86 297.062
87 352.5025
88 359.1525
89 403.1183
