-90 714.3585
-89 635.283
-88 647.6152
-87 585.2631
-86 523.3029
-85 500.9627
-84 508.0754
-83 484.5571
-82 480.8737
-81 434.1727
-80 463.9297
-79 456.2629
-78 482.0368
-77 501.0137
-76 534.6574
-75 482.7117
-74 484.5462
-73 442.4824
-72 421.0646
-71 395.7267
-70 318.7809
-69 281.7469
-68 277.5527
-67 263.365
-66 245.298
-65 217.1622
-64 218.8729
-63 197.3032
-62 174.8859
-61 163.6926
-60 169.5796
-59 146.8037
-58 137.9756
-57 147.7646
-56 142.0621
-55 132.901
-54 152.1683
-53 154.7333
-52 135.4134
-51 93.8951
-50 88.5737
-49 74.7321
-48 69.8715
-47 76.4797
-46 74.9641
-45 63.1869
-44 57.238
-43 52.3202
-42 51.9836
-41 40.5217
-40 32.9377
-39 40.8309
-38 44.7196
-37 41.5054
-36 36.0911
-35 35.4995
-34 35.0569
-33 35.4845
-32 38.7716
-31 43.8434
-30 42.7631
-29 40.6204
-28 33.5929
-27 46.286
-26 40.7864
-25 41.1972
-24 33.9919
-23 32.1063
-22 34.2272
-21 29.9534
-20 24.4563
-19 35.5254
-18 35.6444
-17 24.7624
-16 25.6769
-15 29.5528
-14 25.3638
-13 39.1645
-12 42.2537
-11 28.7673
-10 33.373
-9 32.959
-8 29.4178
-7 28.4377
-6 26.8712
-5 28.3512
-4 25.4725
-3 37.3945
-2 30.9714
-1 37.6554
0 46.7726
1 33.6501
2 27.2967
3 23.3468
4 36.689
5 37.6593
6 43.6104
7 37.8293
8 40.4591
9 47.8063
10 55.1946
11 55.2825
12 66.9491
13 63.869
14 64.6882
15 64.2161
16 54.4371
17 60.8371
18 56.7773
19 53.7546
20 61.9824
21 69.2049
22 45.795
23 47.8852
24 53.8366
25 43.5461
26 48.1071
27 55.4268
28 50.1637
29 50.6999
30 45.5991
31 43.5861
32 53.7056
33 56.8239
34 56.1693
35 59.8565
36 58.1855
37 56.1904
38 65.0257
39 62.2999
40 69.3439
41 65.8322
42 69.2674
43 79.2089
44 81.2457
45 79.2725
46 99.0114
47 90.2839
48 100.615
49 103.8494
50 102.5139
51 112.4999
52 115.389
53 121.0382
54 118.7568
55 117.6235
56 135.3618
57 146.7948
58 158.1974
59 189.812
60 211.09
61 242.6312
62 242.4854
63 248.5857
64 279.4265
65 291.0842
66 337.6004
67 391.3415
68 399.3675
69 457.6273
70 435.4681
71 428.5633
72 440.7871
73 457.3585
74 500.9798
75 538.0129
76 651.6595
77 671.6083
78 704.0104
79 727.0795
80 725.6596
81 767.6827
82 765.5198
83 755.9353
84 759.6791
85 812.3306
86 864.6007
87 834.2669
88 778.1161
89 739.0755
