-90 823.0704
-89 759.7666
-88 745.567
-87 798.4398
-86 795.4421
-85 837.6188
-84 808.021
-83 786.8476
-82 756.7725
-81 743.1554
-80 693.9714
-79 674.6971
-78 588.4658
-77 554.1475
-76 498.9633
-75 443.084
-74 413.647
-73 381.2611
-72 374.1172
-71 371.4127
-70 388.6131
-69 384.221
-68 381.0732
-67 332.0167
-66 308.9724
-65 269.5664
-64 257.274
-63 216.9576
-62 209.6816
-61 190.6221
-60 192.4864
-59 196.6829
-58 174.5708
-57 151.4072
-56 120.565
-55 109.0905
-54 98.6786
-53 84.5566
-52 86.4387
-51 61.7841
-50 60.8958
-49 53.377
-48 49.8826
-47 49.3591
-46 51.561
-45 45.7374
-44 34.291
-43 23.5263
-42 29.6573
-41 31.8872
-40 30.6478
-39 30.436
-38 34.631
-37 39.0585
-36 33.4323
-35 38.5591
-34 42.6748
-33 38.2897
-32 48.4535
-31 48.395
-30 37.9092
-29 37.0457
-28 30.6767
-27 39.3891
-26 37.9301
-25 33.4983
-24 34.2415
-23 25.0766
-22 29.4565
-21 28.753
-20 28.4636
-19 26.5967
-18 20.433
-17 14.6866
-16 14.8753
-15 15.8129
-14 18.256
-13 19.6585
-12 16.7849
-11 28.0355
-10 28.7104
-9 19.5398
-8 13.617
-7 18.1576
-6 22.0034
-5 29.0868
-4 26.568
-3 25.638
-2 17.3038
-1 22.2786
0 23.1288
1 29.1096
2 27.6749
3 24.275
4 27.6426
5 21.9657
6 24.9845
7 31.1377
8 27.234
9 28.0876
10 35.6945
11 34.7939
12 30.5664
13 28.3624
14 38.4299
15 33.7076
16 35.3427
17 45.5592
18 44.5936
19 37.5553
20 40.5793
21 44.9815
22 50.3943
23 36.1302
24 38.5276
25 41.4855
26 44.2923
27 46.0683
28 45.8634
29 45.3302
30 59.8829
31 51.7572
32 44.5996
33 53.0314
34 53.9591
35 58.5141
36 66.3986
37 52.4136
38 67.0236
39 70.3696
40 70.8536
41 69.8051
42 83.6295
43 78.8685
44 98.6824
45 106.03
46 101.2644
47 102.9577
48 116.2511
49 108.9413
50 111.0566
51 134.2394
52 126.424
53 132.5534
54 131.1291
55 148.6542
56 164.4247
57 181.5771
58 196.3447
59 203.8339
60 233.6383
61 280.7965
62 264.7623
63 289.3142
64 333.6755
65 350.2329
66 405.8054
67 425.8246
68 404.2138
69 450.967
70 513.8589
71 554.1829
72 626.1093
73 684.6404
74 750.6678
75 731.885
76 742.7625
77 741.69
78 721.7916
79 790.6631
80 844.1345
81 831.6533
82 747.2248
83 732.4248
84 752.379
85 793.5495
86 813.5029
87 787.7861
88 865.8424
89 872.3196
