-90 543.5394
-89 543.4316
-88 574.6956
-87 532.2366
-86 491.4429
-85 477.6129
-84 474.5323
-83 444.5223
-82 478.7297
-81 450.4305
-80 384.7044
-79 414.1635
-78 420.1248
-77 394.0327
-76 415.5689
-75 419.5475
-74 403.6412
-73 372.3484
-72 379.2751
-71 372.5396
-70 364.9076
-69 356.3053
-68 371.2155
-67 322.3214
-66 342.3556
-65 337.7973
-64 355.3893
-63 366.0325
-62 362.0361
-61 376.778
-60 351.0397
-59 341.6951
-58 336.4011
-57 345.2771
-56 347.7289
-55 325.6314
-54 317.8112
-53 313.9646
-52 313.2509
-51 317.7258
-50 310.3505
-49 315.3073
-48 289.443
-47 274.7854
-46 293.912
-45 258.808
-44 267.1917
-43 287.4832
-42 278.1021
-41 256.0344
-40 242.2871
-39 247.1856
-38 237.3984
-37 217.0497
-36 230.0172
-35 216.7157
-34 209.0533
-33 203.6678
-32 197.8798
-31 222.0892
-30 238.4741
-29 224.9174
-28 223.1634
-27 227.0326
-26 201.6104
-25 198.2095
-24 198.184
-23 171.5694
-22 193.1507
-21 170.2168
-20 164.317
-19 172.6466
-18 186.1769
-17 184.8417
-16 152.3207
-15 155.9206
-14 165.7016
-13 167.7929
-12 158.8432
-11 156.9743
-10 141.6707
-9 156.5059
-8 144.4513
-7 156.1529
-6 135.8629
-5 113.4915
-4 82.092
-3 87.0684
-2 77.1508
-1 86.4685
0 83.8882
1 86.5233
2 87.0679
3 76.3166
4 72.9911
5 74.4522
6 71.8145
7 70.5218
8 80.5776
9 75.8135
10 64.1737
11 64.6718
12 69.6291
13 62.2353
14 73.9856
15 68.6165
16 71.4016
17 68.9013
18 64.0747
19 62.7938
20 65.8611
21 59.9003
22 77.9076
23 82.0032
24 77.3462
25 84.364
26 85.3962
27 84.1461
28 93.1313
29 97.4014
30 115.03
31 97.7651
32 110.0975
33 121.3133
34 115.1784
35 118.3229
36 135.2564
37 147.5315
38 165.3437
39 152.864
40 182.605
41 191.9658
42 195.9839
43 210.446
44 216.8881
45 214.8532
46 218.0219
47 246.8408
48 283.9973
49 279.6554
50 304.9384
51 283.4616
52 282.46
53 304.5075
54 309.4837
55 357.6956
56 397.5938
57 393.9349
58 411.2605
59 416.5924
60 433.16
61 484.1179
62 438.8773
63 457.3964
64 498.027
65 501.0743
66 519.1309
67 503.2039
68 553.1653
69 584.0817
70 636.297
71 635.5541
72 642.7409
73 684.9428
74 687.4062
75 644.94
76 589.0418
77 610.7939
78 606.1233
79 627.6531
80 617.7283
81 643.0503
82 622.2194
83 636.4557
84 643.957
85 630.8998
86 616.341
87 574.0481
88 523.5328
89 501.82
