-90 719.9568
-89 731.7188
-88 736.261
-87 714.2786
-86 709.9897
-85 698.4137
-84 629.2078
-83 585.7558
-82 600.9836
-81 584.5529
-80 597.3816
-79 598.3723
-78 557.1339
-77 514.9898
-76 560.8822
-75 571.4053
-74 600.1249
-73 529.459
-72 504.316
-71 410.9881
-70 421.4023
-69 435.61
-68 379.0254
-67 350.8269
-66 348.3524
-65 362.6633
-64 346.3239
-63 319.7269
-62 299.334
-61 277.1524
-60 271.2721
-59 264.7815
-58 251.828
-57 242.8272
-56 213.9666
-55 210.0041
-54 190.1681
-53 201.4259
-52 199.3017
-51 185.4033
-50 172.5976
-49 172.0919
-48 159.547
-47 142.7648
-46 127.0461
-45 126.6334
-44 128.3205
-43 126.6242
-42 133.9348
-41 126.4581
-40 128.8255
-39 133.4594
-38 128.0343
-37 112.2106
-36 116.8074
-35 109.6352
-34 91.9961
-33 87.3619
-32 86.7902
-31 78.4287
-30 66.1673
-29 68.8013
-28 64.173
-27 59.3412
-26 50.2121
-25 53.4383
-24 42.8996
-23 47.677
-22 51.0349
-21 44.1153
-20 39.8434
-19 48.3278
-18 51.0401
-17 45.7873
-16 46.6327
-15 61.551
-14 57.2976
-13 40.8337
-12 37.238
-11 28.3822
-10 29.7231
-9 38.1608
-8 42.4531
-7 44.4587
-6 47.6806
-5 33.4814
-4 32.4537
-3 35.6095
-2 30.911
-1 28.6183
0 27.4745
1 24.1524
2 29.4005
3 38.6673
4 38.1486
5 52.1358
6 62.2792
7 35.0694
8 35.2419
9 44.1448
10 42.4213
11 33.3512
12 33.76
13 36.8088
14 33.2678
15 40.3341
16 43.7279
17 32.7045
18 38.2959
19 47.7062
20 49.6557
21 47.0058
22 56.3434
23 55.3614
24 66.7567
25 60.7658
26 59.7698
27 58.5464
28 59.3646
29 62.3466
30 62.9332
31 61.5539
32 69.0852
33 78.506
34 91.3965
35 103.0617
36 118.4565
37 120.566
38 106.3535
39 120.6601
40 143.4078
41 131.7605
42 155.2879
43 159.0109
44 144.1115
45 157.4465
46 158.7094
47 194.2249
48 193.6132
49 209.6639
50 245.7048
51 216.0403
52 242.2953
53 312.2401
54 347.7153
55 403.2899
56 384.183
57 390.8499
58 391.7663
59 451.4412
60 523.0829
61 559.2961
62 596.1652
63 572.5895
64 586.6459
65 633.3456
66 626.558
67 616.1176
68 610.8182
69 622.2952
70 620.6094
71 608.9825
72 592.6082
73 599.3676
74 582.6132
75 592.6216
76 613.9661
77 620.3851
78 659.7488
79 657.7824
80 716.4199
81 721.5721
82 717.9316
83 716.8897
84 706.3352
85 720.9277
86 721.2455
87 721.6578
88 672.5156
89 735.4419
