-90 464.2792
-89 432.589
-88 472.4626
-87 451.6504
-86 421.4582
-85 376.6978
-84 353.2062
-83 333.2616
-82 316.1266
-81 310.1918
-80 271.9962
-79 275.862
-78 253.6298
-77 250.3781
-76 243.1412
-75 243.7945
-74 219.8688
-73 232.5164
-72 220.9254
-71 222.6565
-70 215.9771
-69 192.3694
-68 195.9483
-67 185.8457
-66 188.1815
-65 180.9426
-64 176.3131
-63 184.3734
-62 166.2716
-61 147.3079
-60 141.8011
-59 155.6648
-58 156.8737
-57 146.9617
-56 127.2478
-55 128.7838
-54 114.7592
-53 102.4813
-52 100.7196
-51 108.7645
-50 100.8354
-49 97.3056
-48 86.8038
-47 83.5977
-46 78.2338
-45 66.349
-44 71.6191
-43 85.459
-42 75.7015
-41 62.4262
-40 62.5955
-39 65.6429
-38 54.026
-37 60.4873
-36 50.1879
-35 45.8061
-34 47.893
-33 47.0648
-32 43.4493
-31 38.7423
-30 51.6686
-29 47.7922
-28 36.2781
-27 44.051
-26 37.133
-25 47.1501
-24 39.7699
-23 41.9609
-22 51.5616
-21 52.3438
-20 55.6674
-19 48.0542
-18 50.9588
-17 54.3796
-16 57.0492
-15 52.8612
-14 53.6571
-13 60.8885
-12 61.8155
-11 53.93
-10 57.8482
-9 73.1479
-8 51.6893
-7 54.5191
-6 62.6713
-5 54.8739
-4 45.3298
-3 35.527
-2 36.2024
-1 45.3766
0 48.0054
1 42.4239
2 42.9868
3 50.4535
4 59.8453
5 61.7087
6 55.4173
7 53.3536
8 58.735
9 60.0426
10 62.6274
11 63.6961
12 76.399
13 69.4416
14 58.3843
15 62.8418
16 62.7896
17 69.8005
18 86.6558
19 77.2569
20 83.3461
21 75.9479
22 78.7036
23 77.2915
24 71.2281
25 84.6172
26 68.6241
27 79.3106
28 88.3624
29 106.9712
30 105.5004
31 124.8919
32 117.7226
33 107.2106
34 108.5234
35 118.1803
36 113.4514
37 114.6771
38 124.9438
39 159.6801
40 194.3819
41 186.2072
42 183.2937
43 170.6169
44 162.1329
45 177.166
46 198.2891
47 223.0714
48 239.9174
49 260.8264
50 270.1787
51 290.1453
52 277.5764
53 305.5486
54 332.6685
55 371.5465
56 396.5506
57 442.3788
58 451.256
59 423.1781
60 451.6015
61 438.3404
62 423.255
63 450.287
64 432.6431
65 461.5623
66 502.2121
67 512.5065
68 494.9964
69 506.9071
70 483.6758
71 507.6848
72 522.226
73 566.3794
74 610.6132
75 600.6667
76 583.1019
77 573.8339
78 578.0443
79 574.623
80 616.5176
81 614.4382
82 568.3143
83 567.2256
84 580.9641
85 521.5334
86 468.6702
87 429.7792
88 435.8479
89 478.7442
