-90 1135.0894
-89 1113.8325
-88 1112.7727
-87 1072.6122
-86 1031.963
-85 956.5406
-84 948.5596
-83 895.7919
-82 844.0181
-81 877.1975
-80 818.3627
-79 760.7383
-78 755.3431
-77 707.8106
-76 688.8588
-75 650.7771
-74 586.5413
-73 557.2274
-72 523.5809
-71 499.8842
-70 511.4304
-69 490.2272
-68 429.6221
-67 403.6211
-66 382.6746
-65 415.7248
-64 360.5097
-63 314.3937
-62 300.5597
-61 269.7039
-60 283.0546
-59 256.0322
-58 254.5519
-57 203.8579
-56 215.3875
-55 188.7982
-54 176.2282
-53 188.8644
-52 172.7403
-51 166.759
-50 154.118
-49 162.035
-48 165.1968
-47 152.992
-46 155.3208
-45 167.9508
-44 144.1178
-43 162.645
-42 144.0407
-41 155.3718
-40 139.4728
-39 150.6178
-38 147.8655
-37 142.9597
-36 159.8859
-35 144.2891
-34 139.8173
-33 142.1381
-32 156.8234
-31 130.883
-30 119.799
-29 114.3265
-28 108.1311
-27 124.51
-26 124.7125
-25 110.3222
-24 113.5999
-23 106.8209
-22 104.8098
-21 109.8497
-20 101.1814
-19 121.2974
-18 128.5836
-17 110.6463
-16 96.2338
-15 85.5812
-14 96.3609
-13 112.4592
-12 108.0652
-11 85.0364
-10 79.1981
-9 85.7734
-8 81.3956
-7 73.288
-6 81.1733
-5 77.393
-4 67.7722
-3 56.7629
-2 65.444
-1 60.622
0 76.7957
1 57.7719
2 60.1513
3 60.4107
4 62.3148
5 67.0874
6 75.955
7 80.3635
8 71.0535
9 66.148
10 68.7037
11 70.0194
12 69.8551
13 70.8413
14 69.0653
15 70.3592
16 66.0956
17 68.5726
18 66.059
19 68.495
20 70.3833
21 68.4539
22 63.1097
23 54.5952
24 45.6629
25 42.69
26 39.4869
27 47.8823
28 47.1977
29 60.0566
30 56.8384
31 52.6492
32 46.8097
33 51.5976
34 54.6538
35 64.9777
36 61.1569
37 75.5901
38 67.6107
39 71.7155
40 64.6247
41 76.2557
42 76.0523
43 75.3484
44 80.8062
45 91.3464
46 92.7269
47 88.5962
48 109.0964
49 133.1039
50 129.9296
51 121.5462
52 119.7971
53 130.9415
54 125.7276
55 138.6837
56 179.7467
57 160.119
58 176.285
59 198.8929
60 215.2333
61 216.8651
62 248.859
63 265.4895
64 289.6337
65 360.7756
66 422.8819
67 450.5527
68 475.9421
69 458.6337
70 474.1237
71 538.9924
72 544.4775
73 617.8248
74 681.6395
75 723.9162
76 757.4875
77 817.1319
78 826.2424
79 846.902
80 924.8393
81 986.6312
82 1008.0146
83 1112.1891
84 1119.337
85 1115.4432
86 1107.452
87 1153.045
88 1147.9746
89 1165.0729
