-90 2058.085
-89 2032.2399
-88 2065.2024
-87 2000.4275
-86 1975.54
-85 1936.7019
-84 1838.566
-83 1813.8621
-82 1743.1229
-81 1678.8459
-80 1667.5002
-79 1573.5366
-78 1564.7627
-77 1507.5525
-76 1403.3181
-75 1355.5045
-74 1287.5779
-73 1182.769
-72 1196.0065
-71 1062.9611
-70 966.7523
-69 915.7883
-68 856.9001
-67 839.1108
-66 778.651
-65 716.9437
-64 696.8284
-63 661.7884
-62 607.3737
-61 578.1605
-60 503.878
-59 424.254
-58 403.0785
-57 371.2663
-56 354.4177
-55 313.463
-54 294.7406
-53 258.7435
-52 236.0168
-51 228.2749
-50 206.2525
-49 198.8062
-48 209.6919
-47 172.0834
-46 155.9944
-45 142.4119
-44 144.6223
-43 149.0587
-42 125.704
-41 110.7235
-40 120.1119
-39 110.8512
-38 97.0149
-37 77.8844
-36 68.8557
-35 73.8978
-34 76.9677
-33 77.0611
-32 75.1685
-31 60.2105
-30 59.0782
-29 60.9314
-28 51.6748
-27 63.7549
-26 55.2446
-25 49.9538
-24 51.2402
-23 49.7447
-22 50.5255
-21 41.5409
-20 34.2304
-19 27.8831
-18 39.7333
-17 37.0729
-16 24.0769
-15 27.9994
-14 28.0865
-13 22.0473
-12 20.711
-11 30.0287
-10 30.6617
-9 24.9854
-8 32.9278
-7 44.0657
-6 35.2174
-5 29.831
-4 34.8607
-3 32.2456
-2 24.3751
-1 26.3169
0 24.1941
1 31.1011
2 34.7794
3 33.3036
4 26.7021
5 31.6608
6 34.9123
7 34.1082
8 32.8204
9 37.7079
10 40.0102
11 46.7498
12 40.1549
13 49.3614
14 53.5212
15 52.476
16 70.8953
17 69.4536
18 78.8864
19 75.1964
20 67.4806
21 65.478
22 62.3168
23 54.5366
24 60.9108
25 60.1983
26 66.3629
27 70.9147
28 71.4356
29 76.65
30 73.0525
31 74.9073
32 86.3742
33 98.415
34 87.4199
35 86.037
36 89.7531
37 92.4915
38 87.9887
39 100.0274
40 99.5708
41 94.9533
42 119.5934
43 139.4939
44 149.4979
45 151.1145
46 150.3527
47 147.6098
48 174.1206
49 188.6254
50 167.4604
51 254.5182
52 247.8638
53 252.2045
54 287.5203
55 287.0758
56 329.4007
57 344.4709
58 420.9926
59 424.0514
60 469.2176
61 510.0712
62 541.3204
63 583.2036
64 660.5753
65 712.9595
66 715.3979
67 804.7787
68 896.7982
69 958.0249
70 1047.8737
71 1107.8884
72 1122.3164
73 1201.4662
74 1196.4757
75 1256.9668
76 1325.1185
77 1372.5891
78 1495.9402
79 1527.676
80 1505.5585
81 1551.151
82 1601.4757
83 1613.9861
84 1667.7985
85 1765.5929
86 1892.7631
87 1951.9341
88 1902.4922
89 1950.2882
