-90 1282.9229
-89 1254.9497
-88 1231.7845
-87 1241.8923
-86 1209.2992
-85 1229.9811
-84 1145.2684
-83 1103.2761
-82 1067.5704
-81 988.66
-80 990.2554
-79 907.4653
-78 872.7108
-77 834.8251
-76 755.3492
-75 712.9924
-74 681.748
-73 662.5593
-72 587.0856
-71 542.7297
-70 525.1102
-69 464.4229
-68 435.2528
-67 430.3253
-66 380.9454
-65 367.7569
-64 290.4519
-63 301.2168
-62 280.8018
-61 246.5138
-60 247.8349
-59 248.9462
-58 252.8969
-57 241.9965
-56 194.6256
-55 161.3291
-54 143.0674
-53 126.7029
-52 117.1351
-51 132.5543
-50 104.8029
-49 91.1061
-48 87.3111
-47 78.3702
-46 85.4092
-45 83.0285
-44 68.0846
-43 67.2136
-42 54.8557
-41 59.641
-40 56.0132
-39 44.9488
-38 41.1539
-37 52.0516
-36 45.8108
-35 47.6696
-34 42.476
-33 36.7919
-32 33.6887
-31 26.3604
-30 25.7472
-29 45.8726
-28 39.1753
-27 29.2522
-26 33.0898
-25 31.4551
-24 25.2616
-23 32.3158
-22 30.6029
-21 37.6025
-20 38.8942
-19 39.8325
-18 33.8327
-17 40.646
-16 37.134
-15 34.091
-14 27.6615
-13 25.1009
-12 29.5887
-11 19.5988
-10 17.6194
-9 20.6741
-8 27.7781
-7 20.4009
-6 19.4715
-5 15.2684
-4 20.6409
-3 20.1757
-2 21.1753
-1 19.2071
0 13.6234
1 10.6366
2 22.2174
3 16.8735
4 19.8504
5 26.5907
6 22.0979
7 26.3964
8 17.9361
9 23.5296
10 18.7267
11 24.3282
12 26.2003
13 23.0807
14 27.2585
15 27.6691
16 37.1417
17 41.2128
18 39.1949
19 30.9589
20 41.0411
21 31.8943
22 36.3715
23 33.3984
24 39.8441
25 34.2681
26 45.9102
27 49.9791
28 58.5047
29 52.7932
30 57.8049
31 52.7882
32 48.8983
33 57.9961
34 68.3974
35 61.1208
36 84.4103
37 85.8083
38 96.3376
39 114.3894
40 127.1199
41 130.9274
42 133.4117
43 152.9117
44 148.3803
45 168.9401
46 167.465
47 179.5092
48 202.5576
49 213.2212
50 221.9522
51 246.1636
52 262.6299
53 283.1072
54 308.1672
55 315.1828
56 377.9564
57 452.6198
58 505.1118
59 561.2146
60 622.1375
61 695.3892
62 682.4462
63 735.4293
64 819.0294
65 863.0784
66 945.8373
67 1063.8616
68 1130.6001
69 1226.5452
70 1217.5684
71 1216.9236
72 1323.4728
73 1394.1984
74 1455.6056
75 1495.7275
76 1491.2213
77 1528.4556
78 1591.02
79 1586.2568
80 1552.3666
81 1564.603
82 1560.4935
83 1578.1328
84 1537.6055
85 1528.1472
86 1539.043
87 1524.6135
88 1366.9087
89 1312.4938
