-90 1750.9539
-89 1698.1753
-88 1662.4565
-87 1628.7618
-86 1638.4989
-85 1681.4843
-84 1577.3503
-83 1548.3057
-82 1473.2909
-81 1440.4363
-80 1443.8057
-79 1450.6162
-78 1378.5992
-77 1304.6128
-76 1264.656
-75 1229.6724
-74 1192.6145
-73 1156.2422
-72 1110.3297
-71 1107.171
-70 1042.571
-69 998.5387
-68 977.2432
-67 907.0387
-66 855.2078
-65 781.7896
-64 715.7499
-63 657.053
-62 606.7314
-61 614.5208
-60 599.8903
-59 556.5811
-58 488.8195
-57 446.8162
-56 410.1668
-55 401.4594
-54 361.5333
-53 324.9841
-52 311.687
-51 293.1822
-50 281.631
-49 273.6494
-48 236.5869
-47 194.461
-46 173.435
-45 151.3327
-44 139.8043
-43 128.6461
-42 115.7405
-41 119.2178
-40 105.6934
-39 103.6811
-38 100.3227
-37 81.0865
-36 80.7939
-35 72.8042
-34 87.236
-33 63.906
-32 72.2168
-31 63.3004
-30 60.4281
-29 59.3158
-28 60.3511
-27 53.0609
-26 55.3642
-25 50.6985
-24 37.2457
-23 31.7337
-22 32.0375
-21 33.0041
-20 37.2079
-19 28.2346
-18 29.4069
-17 36.7953
-16 25.5011
-15 30.8241
-14 26.6621
-13 29.3667
-12 32.9946
-11 34.2641
-10 33.5975
-9 33.6097
-8 33.0029
-7 24.3254
-6 26.8387
-5 30.7786
-4 32.9978
-3 24.7017
-2 24.7833
-1 30.8353
0 22.3999
1 32.0665
2 31.4329
3 32.8857
4 28.5138
5 27.9283
6 26.4282
7 26.1538
8 30.8423
9 31.4073
10 35.1105
11 25.1123
12 33.8255
13 32.4265
14 28.9909
15 21.5111
16 24.3607
17 27.6918
18 28.2028
19 32.4733
20 39.1427
21 34.0317
22 36.348
23 41.9552
24 51.3031
25 50.667
26 54.1123
27 58.2026
28 56.5109
29 60.709
30 63.6902
31 73.3607
32 64.4365
33 70.1486
34 83.0702
35 79.2724
36 96.7829
37 78.1418
38 89.7527
39 108.9138
40 103.5349
41 109.4569
42 127.6632
43 120.5804
44 117.4233
45 138.6527
46 155.7197
47 155.5064
48 161.3109
49 159.1636
50 197.6774
51 216.3788
52 238.3735
53 243.4904
54 290.41
55 316.7125
56 349.9235
57 356.1768
58 427.0848
59 430.7483
60 452.312
61 497.0768
62 539.062
63 580.6335
64 645.2879
65 743.5797
66 812.2958
67 885.0225
68 902.5408
69 988.4951
70 1099.4094
71 1194.7101
72 1321.8162
73 1377.9047
74 1482.8568
75 1553.1865
76 1597.834
77 1684.4248
78 1730.4193
79 1805.8997
80 1848.7913
81 1844.9255
82 1884.5667
83 1829.8876
84 1830.5769
85 1851.5586
86 1782.427
87 1771.0355
88 1773.2009
89 1803.9524
