-90 600.5708
-89 580.8827
-88 580.8047
-87 601.8015
-86 609.0096
-85 575.2515
-84 593.2024
-83 571.2763
-82 533.3234
-81 484.4034
-80 451.7528
-79 396.1888
-78 410.9059
-77 389.8302
-76 363.9381
-75 356.7784
-74 334.6362
-73 313.0425
-72 262.7786
-71 244.215
-70 231.6234
-69 248.4066
-68 205.7148
-67 233.6828
-66 240.2712
-65 208.1002
-64 199.484
-63 176.7387
-62 149.3305
-61 163.0936
-60 152.7605
-59 135.9481
-58 116.542
-57 93.5502
-56 87.3958
-55 67.2517
-54 68.6332
-53 65.8119
-52 69.455
-51 64.4179
-50 58.3063
-49 45.8163
-48 45.1853
-47 35.074
-46 44.4601
-45 40.8954
-44 32.0344
-43 34.0713
-42 21.8549
-41 21.2929
-40 20.3886
-39 17.379
-38 15.6151
-37 19.4824
-36 19.3055
-35 18.9249
-34 20.6427
-33 14.8439
-32 13.8011
-31 15.234
-30 10.2417
-29 10.0485
-28 13.385
-27 10.9699
-26 4.2351
-25 6.2137
-24 6.5629
-23 8.3727
-22 7.8867
-21 6.3088
-20 4.545
-19 11.0022
-18 9.992
-17 6.5763
-16 10.4276
-15 8.4727
-14 12.009
-13 11.0342
-12 9.3579
-11 7.1849
-10 6.7448
-9 9.5587
-8 11.4311
-7 7.1993
-6 6.1208
-5 5.7812
-4 7.016
-3 6.6758
-2 4.9337
-1 7.6549
0 7.263
1 5.3875
2 5.5003
3 7.1891
4 8.7489
5 11.168
6 13.8353
7 16.1915
8 12.9879
9 9.5406
10 7.8369
11 8.0037
12 7.3507
13 6.3603
14 6.4533
15 7.4093
16 11.5815
17 9.272
18 6.8036
19 8.9438
20 12.1617
21 6.5495
22 9.9791
23 10.1715
24 13.1749
25 14.14
26 11.963
27 13.7487
28 18.733
29 15.6407
30 14.3778
31 21.6781
32 22.9947
33 19.9883
34 18.5986
35 24.1574
36 24.1087
37 28.7281
38 28.4239
39 34.7987
40 29.4567
41 35.546
42 41.0576
43 35.2969
44 33.2104
45 38.4079
46 47.7289
47 52.1686
48 43.7144
49 58.1055
50 71.319
51 64.4458
52 65.8825
53 83.0761
54 82.9073
55 78.3733
56 88.2672
57 121.3165
58 113.3046
59 115.635
60 132.897
61 142.7628
62 164.4865
63 163.5777
64 175.2841
65 204.941
66 222.5722
67 249.9624
68 269.1829
69 298.1353
70 337.4083
71 361.8196
72 311.2256
73 303.976
74 344.5936
75 395.0893
76 409.6967
77 434.1067
78 481.025
79 484.0315
80 504.9364
81 583.3948
82 594.3412
83 571.6912
84 655.8542
85 638.2922
86 639.1202
87 663.4176
88 652.8975
89 645.4106
