-90 622.7825
-89 607.9954
-88 636.6094
-87 639.3353
-86 640.231
-85 607.8802
-84 653.2751
-83 682.7203
-82 758.2119
-81 756.3502
-80 805.3281
-79 791.2032
-78 775.6233
-77 787.8895
-76 781.4786
-75 758.8785
-74 691.749
-73 658.4642
-72 680.7614
-71 698.9289
-70 699.8823
-69 684.1992
-68 654.1672
-67 633.7142
-66 619.9459
-65 652.9463
-64 662.3211
-63 616.3734
-62 599.0468
-61 578.5591
-60 548.722
-59 501.9185
-58 516.6401
-57 438.0837
-56 423.6926
-55 400.0965
-54 440.3803
-53 444.4977
-52 420.6281
-51 394.0322
-50 347.1513
-49 317.2468
-48 302.5433
-47 294.3045
-46 245.6715
-45 221.544
-44 209.328
-43 187.9742
-42 180.1443
-41 205.6499
-40 183.3828
-39 178.9697
-38 169.3844
-37 142.7724
-36 117.8006
-35 108.0231
-34 104.6777
-33 92.7349
-32 84.9727
-31 63.3687
-30 66.6283
-29 77.7526
-28 83.7742
-27 59.7209
-26 57.0853
-25 52.3666
-24 48.0495
-23 51.7073
-22 45.3344
-21 40.8044
-20 43.712
-19 43.4867
-18 45.1908
-17 36.6609
-16 41.1577
-15 38.2873
-14 36.775
-13 32.7682
-12 27.2456
-11 23.9038
-10 27.3736
-9 18.0238
-8 24.659
-7 21.3034
-6 21.3211
-5 21.6372
-4 23.2727
-3 17.4626
-2 17.9937
-1 13.8838
0 13.5345
1 16.5412
2 18.9506
3 22.4166
4 20.2654
5 20.2402
6 13.6867
7 16.9561
8 17.66
9 16.126
10 15.3458
11 14.2748
12 16.7381
13 17.9826
14 19.7924
15 23.1357
16 24.6581
17 17.8217
18 19.6349
19 23.4503
20 23.0374
21 24.4938
22 12.2185
23 21.3491
24 27.6956
25 19.999
26 19.7272
27 32.9317
28 26.2501
29 23.4039
30 25.6432
31 30.9382
32 35.2076
33 29.145
34 31.412
35 27.9578
36 25.0213
37 30.8245
38 24.4193
39 38.5918
40 34.1686
41 33.7683
42 38.3448
43 37.0903
44 43.2504
45 48.2068
46 56.7673
47 65.1627
48 56.4234
49 52.0447
50 65.8392
51 53.6155
52 69.2102
53 86.7974
54 87.3878
55 85.7797
56 90.4914
57 119.5355
58 132.966
59 132.215
60 138.3497
61 144.7106
62 148.1291
63 157.1017
64 169.9499
65 188.2331
66 177.7466
67 206.3504
68 243.0321
69 252.9204
70 266.2616
71 303.3855
72 323.2457
73 330.1219
74 349.5177
75 371.688
76 393.7805
77 413.3563
78 397.4806
79 421.9866
80 417.4489
81 448.6479
82 466.1936
83 471.8193
84 466.8275
85 505.4447
86 502.1258
87 554.3069
88 576.3851
89 594.5921
