-90 1858.6141
-89 1785.2018
-88 1687.4667
-87 1757.537
-86 1742.2992
-85 1665.9351
-84 1639.123
-83 1655.1169
-82 1538.205
-81 1456.875
-80 1493.0737
-79 1449.0251
-78 1407.4363
-77 1306.7784
-76 1223.0342
-75 1161.6725
-74 1054.6013
-73 1071.8207
-72 974.4225
-71 951.209
-70 881.7466
-69 837.7679
-68 765.8925
-67 682.6904
-66 604.0154
-65 540.6514
-64 531.2628
-63 517.1809
-62 459.4956
-61 404.8158
-60 380.4747
-59 374.4998
-58 369.5496
-57 349.8753
-56 352.5017
-55 303.4077
-54 251.1909
-53 227.1376
-52 214.7861
-51 192.9681
-50 195.7345
-49 168.6024
-48 160.388
-47 159.7797
-46 160.9624
-45 155.337
-44 140.1983
-43 135.2545
-42 129.1159
-41 122.042
-40 106.7388
-39 104.4911
-38 103.134
-37 87.2505
-36 82.5299
-35 77.4896
-34 75.6589
-33 64.2624
-32 67.9716
-31 61.9747
-30 55.0778
-29 60.9686
-28 65.5401
-27 58.1089
-26 46.4866
-25 46.5223
-24 58.8037
-23 68.4918
-22 74.4629
-21 66.4826
-20 64.3547
-19 68.9659
-18 61.7708
-17 58.009
-16 51.5172
-15 48.1853
-14 52.7048
-13 54.1174
-12 42.8726
-11 45.2212
-10 53.6729
-9 51.8864
-8 61.1919
-7 58.3088
-6 50.5043
-5 50.6107
-4 55.5905
-3 48.2267
-2 46.3842
-1 47.0902
0 44.0814
1 40.6524
2 49.6509
3 51.4826
4 49.9502
5 37.8621
6 40.2781
7 48.6553
8 42.2306
9 43.9082
10 46.4323
11 53.4424
12 53.2886
13 52.6996
14 55.4953
15 58.1925
16 54.079
17 81.8642
18 81.8536
19 78.2992
20 81.7747
21 73.5202
22 78.5833
23 78.3747
24 79.0105
25 85.2456
26 88.613
27 95.2635
28 102.6244
29 114.9345
30 118.4224
31 126.8955
32 122.0737
33 141.4814
34 163.8546
35 147.3676
36 135.4121
37 129.5458
38 141.0267
39 168.0514
40 166.9281
41 189.7734
42 209.3822
43 226.936
44 241.5331
45 246.3038
46 283.2391
47 326.1628
48 334.3986
49 357.8188
50 407.7028
51 443.5721
52 494.819
53 525.6977
54 563.3645
55 561.7197
56 612.7206
57 645.4755
58 651.0438
59 678.0543
60 722.8945
61 774.5899
62 810.6335
63 890.2136
64 881.5099
65 883.2435
66 908.1459
67 940.2293
68 1022.6415
69 1091.4229
70 1241.7628
71 1282.3398
72 1332.8041
73 1358.7926
74 1389.5963
75 1483.6171
76 1582.8163
77 1591.9465
78 1546.3884
79 1570.9622
80 1640.9694
81 1695.1785
82 1701.9502
83 1748.8076
84 1839.7786
85 1843.4391
86 1838.6217
87 1865.0576
88 1907.5609
89 1892.1969
