-90 614.4742
-89 601.3894
-88 561.6016
-87 537.0407
-86 494.776
-85 483.9188
-84 502.8904
-83 513.8104
-82 493.0514
-81 513.3792
-80 492.4164
-79 497.3044
-78 505.8949
-77 529.1008
-76 489.397
-75 469.5759
-74 436.0211
-73 457.2119
-72 437.8855
-71 438.982
-70 449.8578
-69 412.6278
-68 387.7969
-67 375.1439
-66 375.9014
-65 357.7871
-64 362.5929
-63 323.0387
-62 331.7819
-61 329.2863
-60 320.5068
-59 293.9069
-58 298.4043
-57 289.329
-56 291.8136
-55 294.9424
-54 318.3984
-53 291.7265
-52 296.1897
-51 301.8832
-50 289.7403
-49 284.5578
-48 267.1297
-47 259.5262
-46 249.4502
-45 241.5933
-44 223.0797
-43 233.9217
-42 230.9715
-41 215.5492
-40 203.0812
-39 203.396
-38 214.2534
-37 201.5134
-36 182.864
-35 212.7735
-34 199.1261
-33 196.9032
-32 175.7712
-31 188.4493
-30 198.8005
-29 199.7532
-28 221.1929
-27 211.9445
-26 200.7416
-25 211.6687
-24 222.6194
-23 205.4523
-22 234.2019
-21 226.636
-20 233.1622
-19 207.3074
-18 209.4476
-17 198.7762
-16 186.0827
-15 204.2373
-14 223.4825
-13 216.2485
-12 216.168
-11 223.2106
-10 253.6243
-9 253.2665
-8 286.8654
-7 294.7104
-6 328.9797
-5 336.9649
-4 309.3066
-3 294.6055
-2 309.3329
-1 298.4591
0 322.3141
1 341.244
2 317.5883
3 362.9402
4 371.4798
5 364.2335
6 362.9577
7 380.2145
8 351.1292
9 315.4608
10 350.1296
11 343.4814
12 313.9158
13 309.9231
14 305.4552
15 352.5172
16 363.0172
17 339.1571
18 325.4357
19 341.2657
20 348.169
21 333.5574
22 326.2293
23 309.9861
24 333.4133
25 353.4673
26 338.347
27 334.1088
28 362.3279
29 384.823
30 371.5143
31 353.2709
32 389.276
33 371.2752
34 353.5634
35 330.3953
36 318.2063
37 308.4813
38 303.4691
39 353.8102
40 361.0636
41 387.9554
42 381.9752
43 412.1015
44 414.1916
45 421.0093
46 427.5012
47 438.7534
48 400.4865
49 410.5822
50 420.1548
51 427.6432
52 433.3454
53 442.2741
54 442.8069
55 423.6534
56 411.5955
57 432.4
58 431.8763
59 417.7611
60 434.554
61 437.8979
62 430.1885
63 435.5241
64 432.1698
65 447.9584
66 447.5615
67 451.5706
68 472.2722
69 443.427
70 476.3263
71 480.4192
72 461.2452
73 493.2145
74 506.813
75 517.4277
76 538.6245
77 486.634
78 499.8245
79 512.6945
80 517.3427
81 502.8162
82 532.7487
83 509.0094
84 539.4178
85 532.7355
86 566.8914
87 584.4235
88 574.9059
89 614.9096
