-90 873.2275
-89 875.4343
-88 890.8934
-87 1007.2781
-86 1047.7029
-85 1010.601
-84 1000.0275
-83 1023.573
-82 1015.3651
-81 1027.7058
-80 1079.3629
-79 1011.8607
-78 1045.0283
-77 1139.1782
-76 1118.238
-75 1120.0511
-74 1096.8241
-73 1068.9928
-72 1050.3046
-71 1092.1261
-70 1111.2386
-69 1075.4558
-68 1085.5825
-67 1110.3057
-66 1070.6172
-65 1061.1499
-64 1054.2638
-63 1049.0898
-62 1056.6061
-61 1041.9998
-60 1023.8956
-59 990.7678
-58 948.1577
-57 880.5588
-56 885.4376
-55 905.896
-54 841.7084
-53 787.817
-52 765.0101
-51 746.8974
-50 722.2242
-49 697.8931
-48 648.1473
-47 667.3981
-46 612.1893
-45 589.39
-44 554.614
-43 540.6878
-42 582.7999
-41 565.6885
-40 559.6574
-39 531.2626
-38 535.947
-37 530.7714
-36 494.4554
-35 467.7952
-34 480.241
-33 524.436
-32 439.5444
-31 434.255
-30 418.7125
-29 413.9006
-28 417.6427
-27 417.0717
-26 399.766
-25 370.2527
-24 397.1063
-23 401.6805
-22 381.5539
-21 350.0194
-20 348.724
-19 340.8022
-18 330.6494
-17 321.795
-16 309.2637
-15 297.1472
-14 293.3882
-13 275.1479
-12 267.7699
-11 272.4496
-10 267.9937
-9 275.7599
-8 277.6001
-7 254.6274
-6 257.7573
-5 284.698
-4 279.1762
-3 288.7746
-2 262.3247
-1 269.075
0 243.2111
1 246.3721
2 235.5653
3 224.576
4 232.4509
5 232.9365
6 238.9432
7 208.6956
8 210.5141
9 227.8347
10 227.3647
11 223.1337
12 214.6389
13 216.4284
14 229.0567
15 214.2529
16 196.8306
17 192.8469
18 181.741
19 186.2031
20 189.2176
21 200.0351
22 182.1401
23 173.8291
24 178.3051
25 179.149
26 176.263
27 193.5753
28 196.0323
29 207.1883
30 220.9722
31 213.2805
32 211.385
33 205.1308
34 203.6965
35 207.8884
36 192.543
37 187.7122
38 216.226
39 224.2563
40 224.5837
41 219.6147
42 222.2871
43 237.5744
44 246.6493
45 252.1189
46 244.9162
47 233.9654
48 241.0213
49 251.0599
50 255.5589
51 267.077
52 278.2425
53 293.5931
54 277.8662
55 267.3978
56 297.6662
57 314.15
58 328.6144
59 319.6327
60 322.2841
61 331.5224
62 325.3766
63 353.7601
64 351.398
65 387.5197
66 402.2605
67 408.8023
68 426.9877
69 390.1337
70 413.2151
71 437.369
72 445.8207
73 475.5825
74 495.6693
75 486.8958
76 511.2564
77 521.1691
78 540.47
79 585.4721
80 622.1541
81 685.4968
82 710.8904
83 702.2943
84 695.4079
85 711.2849
86 771.7023
87 792.5123
88 854.9285
89 872.3169
