-90 1000.943
-89 1004.3989
-88 1010.287
-87 1027.9867
-86 1022.2814
-85 1115.3403
-84 1066.0293
-83 1026.5355
-82 1061.5592
-81 1002.9371
-80 1059.4664
-79 1046.8052
-78 1038.0682
-77 1021.8436
-76 990.3909
-75 1081.145
-74 1092.1788
-73 1038.5325
-72 1124.9752
-71 1112.1655
-70 1073.755
-69 1007.436
-68 987.4748
-67 980.1394
-66 1010.2053
-65 951.463
-64 901.6905
-63 942.0037
-62 912.102
-61 981.4953
-60 989.6368
-59 975.5204
-58 969.9361
-57 892.405
-56 849.9407
-55 846.6415
-54 809.8859
-53 818.8884
-52 777.2998
-51 801.9528
-50 769.2751
-49 751.27
-48 757.0746
-47 746.4641
-46 697.9864
-45 653.9457
-44 668.3968
-43 641.8278
-42 629.0858
-41 633.2516
-40 597.502
-39 606.0801
-38 595.6062
-37 533.9457
-36 557.32
-35 555.1478
-34 530.4077
-33 550.5251
-32 498.6862
-31 476.255
-30 453.6935
-29 447.8165
-28 429.0416
-27 457.0156
-26 413.0679
-25 423.6087
-24 387.462
-23 409.6121
-22 374.2706
-21 343.5892
-20 321.1572
-19 315.5163
-18 278.1691
-17 287.6474
-16 288.3937
-15 297.6259
-14 292.9052
-13 285.626
-12 282.5485
-11 268.3591
-10 266.0641
-9 267.1093
-8 263.0709
-7 265.9202
-6 259.4183
-5 283.481
-4 272.2744
-3 265.127
-2 270.9264
-1 263.4737
0 254.4142
1 245.1644
2 252.1225
3 243.5322
4 248.4588
5 266.9056
6 272.2268
7 252.5519
8 253.4781
9 245.2344
10 238.9752
11 245.017
12 264.8367
13 265.4936
14 249.3149
15 273.6864
16 278.6863
17 249.3829
18 255.5787
19 253.1705
20 255.0451
21 241.7025
22 246.8448
23 232.5611
24 225.0821
25 221.0389
26 219.0107
27 235.1882
28 229.7183
29 225.884
30 257.1263
31 266.3537
32 266.9796
33 282.5763
34 245.7845
35 267.3287
36 253.5041
37 265.661
38 252.7023
39 260.9931
40 273.9417
41 296.901
42 277.4948
43 300.7243
44 325.0776
45 353.1606
46 345.1299
47 373.4368
48 332.6466
49 327.093
50 303.2492
51 322.2988
52 338.9117
53 364.0249
54 382.3231
55 381.3004
56 397.4401
57 408.0699
58 415.9144
59 415.4526
60 426.0571
61 429.1223
62 455.8677
63 478.9081
64 457.6825
65 463.9544
66 509.6736
67 530.3706
68 573.396
69 615.2739
70 641.4421
71 643.1861
72 650.1296
73 693.4596
74 680.9465
75 671.7036
76 670.4432
77 724.8502
78 766.1407
79 810.0626
80 832.96
81 886.663
82 925.2136
83 880.6119
84 899.6689
85 930.7041
86 914.665
87 917.9909
88 940.9079
89 986.6815
