-90 972.7181
-89 995.0516
-88 1022.1355
-87 1038.7104
-86 1047.3367
-85 1102.8655
-84 1118.1099
-83 1128.1292
-82 1102.0675
-81 1056.0439
-80 1069.7246
-79 1042.1733
-78 1043.0712
-77 1072.0475
-76 1088.058
-75 1020.3525
-74 1013.8309
-73 981.8965
-72 982.3812
-71 974.6669
-70 934.624
-69 896.928
-68 895.5091
-67 850.9097
-66 807.4679
-65 805.6619
-64 793.7726
-63 815.0433
-62 722.6974
-61 699.9991
-60 715.4003
-59 673.3764
-58 658.6114
-57 678.7675
-56 630.1199
-55 563.7998
-54 553.0101
-53 497.8699
-52 480.1988
-51 469.4401
-50 490.5304
-49 490.7029
-48 460.8522
-47 425.3723
-46 404.0946
-45 389.8842
-44 369.1338
-43 392.9092
-42 398.1997
-41 363.9767
-40 353.3287
-39 345.7398
-38 355.859
-37 342.7871
-36 325.0952
-35 277.4408
-34 271.5235
-33 254.7976
-32 219.701
-31 225.5557
-30 226.1871
-29 235.9283
-28 230.6777
-27 243.9084
-26 220.5419
-25 228.7423
-24 216.5252
-23 215.5756
-22 204.8444
-21 190.2408
-20 194.0844
-19 193.2001
-18 200.0227
-17 189.861
-16 176.811
-15 167.3905
-14 168.8098
-13 175.2664
-12 145.9688
-11 158.6565
-10 176.9384
-9 152.9023
-8 170.2546
-7 191.7636
-6 170.1402
-5 172.7348
-4 178.0999
-3 167.2839
-2 163.8125
-1 162.2819
0 159.6041
1 121.2307
2 131.5395
3 137.3819
4 136.7515
5 127.0732
6 133.1077
7 122.4825
8 121.5542
9 132.4491
10 128.8287
11 128.8976
12 125.2163
13 114.6896
14 123.2191
15 118.9365
16 107.5739
17 107.3671
18 105.7926
19 108.3632
20 114.3262
21 109.1206
22 110.365
23 107.1885
24 137.4308
25 139.4378
26 136.8163
27 134.3974
28 136.3434
29 128.3083
30 118.8209
31 115.269
32 116.7198
33 121.663
34 118.0626
35 122.7027
36 142.8502
37 143.459
38 135.5689
39 147.9029
40 174.4958
41 175.8559
42 195.009
43 195.188
44 191.6582
45 213.3511
46 209.7065
47 206.9037
48 205.8273
49 222.9384
50 223.5883
51 242.8102
52 261.3464
53 258.6221
54 263.7417
55 267.3994
56 292.8084
57 351.7856
58 330.3544
59 345.8972
60 367.7151
61 370.7286
62 366.2962
63 368.1842
64 407.2552
65 378.1836
66 373.3142
67 397.8158
68 428.0628
69 403.4688
70 444.8069
71 499.4087
72 520.8008
73 574.3773
74 612.0755
75 612.0172
76 665.1602
77 748.356
78 781.8718
79 782.9962
80 757.6248
81 792.8844
82 854.0492
83 897.3943
84 957.2167
85 969.2866
86 954.746
87 1001.9792
88 985.2972
89 942.6443
