-90 1358.7943
-89 1374.7695
-88 1400.8986
-87 1274.2788
-86 1234.9413
-85 1277.8248
-84 1265.526
-83 1234.6609
-82 1167.1669
-81 1051.6508
-80 1043.8521
-79 1037.9355
-78 966.2514
-77 964.9557
-76 907.3082
-75 869.647
-74 853.5599
-73 812.6976
-72 750.894
-71 770.0604
-70 764.7321
-69 735.658
-68 665.7884
-67 621.4396
-66 578.8661
-65 543.6788
-64 502.3755
-63 468.0404
-62 460.4618
-61 448.3342
-60 418.5939
-59 408.482
-58 373.6173
-57 339.4174
-56 317.9179
-55 309.7318
-54 284.2582
-53 251.8336
-52 242.8008
-51 226.7171
-50 207.6008
-49 226.9402
-48 209.8675
-47 195.6859
-46 189.6512
-45 176.4456
-44 164.0344
-43 152.8869
-42 167.0497
-41 145.6348
-40 134.0387
-39 118.3289
-38 130.9291
-37 128.6163
-36 106.7479
-35 92.3729
-34 85.58
-33 91.9785
-32 89.7901
-31 82.169
-30 92.9301
-29 93.2202
-28 71.3458
-27 86.959
-26 77.8525
-25 67.1395
-24 57.3736
-23 51.8368
-22 71.1218
-21 78.4698
-20 80.0482
-19 82.5313
-18 85.7921
-17 80.1867
-16 91.963
-15 98.2824
-14 109.0575
-13 103.5781
-12 111.3002
-11 86.52
-10 83.1479
-9 70.4626
-8 69.446
-7 70.3824
-6 74.3634
-5 68.3825
-4 60.734
-3 80.3514
-2 64.579
-1 63.7124
0 76.4068
1 79.2107
2 76.8022
3 73.3185
4 71.325
5 70.829
6 68.993
7 69.9938
8 85.1579
9 69.7422
10 66.2428
11 75.4094
12 70.5263
13 81.3358
14 76.1605
15 74.1902
16 74.2864
17 69.7905
18 69.6671
19 73.9311
20 79.9785
21 101.5466
22 100.138
23 86.8045
24 96.0732
25 82.3071
26 76.957
27 77.2185
28 79.5528
29 73.0342
30 86.8411
31 92.5767
32 104.204
33 94.794
34 96.0669
35 92.8437
36 96.3006
37 95.9871
38 115.6043
39 126.9588
40 121.2601
41 113.1778
42 122.5893
43 144.0609
44 137.1573
45 143.4671
46 156.4215
47 167.3406
48 189.285
49 178.9945
50 184.9252
51 208.6003
52 203.8354
53 212.1591
54 269.2003
55 285.7747
56 311.9836
57 367.6335
58 379.4805
59 409.5051
60 430.3048
61 464.8443
62 535.9395
63 548.0671
64 591.6321
65 615.3142
66 633.3782
67 646.5549
68 658.9609
69 685.33
70 739.0036
71 782.0776
72 898.2153
73 957.9645
74 967.9169
75 997.8559
76 1025.7009
77 1090.1041
78 1064.6548
79 1137.0431
80 1177.5332
81 1240.9657
82 1162.796
83 1175.4415
84 1199.1993
85 1207.4977
86 1272.7217
87 1288.5804
88 1288.0055
89 1375.2987
