-90 916.847
-89 894.2534
-88 894.5724
-87 921.2643
-86 885.976
-85 877.5033
-84 908.3421
-83 904.2432
-82 938.1924
-81 982.9734
-80 995.8398
-79 931.7693
-78 934.6083
-77 896.9532
-76 801.0085
-75 808.1442
-74 751.0793
-73 710.3591
-72 600.8426
-71 539.9716
-70 561.1049
-69 510.4314
-68 466.621
-67 432.7686
-66 399.8409
-65 356.6017
-64 315.2222
-63 306.6379
-62 258.925
-61 248.9711
-60 241.2989
-59 192.8202
-58 182.1121
-57 184.2913
-56 163.2527
-55 154.2267
-54 153.5465
-53 153.1359
-52 126.3725
-51 103.6986
-50 89.1574
-49 88.7222
-48 86.8002
-47 85.9909
-46 85.734
-45 78.664
-44 80.123
-43 76.235
-42 91.1903
-41 66.5561
-40 48.2848
-39 52.5807
-38 42.1769
-37 43.3084
-36 56.2023
-35 42.2463
-34 29.6966
-33 27.5398
-32 34.0138
-31 36.9004
-30 29.7621
-29 36.2751
-28 27.9917
-27 27.9959
-26 39.8342
-25 28.18
-24 26.7771
-23 31.1923
-22 34.4839
-21 47.0552
-20 39.7224
-19 35.7453
-18 38.0773
-17 33.6045
-16 38.8075
-15 30.0466
-14 24.5509
-13 20.7823
-12 16.69
-11 15.909
-10 16.5824
-9 16.4916
-8 25.4602
-7 20.6063
-6 21.3081
-5 20.7374
-4 19.193
-3 19.1489
-2 22.7151
-1 16.849
0 20.1208
1 21.4105
2 26.1334
3 24.0201
4 22.2761
5 22.9099
6 30.5704
7 25.0039
8 33.3862
9 25.8118
10 24.3575
11 23.4593
12 23.1476
13 24.5533
14 21.1435
15 27.3075
16 28.1695
17 25.7187
18 24.5875
19 28.819
20 28.4247
21 35.2446
22 32.0731
23 41.8141
24 47.7552
25 40.2734
26 34.6034
27 37.9139
28 33.2834
29 37.7062
30 36.6388
31 35.0906
32 32.8997
33 51.4093
34 50.8857
35 53.4698
36 47.7639
37 47.924
38 46.0386
39 49.7132
40 53.2361
41 51.2948
42 52.5152
43 65.1266
44 53.1428
45 58.3197
46 57.616
47 61.8409
48 76.6551
49 76.7818
50 90.0562
51 93.8578
52 122.0769
53 143.8676
54 129.9523
55 130.7921
56 132.1945
57 143.4601
58 152.9471
59 151.8116
60 182.9037
61 213.0636
62 227.1085
63 237.3363
64 258.5593
65 257.1505
66 282.5987
67 284.1935
68 313.188
69 342.9661
70 334.0346
71 367.979
72 410.4207
73 466.8541
74 514.4684
75 522.8958
76 546.4686
77 591.686
78 619.9685
79 632.8196
80 677.828
81 703.8354
82 741.7232
83 744.3255
84 800.9236
85 838.9785
86 833.0067
87 827.0901
88 855.3428
89 924.761
