-90 2997.2092
-89 2959.4229
-88 2869.2634
-87 2856.8511
-86 2935.8572
-85 2908.1079
-84 2905.1829
-83 2831.2795
-82 2754.021
-81 2635.8057
-80 2557.78
-79 2436.9307
-78 2342.323
-77 2286.074
-76 2228.8247
-75 2173.8965
-74 2023.1047
-73 1880.0562
-72 1772.2272
-71 1670.9353
-70 1595.1774
-69 1515.459
-68 1419.0327
-67 1260.749
-66 1212.9026
-65 1170.3441
-64 1079.5973
-63 1012.3242
-62 955.014
-61 910.6135
-60 813.7975
-59 727.423
-58 712.1717
-57 611.4682
-56 583.7045
-55 564.1825
-54 509.5013
-53 444.2169
-52 444.7991
-51 406.3318
-50 415.9602
-49 378.507
-48 354.3392
-47 315.1826
-46 271.5557
-45 264.8289
-44 254.487
-43 237.7528
-42 240.3323
-41 233.6415
-40 221.8598
-39 196.5441
-38 182.9272
-37 185.1807
-36 155.7887
-35 137.2161
-34 137.0947
-33 129.873
-32 132.5748
-31 128.7537
-30 142.2254
-29 150.9078
-28 130.6133
-27 135.6782
-26 121.6315
-25 115.1203
-24 108.964
-23 105.6062
-22 102.6664
-21 101.0228
-20 101.8054
-19 93.7436
-18 81.8064
-17 87.9375
-16 78.3645
-15 72.6106
-14 82.0839
-13 79.2326
-12 74.3487
-11 75.0996
-10 57.4251
-9 78.9803
-8 74.419
-7 79.6627
-6 73.9385
-5 70.6571
-4 69.8039
-3 64.7462
-2 66.5965
-1 88.0157
0 83.0024
1 85.2199
2 74.5459
3 66.3113
4 60.8224
5 69.0356
6 80.5214
7 74.3787
8 91.6381
9 95.9819
10 102.7837
11 99.2766
12 101.2706
13 91.1998
14 93.7131
15 99.0787
16 104.8242
17 102.7147
18 100.0354
19 99.7889
20 101.3356
21 92.687
22 90.8013
23 93.2751
24 115.6673
25 136.256
26 139.2151
27 143.0211
28 161.9991
29 172.1129
30 164.6878
31 166.8792
32 166.7126
33 175.4277
34 166.9687
35 172.4221
36 168.0636
37 164.7716
38 182.9382
39 182.7017
40 191.7112
41 203.3739
42 232.8962
43 239.6945
44 251.5496
45 252.2077
46 252.1805
47 243.3251
48 280.2399
49 253.2265
50 280.1328
51 300.7394
52 307.2055
53 310.9558
54 341.631
55 402.6785
56 389.3909
57 452.5478
58 461.0155
59 491.2401
60 501.6299
61 564.1736
62 636.7679
63 701.8454
64 774.8923
65 802.5232
66 849.4396
67 958.7286
68 979.4088
69 1013.5395
70 1173.251
71 1302.3158
72 1362.905
73 1422.2267
74 1548.0396
75 1658.7018
76 1781.1742
77 1902.1932
78 1988.5388
79 2182.8833
80 2210.47
81 2316.3086
82 2444.9675
83 2569.5098
84 2706.9617
85 2812.8423
86 2949.427
87 2987.9128
88 3049.6042
89 3038.5906
