-90 1557.6365
-89 1600.8668
-88 1585.6852
-87 1587.0693
-86 1570.2306
-85 1554.9497
-84 1558.5558
-83 1511.7791
-82 1427.5659
-81 1382.1898
-80 1371.371
-79 1273.3358
-78 1165.391
-77 1119.6094
-76 973.9446
-75 945.8116
-74 868.0938
-73 860.0897
-72 840.8584
-71 775.5281
-70 739.7764
-69 752.9359
-68 726.1775
-67 613.314
-66 556.2634
-65 498.3971
-64 491.5439
-63 454.4594
-62 413.5569
-61 379.8252
-60 327.876
-59 293.7083
-58 284.8881
-57 284.009
-56 266.0966
-55 235.4642
-54 216.0128
-53 195.2867
-52 187.869
-51 181.5415
-50 158.9856
-49 148.7334
-48 143.7266
-47 121.1355
-46 125.1712
-45 109.0927
-44 97.137
-43 81.2266
-42 73.7694
-41 68.6066
-40 70.5898
-39 68.392
-38 62.915
-37 54.5002
-36 47.8812
-35 40.4847
-34 50.2629
-33 45.0152
-32 28.787
-31 39.6701
-30 45.4388
-29 33.9514
-28 38.7514
-27 42.3461
-26 36.1159
-25 41.4081
-24 37.8304
-23 41.1164
-22 38.2017
-21 50.7844
-20 34.2717
-19 31.9705
-18 39.2486
-17 36.8124
-16 38.4971
-15 43.489
-14 43.9094
-13 31.8887
-12 37.2122
-11 37.7465
-10 37.5416
-9 31.0828
-8 29.6938
-7 23.5087
-6 31.7548
-5 33.9936
-4 46.0828
-3 55.7238
-2 57.907
-1 51.7763
0 49.838
1 50.4302
2 45.4394
3 42.6377
4 56.4109
5 41.5686
6 33.5969
7 34.3884
8 45.0756
9 40.7055
10 36.5236
11 34.5993
12 29.3821
13 31.708
14 46.4376
15 27.2682
16 27.7177
17 31.6111
18 43.2682
19 40.9949
20 44.4462
21 56.7478
22 52.3145
23 42.1883
24 52.3037
25 60.9753
26 57.8417
27 63.4116
28 57.4789
29 71.4774
30 53.4457
31 64.3945
32 68.3339
33 73.6655
34 58.037
35 66.0343
36 76.1022
37 80.3427
38 77.8112
39 69.1151
40 72.216
41 68.9382
42 68.0583
43 84.3577
44 86.1887
45 89.3059
46 100.6984
47 115.726
48 146.9643
49 149.6332
50 156.824
51 163.4082
52 175.1276
53 184.7195
54 188.2185
55 228.6821
56 240.7021
57 234.3625
58 286.3221
59 290.4064
60 270.0441
61 291.4583
62 327.8757
63 333.6318
64 376.3065
65 392.665
66 438.6143
67 484.9077
68 529.273
69 580.3476
70 578.884
71 614.7374
72 682.5145
73 782.4185
74 811.4764
75 824.2974
76 858.9024
77 888.7869
78 862.3066
79 930.1768
80 1014.3848
81 1062.5229
82 1118.6847
83 1163.0298
84 1198.1562
85 1256.0582
86 1318.4266
87 1373.226
88 1469.4681
89 1553.6272
