-90 827.7219
-89 829.1573
-88 836.6274
-87 842.0099
-86 860.2846
-85 848.8217
-84 879.218
-83 806.5121
-82 838.8381
-81 852.0693
-80 791.1679
-79 733.2471
-78 694.1958
-77 700.2749
-76 673.2839
-75 690.4519
-74 638.561
-73 612.0207
-72 564.7533
-71 508.7556
-70 474.427
-69 453.9995
-68 469.4939
-67 486.045
-66 468.3259
-65 456.7493
-64 457.0479
-63 414.3059
-62 398.2658
-61 328.6652
-60 279.9749
-59 302.6433
-58 264.6602
-57 223.5523
-56 203.1543
-55 192.5576
-54 172.5334
-53 172.5825
-52 142.1982
-51 135.6857
-50 139.7915
-49 130.551
-48 133.2271
-47 131.0789
-46 104.4562
-45 92.1874
-44 81.9062
-43 79.4752
-42 85.6077
-41 90.9245
-40 89.1405
-39 74.1576
-38 78.6337
-37 76.0213
-36 83.4492
-35 81.5149
-34 73.5405
-33 61.3873
-32 58.5006
-31 50.5148
-30 45.9363
-29 51.2539
-28 48.4358
-27 48.3438
-26 30.3231
-25 34.5804
-24 42.4997
-23 38.2567
-22 37.0763
-21 37.5023
-20 35.9205
-19 41.0616
-18 38.2951
-17 40.142
-16 30.6852
-15 39.683
-14 31.6654
-13 23.4187
-12 19.403
-11 19.4568
-10 23.5634
-9 26.0202
-8 25.8613
-7 25.7411
-6 21.6299
-5 27.1657
-4 23.8117
-3 18.1953
-2 20.373
-1 16.9047
0 15.4006
1 21.5413
2 34.8236
3 27.9207
4 27.788
5 29.2461
6 28.0145
7 36.3124
8 44.498
9 46.4655
10 36.6186
11 46.3325
12 50.7147
13 61.038
14 68.8398
15 85.2101
16 55.5291
17 42.1971
18 39.9902
19 21.9361
20 27.6319
21 28.5781
22 36.7535
23 37.8878
24 36.8148
25 31.2688
26 28.1739
27 28.4941
28 40.2819
29 38.9106
30 32.574
31 33.9186
32 42.6038
33 43.8707
34 56.4448
35 44.8102
36 38.2043
37 44.8326
38 50.6698
39 51.1333
40 49.4882
41 53.8834
42 53.0092
43 55.6376
44 77.9581
45 93.7467
46 86.2355
47 90.3353
48 101.9295
49 98.2776
50 87.6402
51 86.9603
52 100.3581
53 121.2339
54 150.328
55 177.8435
56 200.4604
57 209.0336
58 209.6077
59 237.4685
60 266.31
61 277.0115
62 300.4177
63 352.2671
64 341.5567
65 361.5748
66 382.7689
67 416.062
68 490.8979
69 520.6416
70 554.9648
71 594.1805
72 644.9373
73 642.1223
74 670.0927
75 675.1186
76 682.5554
77 688.124
78 719.2295
79 717.5413
80 743.0551
81 776.0358
82 826.2437
83 838.407
84 824.3506
85 796.0269
86 838.5124
87 870.9882
88 848.415
89 894.9267
