-90 1160.2957
-89 1198.0111
-88 1163.8781
-87 1121.2094
-86 1014.5483
-85 996.4535
-84 990.8831
-83 1051.6431
-82 1031.7134
-81 1070.8524
-80 1016.835
-79 1007.6678
-78 997.8333
-77 1001.2166
-76 1015.3744
-75 954.2934
-74 927.7731
-73 885.7953
-72 906.0082
-71 855.5394
-70 806.4525
-69 771.5131
-68 764.8179
-67 766.2825
-66 680.2797
-65 620.551
-64 600.5565
-63 605.6732
-62 546.2567
-61 524.2009
-60 507.8482
-59 488.8472
-58 480.9491
-57 485.6389
-56 456.1941
-55 424.3043
-54 419.6928
-53 406.9444
-52 417.7915
-51 387.4136
-50 341.6369
-49 308.3774
-48 296.3138
-47 339.3788
-46 327.6526
-45 295.2938
-44 296.7788
-43 314.7567
-42 298.8294
-41 278.7575
-40 269.2992
-39 246.496
-38 262.5943
-37 261.0088
-36 242.0554
-35 225.0573
-34 219.6447
-33 211.285
-32 195.2486
-31 185.7946
-30 189.1742
-29 169.2335
-28 178.982
-27 144.4011
-26 171.2099
-25 165.3191
-24 143.6735
-23 133.7505
-22 133.5569
-21 135.6646
-20 121.8011
-19 116.5614
-18 121.0195
-17 119.8026
-16 115.8965
-15 81.1566
-14 90.0369
-13 93.1125
-12 91.2844
-11 86.2558
-10 83.3707
-9 77.1946
-8 101.8429
-7 75.1603
-6 85.8003
-5 99.9507
-4 94.628
-3 93.1854
-2 77.699
-1 63.4854
0 80.6328
1 71.2143
2 76.4803
3 65.8433
4 59.806
5 76.8493
6 79.5273
7 77.8139
8 77.3375
9 79.5917
10 83.1413
11 95.4553
12 87.5089
13 88.79
14 98.7171
15 95.1819
16 91.6881
17 72.3483
18 64.0019
19 60.768
20 64.2621
21 67.3836
22 73.8151
23 78.5449
24 67.5837
25 77.0966
26 79.9128
27 73.6911
28 71.3601
29 70.2861
30 62.876
31 58.9691
32 54.7666
33 53.1653
34 70.5277
35 67.8113
36 73.5947
37 65.6604
38 70.863
39 75.4122
40 78.4047
41 78.4525
42 93.1174
43 95.0835
44 99.6367
45 99.3346
46 108.5099
47 126.3599
48 129.8844
49 134.12
50 138.8931
51 144.5034
52 147.5815
53 165.7843
54 169.0222
55 199.4451
56 210.6063
57 219.376
58 257.7198
59 282.8369
60 308.835
61 337.1114
62 368.4497
63 379.4868
64 428.1133
65 451.4361
66 479.8893
67 505.3795
68 581.9924
69 617.9815
70 687.7009
71 729.9003
72 814.027
73 841.1199
74 907.1225
75 922.082
76 933.5186
77 1024.2098
78 1039.0425
79 1065.3744
80 1098.1941
81 1117.2629
82 1134.7012
83 1173.9039
84 1158.6971
85 1127.4822
86 1198.8536
87 1174.9296
88 1145.2059
89 1133.402
