
387
0 0 2 2 311 43 311 94 
0 1 2 2 328 96 324 46 
0 2 2 2 340 9 344 48 
0 3 2 2 423 63 437 113 
0 4 2 2 459 114 464 76 
0 5 2 2 469 46 477 76 
0 6 2 2 510 58 503 11 
0 7 2 2 533 53 520 6 
0 8 2 2 538 8 547 54 
0 9 2 2 594 61 587 23 
0 10 2 2 609 0 618 34 
0 11 2 2 637 81 633 38 
0 12 2 2 657 26 665 61 
0 13 2 2 683 93 680 36 
0 14 2 2 700 48 699 79 
0 15 2 2 758 66 759 21 
0 16 2 2 774 6 783 44 
0 17 2 2 807 149 808 101 
0 18 2 2 769 129 772 161 
0 19 2 2 730 175 714 123 
0 20 2 2 657 163 678 193 
0 21 2 2 617 208 607 181 
0 22 2 2 579 171 564 126 
0 23 2 2 498 160 509 220 
0 24 2 2 493 280 480 229 
0 25 2 2 434 251 444 296 
0 26 2 2 403 353 423 308 
0 27 2 2 390 332 400 296 
0 28 2 2 384 294 388 260 
0 29 2 2 371 255 369 293 
0 30 2 2 349 296 354 263 
0 31 2 2 370 313 361 342 
0 32 2 2 329 362 338 324 
0 33 2 2 253 300 260 256 
0 34 2 2 235 243 233 274 
0 35 2 2 211 275 210 240 
0 36 2 2 209 193 209 136 
0 37 2 2 189 131 199 198 
0 38 2 2 140 201 125 173 
0 39 2 2 90 130 105 179 
0 40 2 2 397 953 415 980 
0 41 2 2 29 60 40 105 
0 42 2 2 30 148 15 90 
0 43 2 2 84 244 91 288 
0 44 2 2 111 310 121 395 
0 45 2 2 114 424 101 362 
0 46 2 2 168 377 189 309 
0 47 2 2 205 307 193 364 
0 48 2 2 233 519 258 457 
0 49 2 2 231 445 231 484 
0 50 2 2 213 462 204 519 
0 51 2 2 184 573 189 509 
0 52 2 2 160 515 166 582 
0 53 2 2 161 514 180 458 
0 54 2 2 158 460 159 487 
0 55 2 2 111 617 116 638 
0 56 2 2 145 617 145 641 
0 57 2 2 184 631 186 673 
0 58 2 2 225 674 215 611 
0 59 2 2 226 588 235 646 
0 60 2 2 260 664 271 608 
0 61 2 2 279 663 269 697 
0 62 2 2 235 777 261 721 
0 63 2 2 210 676 205 707 
0 64 2 2 186 697 195 748 
0 65 2 2 131 769 130 828 
0 66 2 2 109 807 113 756 
0 67 2 2 81 758 85 793 
0 68 2 2 68 799 59 757 
0 69 2 2 24 687 20 718 
0 70 2 2 113 876 108 915 
0 71 2 2 130 915 136 881 
0 72 2 2 170 893 166 922 
0 73 2 2 191 927 190 876 
0 74 2 2 214 892 200 932 
0 75 2 2 203 965 204 993 
0 76 2 2 190 1015 186 967 
0 77 2 2 170 951 169 1010 
0 78 2 2 155 1073 138 1011 
0 79 2 2 191 1021 216 1065 
0 80 2 2 191 1085 206 1137 
0 81 2 2 191 1141 174 1073 
0 82 2 2 169 1132 173 1163 
0 83 2 2 149 1122 139 1092 
0 84 2 2 81 1070 69 1040 
0 85 2 2 66 990 53 951 
0 86 2 2 11 878 24 922 
0 87 2 2 29 1057 48 1101 
0 88 2 2 21 1076 38 1110 
0 89 2 2 323 1175 349 1122 
0 90 2 2 309 1113 308 1155 
0 91 2 2 253 1101 250 1053 
0 92 2 2 228 948 235 996 
0 93 2 2 329 1073 320 1020 
0 94 2 2 350 1011 351 988 
0 95 2 2 349 953 336 916 
0 96 2 2 326 896 335 846 
0 97 2 2 365 861 366 911 
0 98 2 2 371 930 374 978 
0 99 2 2 424 1091 410 1037 
0 100 2 2 429 1037 434 1065 
0 101 2 2 445 1063 455 1108 
0 102 2 2 428 906 430 867 
0 103 2 2 467 848 467 907 
0 104 2 2 400 821 403 794 
0 105 2 2 373 773 375 807 
0 106 2 2 333 827 330 786 
0 107 2 2 325 763 323 732 
0 108 2 2 311 721 328 657 
0 109 2 2 303 721 301 762 
0 110 2 2 435 767 447 726 
0 111 2 2 427 696 423 722 
0 112 2 2 459 721 467 694 
0 113 2 2 457 659 462 600 
0 114 2 2 443 564 442 580 
0 115 2 2 419 598 417 618 
0 116 2 2 364 534 358 483 
0 117 2 2 336 482 339 522 
0 118 2 2 413 469 422 384 
0 119 2 2 366 365 365 390 
0 120 2 2 450 462 470 514 
0 121 2 2 470 443 488 489 
0 122 2 2 534 573 538 524 
0 123 2 2 555 518 563 573 
0 124 2 2 602 637 599 557 
0 125 2 2 604 527 603 583 
0 126 2 2 639 588 630 545 
0 127 2 2 648 632 643 691 
0 128 2 2 589 672 592 631 
0 129 2 2 562 637 557 681 
0 130 2 2 522 664 522 617 
0 131 2 2 538 716 539 758 
0 132 2 2 499 769 497 738 
0 133 2 2 539 806 534 857 
0 134 2 2 552 836 558 782 
0 135 2 2 593 798 593 837 
0 136 2 2 599 854 614 884 
0 137 2 2 594 896 610 927 
0 138 2 2 640 963 640 916 
0 139 2 2 667 950 670 898 
0 140 2 2 683 884 704 828 
0 141 2 2 703 871 697 940 
0 142 2 2 730 940 743 899 
0 143 2 2 527 928 524 991 
0 144 2 2 689 1088 687 1026 
0 145 2 2 659 1026 665 1077 
0 146 2 2 705 1022 709 981 
0 147 2 2 727 1015 725 1036 
0 148 2 2 524 1168 522 1208 
0 149 2 2 505 1187 503 1210 
0 150 2 2 437 1172 440 1212 
0 151 2 2 259 1170 239 1207 
0 152 2 2 763 1183 773 1142 
0 153 2 2 767 1141 752 1171 
0 154 2 2 697 1176 695 1145 
0 155 2 2 744 1081 753 1047 
0 156 2 2 784 1050 789 982 
0 157 2 2 770 972 773 990 
0 158 2 2 852 906 864 826 
0 159 2 2 918 844 918 917 
0 160 2 2 928 852 926 813 
0 161 2 2 916 804 923 748 
0 162 2 2 933 672 933 719 
0 163 2 2 958 737 964 669 
0 164 2 2 907 633 907 693 
0 165 2 2 854 699 856 672 
0 166 2 2 807 718 809 779 
0 167 2 2 948 925 958 892 
0 168 2 2 979 869 974 928 
0 169 2 2 988 1011 993 1056 
0 170 2 2 1019 1098 1027 1042 
0 171 2 2 993 1117 989 1152 
0 172 2 2 946 1175 946 1132 
0 173 2 2 954 1117 956 1061 
0 174 2 2 911 1130 911 1172 
0 175 2 2 923 1101 938 1062 
0 176 2 2 867 1067 849 1102 
0 177 2 2 824 1175 847 1133 
0 178 2 2 805 1163 819 1108 
0 179 2 2 849 1046 847 1022 
0 180 2 2 717 782 709 754 
0 181 2 2 685 738 690 778 
0 182 2 2 689 817 682 794 
0 183 2 2 658 748 662 696 
0 184 2 2 633 741 647 799 
0 185 2 2 728 684 719 633 
0 186 2 2 723 605 730 572 
0 187 2 2 704 573 703 607 
0 188 2 2 679 605 680 575 
0 189 2 2 682 534 679 467 
0 190 2 2 702 455 699 520 
0 191 2 2 653 439 650 488 
0 192 2 2 597 493 595 459 
0 193 2 2 622 374 617 324 
0 194 2 2 558 343 557 392 
0 195 2 2 513 375 524 329 
0 196 2 2 532 274 532 305 
0 197 2 2 558 250 555 286 
0 198 2 2 595 236 595 275 
0 199 2 2 384 156 370 194 
0 200 2 2 360 218 358 173 
0 201 2 2 353 105 371 151 
0 202 2 2 694 154 693 185 
0 203 2 2 772 249 778 220 
0 204 2 2 797 198 794 233 
0 205 2 2 818 254 824 204 
0 206 2 2 819 140 822 164 
0 207 2 2 838 165 842 133 
0 208 2 2 851 76 856 99 
0 209 2 2 911 71 906 14 
0 210 2 2 928 29 932 71 
0 211 2 2 931 81 968 183 
0 212 2 2 986 188 988 101 
0 213 2 2 993 79 1003 130 
0 214 2 2 1004 203 1004 160 
0 215 2 2 1027 138 1034 190 
0 216 2 2 1048 219 1048 193 
0 217 2 2 1133 148 1133 115 
0 218 2 2 1157 23 1164 89 
0 219 2 2 1141 51 1137 4 
0 220 2 2 1231 11 1237 76 
0 221 2 2 1307 63 1310 95 
0 222 2 2 1318 56 1327 98 
0 223 2 2 1308 133 1311 118 
0 224 2 2 1256 121 1253 148 
0 225 2 2 1241 180 1236 126 
0 226 2 2 1212 155 1218 198 
0 227 2 2 1201 189 1173 129 
0 228 2 2 1144 176 1141 200 
0 229 2 2 1156 303 1167 261 
0 230 2 2 1149 270 1146 300 
0 231 2 2 1123 323 1134 290 
0 232 2 2 1131 249 1118 284 
0 233 2 2 1097 303 1104 264 
0 234 2 2 1068 251 1068 303 
0 235 2 2 1012 315 1013 255 
0 236 2 2 974 322 974 363 
0 237 2 2 981 390 986 345 
0 238 2 2 1032 365 1028 398 
0 239 2 2 1088 445 1089 397 
0 240 2 2 1114 357 1119 398 
0 241 2 2 1126 433 1151 363 
0 242 2 2 921 255 918 291 
0 243 2 2 936 355 939 318 
0 244 2 2 947 213 938 154 
0 245 2 2 907 179 902 224 
0 246 2 2 804 412 804 474 
0 247 2 2 789 483 780 442 
0 248 2 2 775 300 775 347 
0 249 2 2 728 384 728 333 
0 250 2 2 783 487 795 539 
0 251 2 2 744 587 740 533 
0 252 2 2 872 470 872 493 
0 253 2 2 889 595 889 558 
0 254 2 2 949 463 954 500 
0 255 2 2 963 608 962 562 
0 256 2 2 986 473 996 540 
0 257 2 2 1343 773 1344 753 
0 259 2 2 1056 530 1054 484 
0 260 2 2 1078 473 1077 527 
0 261 2 2 1093 605 1093 569 
0 258 2 2 1018 455 1026 499 
0 262 2 2 1031 648 1043 569 
0 263 2 2 1021 544 1017 582 
0 264 2 2 1002 604 1004 565 
0 265 2 2 976 621 979 672 
0 266 2 2 1044 678 1051 623 
0 267 2 2 1064 602 1049 535 
0 268 2 2 1123 487 1141 542 
0 269 2 2 1174 580 1149 532 
0 270 2 2 1181 539 1162 480 
0 271 2 2 1226 505 1208 445 
0 272 2 2 1223 432 1238 487 
0 273 2 2 1240 400 1247 345 
0 274 2 2 1278 334 1275 397 
0 275 2 2 1312 348 1326 310 
0 276 2 2 1347 313 1332 384 
0 277 2 2 1300 307 1310 256 
0 278 2 2 1283 225 1277 271 
0 279 2 2 1337 246 1325 200 
0 280 2 2 1386 229 1382 168 
0 281 2 2 1407 125 1412 218 
0 282 2 2 1400 109 1397 75 
0 283 2 2 1463 43 1466 90 
0 284 2 2 1467 119 1470 195 
0 285 2 2 1448 195 1425 128 
0 286 2 2 1476 140 1477 178 
0 287 2 2 1500 176 1527 246 
0 288 2 2 1558 191 1532 144 
0 289 2 2 1592 105 1601 189 
0 290 2 2 1467 367 1460 408 
0 291 2 2 1558 419 1547 344 
0 292 2 2 1565 352 1581 420 
0 293 2 2 1580 289 1571 230 
0 294 2 2 1550 259 1551 293 
0 295 2 2 1453 474 1436 413 
0 296 2 2 1458 417 1463 459 
0 297 2 2 1407 477 1411 410 
0 298 2 2 1381 422 1380 479 
0 299 2 2 1356 424 1357 473 
0 300 2 2 1265 527 1260 574 
0 301 2 2 1280 585 1277 533 
0 302 2 2 1286 559 1286 559 
0 303 2 2 1288 677 1306 629 
0 304 2 2 1267 628 1275 648 
0 305 2 2 1261 724 1258 692 
0 306 2 2 1236 677 1233 714 
0 307 2 2 1189 718 1191 682 
0 308 2 2 1186 597 1182 633 
0 309 2 2 1139 729 1136 683 
0 310 2 2 1122 681 1123 714 
0 311 2 2 1091 731 1092 701 
0 312 2 2 1082 672 1084 712 
0 313 2 2 1052 733 1043 707 
0 314 2 2 1073 754 1073 828 
0 315 2 2 1087 838 1096 781 
0 316 2 2 1148 737 1151 798 
0 317 2 2 1007 799 1003 751 
0 318 2 2 988 758 984 798 
0 319 2 2 962 811 962 772 
0 320 2 2 807 677 813 706 
0 321 2 2 1058 862 1062 891 
0 322 2 2 1078 926 1082 877 
0 323 2 2 1111 896 1119 965 
0 324 2 2 1152 888 1137 833 
0 325 2 2 1114 784 1114 844 
0 326 2 2 1186 916 1186 868 
0 327 2 2 1196 854 1198 894 
0 328 2 2 1247 806 1245 772 
0 329 2 2 1273 727 1297 679 
0 330 2 2 1307 688 1297 732 
0 331 2 2 1312 733 1317 699 
0 332 2 2 1340 684 1342 727 
0 333 2 2 1348 643 1361 603 
0 334 2 2 1403 520 1398 569 
0 335 2 2 1473 577 1477 545 
0 336 2 2 1485 529 1493 580 
0 337 2 2 1503 564 1505 528 
0 338 2 2 1516 512 1525 559 
0 339 2 2 1536 485 1523 427 
0 340 2 2 1502 447 1502 480 
0 341 2 2 1555 589 1542 637 
0 342 2 2 1520 652 1522 605 
0 343 2 2 1517 661 1532 718 
0 344 2 2 1556 716 1547 676 
0 345 2 2 1567 676 1561 712 
0 346 2 2 1561 798 1570 722 
0 347 2 2 1583 737 1572 788 
0 348 2 2 1557 925 1552 859 
0 349 2 2 1585 854 1575 898 
0 350 2 2 1576 983 1573 923 
0 351 2 2 1537 915 1530 973 
0 352 2 2 1501 968 1490 911 
0 353 2 2 1473 918 1468 948 
0 354 2 2 1461 980 1450 955 
0 355 2 2 1466 1048 1462 1110 
0 356 2 2 1482 1111 1481 1085 
0 357 2 2 1517 1085 1520 1131 
0 358 2 2 1558 1160 1552 1136 
0 359 2 2 1560 1073 1553 1025 
0 360 2 2 1372 1168 1391 1116 
0 361 2 2 1370 1093 1362 1138 
0 362 2 2 1317 1131 1325 1072 
0 363 2 2 1330 911 1337 970 
0 364 2 2 1282 971 1287 913 
0 365 2 2 1257 864 1250 911 
0 366 2 2 1358 849 1362 774 
0 367 2 2 1380 801 1367 866 
0 368 2 2 1398 846 1400 803 
0 369 2 2 1431 784 1461 753 
0 370 2 2 1477 819 1451 861 
0 371 2 2 1431 706 1425 652 
0 372 2 2 1401 716 1381 748 
0 373 2 2 1321 758 1326 794 
0 374 2 2 1365 488 1356 542 
0 375 2 2 1158 1042 1146 1101 
0 376 2 2 1098 1075 1073 1013 
0 377 2 2 1088 981 1102 1045 
0 378 2 2 1028 1160 1022 1197 
0 379 2 2 1139 1200 1151 1155 
0 380 2 2 1199 1117 1187 1162 
0 381 2 2 1598 1157 1592 1108 
0 382 2 2 773 906 790 857 
0 383 2 2 131 1155 114 1203 
0 384 2 2 1367 355 1366 392 
0 385 2 2 1330 424 1331 468 
0 386 2 2 1297 477 1306 509 
