
354
0 0 2 2 1332 358 1332 429 
0 1 2 2 1295 355 1295 437 
0 2 2 2 1277 398 1272 450 
0 3 2 2 1395 468 1392 524 
0 4 2 2 1412 459 1390 385 
0 5 2 2 1391 347 1407 414 
0 6 2 2 1426 399 1418 344 
0 7 2 2 1457 333 1465 394 
0 8 2 2 1432 377 1437 450 
0 9 2 2 1455 452 1466 495 
0 10 2 2 1481 554 1473 487 
0 11 2 2 1391 557 1397 603 
0 12 2 2 1370 628 1372 563 
0 13 2 2 1345 578 1341 638 
0 14 2 2 1326 652 1328 594 
0 15 2 2 1301 568 1307 669 
0 16 2 2 1286 629 1275 579 
0 17 2 2 1236 584 1242 627 
0 18 2 2 1278 702 1275 671 
0 19 2 2 1236 746 1245 817 
0 20 2 2 1237 846 1240 778 
0 21 2 2 1221 774 1209 856 
0 22 2 2 1198 896 1184 787 
0 23 2 2 1173 847 1176 921 
0 24 2 2 1275 937 1276 903 
0 25 2 2 1367 867 1368 925 
0 26 2 2 1366 1003 1353 927 
0 27 2 2 1341 874 1328 813 
0 28 2 2 1405 819 1405 768 
0 29 2 2 1463 761 1468 796 
0 30 2 2 1495 809 1491 778 
0 31 2 2 1515 851 1525 898 
0 32 2 2 1563 897 1561 832 
0 33 2 2 1576 804 1581 748 
0 34 2 2 1590 575 1596 638 
0 35 2 2 1566 595 1572 537 
0 36 2 2 1522 505 1515 472 
0 37 2 2 1538 492 1532 467 
0 38 2 2 1566 338 1538 271 
0 39 2 2 1572 184 1576 235 
0 40 2 2 1237 260 1238 188 
0 41 2 2 1235 275 1232 355 
0 42 2 2 1183 432 1193 378 
0 43 2 2 1177 309 1162 350 
0 44 2 2 1112 412 1114 344 
0 45 2 2 1058 283 1053 334 
0 46 2 2 976 448 988 389 
0 47 2 2 963 402 959 427 
0 48 2 2 957 449 974 420 
0 49 2 2 997 459 981 497 
0 50 2 2 962 515 971 497 
0 51 2 2 946 532 944 585 
0 52 2 2 906 631 906 703 
0 53 2 2 922 688 924 628 
0 54 2 2 941 697 948 667 
0 55 2 2 964 639 979 594 
0 56 2 2 1003 603 1031 563 
0 57 2 2 1044 557 1033 605 
0 58 2 2 1036 633 1047 595 
0 59 2 2 1062 572 1082 503 
0 60 2 2 1114 460 1096 522 
0 61 2 2 1082 550 1066 612 
0 62 2 2 1049 661 1063 617 
0 63 2 2 1088 604 1082 633 
0 64 2 2 1074 671 1056 738 
0 65 2 2 1079 753 1107 678 
0 66 2 2 1107 701 1119 758 
0 67 2 2 1039 761 1043 691 
0 68 2 2 1011 762 1017 836 
0 69 2 2 996 779 988 732 
0 70 2 2 964 746 983 802 
0 71 2 2 964 798 947 742 
0 72 2 2 894 761 912 841 
0 73 2 2 874 817 861 751 
0 74 2 2 852 791 836 737 
0 75 2 2 1530 13 1545 55 
0 76 2 2 1501 36 1501 78 
0 77 2 2 1482 108 1485 154 
0 78 2 2 1282 248 1282 204 
0 79 2 2 1228 158 1218 79 
0 80 2 2 1223 68 1223 20 
0 81 2 2 1232 3 1238 55 
0 82 2 2 1157 103 1188 158 
0 83 2 2 1196 124 1193 64 
0 84 2 2 1173 59 1171 88 
0 85 2 2 1157 111 1159 158 
0 86 2 2 1132 144 1118 56 
0 87 2 2 1144 203 1139 239 
0 88 2 2 1056 193 1052 118 
0 89 2 2 1036 181 1026 241 
0 90 2 2 1009 175 1003 101 
0 91 2 2 986 113 988 195 
0 92 2 2 932 115 931 41 
0 93 2 2 959 28 962 89 
0 94 2 2 899 88 911 39 
0 95 2 2 889 135 882 194 
0 96 2 2 851 400 831 348 
0 97 2 2 844 283 847 329 
0 98 2 2 891 407 874 485 
0 99 2 2 903 495 912 444 
0 100 2 2 882 545 878 580 
0 101 2 2 878 595 877 652 
0 102 2 2 853 668 846 597 
0 103 2 2 832 600 832 530 
0 104 2 2 809 472 805 537 
0 105 2 2 803 577 803 628 
0 106 2 2 816 658 813 597 
0 107 2 2 808 739 819 817 
0 108 2 2 818 883 816 838 
0 109 2 2 800 834 803 868 
0 110 2 2 788 862 790 792 
0 111 2 2 737 822 737 766 
0 112 2 2 733 726 728 659 
0 113 2 2 715 662 715 719 
0 114 2 2 699 733 699 667 
0 115 2 2 708 567 700 607 
0 116 2 2 734 488 757 528 
0 117 2 2 767 515 778 478 
0 118 2 2 682 495 709 539 
0 119 2 2 725 447 722 377 
0 120 2 2 727 354 724 291 
0 121 2 2 687 314 705 380 
0 122 2 2 679 278 695 180 
0 123 2 2 740 163 725 231 
0 124 2 2 758 211 768 143 
0 125 2 2 570 179 573 230 
0 126 2 2 542 234 533 166 
0 127 2 2 499 154 509 184 
0 128 2 2 493 186 505 244 
0 129 2 2 532 308 527 250 
0 130 2 2 543 270 557 307 
0 131 2 2 579 309 578 281 
0 132 2 2 598 271 615 301 
0 133 2 2 633 299 645 334 
0 134 2 2 639 479 647 523 
0 135 2 2 623 519 615 474 
0 136 2 2 592 337 575 414 
0 137 2 2 542 422 537 364 
0 138 2 2 520 390 510 464 
0 139 2 2 437 493 432 428 
0 140 2 2 408 415 414 457 
0 141 2 2 412 488 393 434 
0 142 2 2 399 377 399 328 
0 143 2 2 418 273 432 324 
0 144 2 2 390 307 388 260 
0 145 2 2 381 190 379 224 
0 146 2 2 442 273 443 214 
0 147 2 2 439 181 457 228 
0 148 2 2 415 215 404 161 
0 149 2 2 391 136 398 164 
0 150 2 2 412 74 425 30 
0 151 2 2 459 26 455 84 
0 152 2 2 469 90 469 40 
0 153 2 2 583 61 585 129 
0 154 2 2 276 164 249 85 
0 155 2 2 151 78 171 130 
0 156 2 2 175 146 190 178 
0 157 2 2 93 199 81 116 
0 158 2 2 74 93 66 35 
0 159 2 2 91 8 108 70 
0 160 2 2 49 105 65 155 
0 161 2 2 58 214 59 270 
0 162 2 2 40 288 33 253 
0 163 2 2 38 203 45 238 
0 164 2 2 94 288 91 249 
0 165 2 2 118 280 118 322 
0 166 2 2 134 323 131 276 
0 167 2 2 160 319 164 365 
0 168 2 2 171 475 165 405 
0 169 2 2 140 395 136 439 
0 170 2 2 191 465 185 419 
0 171 2 2 208 444 211 400 
0 172 2 2 219 434 223 404 
0 173 2 2 223 385 231 339 
0 174 2 2 236 296 260 243 
0 175 2 2 219 235 220 260 
0 176 2 2 201 228 199 250 
0 177 2 2 289 224 289 263 
0 178 2 2 283 355 279 424 
0 179 2 2 306 408 308 332 
0 180 2 2 330 332 331 395 
0 181 2 2 308 312 300 259 
0 182 2 2 319 170 334 218 
0 183 2 2 348 236 349 194 
0 184 2 2 366 474 368 542 
0 185 2 2 388 611 386 568 
0 186 2 2 371 574 378 642 
0 187 2 2 358 454 356 407 
0 188 2 2 325 453 343 505 
0 189 2 2 318 514 300 462 
0 190 2 2 273 484 289 527 
0 191 2 2 281 652 314 554 
0 192 2 2 271 555 271 614 
0 193 2 2 255 664 256 633 
0 194 2 2 260 583 251 628 
0 195 2 2 234 668 224 624 
0 196 2 2 191 629 205 686 
0 197 2 2 189 754 186 694 
0 198 2 2 185 783 206 717 
0 199 2 2 155 657 153 594 
0 200 2 2 145 592 148 535 
0 201 2 2 174 505 173 572 
0 202 2 2 216 559 221 510 
0 203 2 2 146 484 143 530 
0 204 2 2 15 684 36 605 
0 205 2 2 8 184 16 254 
0 206 2 2 260 15 278 61 
0 207 2 2 767 6 757 76 
0 208 2 2 861 76 867 15 
0 209 2 2 800 190 809 234 
0 210 2 2 805 324 814 369 
0 211 2 2 1348 553 1327 500 
0 212 2 2 1341 490 1360 532 
0 213 2 2 1330 116 1330 80 
0 214 2 2 1418 935 1437 1012 
0 215 2 2 1445 1026 1452 947 
0 216 2 2 1470 909 1480 968 
0 217 2 2 1488 956 1496 1008 
0 218 2 2 1511 1006 1527 1077 
0 219 2 2 1570 1130 1556 1068 
0 220 2 2 1583 1093 1570 1032 
0 221 2 2 1575 1005 1588 1042 
0 222 2 2 1590 1060 1595 1091 
0 223 2 2 1503 1131 1506 1056 
0 224 2 2 1482 1051 1478 1102 
0 225 2 2 1463 1093 1460 1010 
0 226 2 2 1471 1110 1477 1142 
0 227 2 2 1493 1158 1478 1111 
0 228 2 2 1405 1007 1408 1096 
0 229 2 2 1417 1163 1422 1085 
0 230 2 2 1346 1067 1357 1143 
0 231 2 2 1317 1145 1322 1080 
0 232 2 2 1281 1073 1281 1146 
0 233 2 2 1262 1203 1271 1161 
0 234 2 2 1226 1205 1242 1172 
0 235 2 2 1238 1160 1243 1123 
0 236 2 2 1194 1110 1184 1052 
0 237 2 2 1152 1032 1144 980 
0 238 2 2 1128 1015 1129 1097 
0 239 2 2 1093 1103 1093 1021 
0 240 2 2 1067 1017 1068 1087 
0 241 2 2 1044 1112 1037 1073 
0 242 2 2 1031 1061 1006 993 
0 243 2 2 1072 955 1099 887 
0 244 2 2 1059 837 1062 891 
0 245 2 2 1097 813 1102 773 
0 246 2 2 1182 574 1202 523 
0 247 2 2 1237 528 1237 584 
0 248 2 2 942 907 948 973 
0 249 2 2 906 945 903 1005 
0 250 2 2 891 995 893 1035 
0 251 2 2 868 1052 863 1016 
0 252 2 2 843 1065 842 1015 
0 253 2 2 891 912 868 839 
0 254 2 2 898 1128 892 1193 
0 255 2 2 929 1197 954 1137 
0 256 2 2 936 1103 938 1055 
0 257 2 2 976 1018 974 1075 
0 258 2 2 956 1111 958 1075 
0 259 2 2 937 1033 921 1073 
0 260 2 2 908 1058 901 1086 
0 261 2 2 844 1076 863 1125 
0 262 2 2 828 1086 856 1168 
0 263 2 2 829 1145 798 1093 
0 264 2 2 789 1100 811 1165 
0 265 2 2 733 1187 715 1126 
0 266 2 2 717 1167 688 1063 
0 267 2 2 713 1161 728 1206 
0 268 2 2 704 1205 693 1177 
0 269 2 2 662 1178 669 1147 
0 270 2 2 608 1198 618 1161 
0 271 2 2 608 1155 610 1135 
0 272 2 2 657 1120 638 1025 
0 273 2 2 659 1026 669 1100 
0 274 2 2 673 981 667 902 
0 275 2 2 710 962 712 1025 
0 276 2 2 657 826 643 758 
0 277 2 2 622 753 625 797 
0 278 2 2 615 808 629 846 
0 279 2 2 525 886 537 844 
0 280 2 2 615 708 615 662 
0 281 2 2 627 638 629 574 
0 282 2 2 598 575 598 613 
0 283 2 2 578 618 578 572 
0 284 2 2 535 565 533 608 
0 285 2 2 499 631 499 592 
0 286 2 2 472 485 472 532 
0 287 2 2 460 534 462 584 
0 288 2 2 409 508 412 554 
0 289 2 2 385 474 388 532 
0 290 2 2 400 658 410 722 
0 291 2 2 433 733 437 789 
0 292 2 2 477 777 478 842 
0 293 2 2 455 889 457 947 
0 294 2 2 432 911 440 973 
0 295 2 2 468 1030 469 982 
0 296 2 2 420 1055 417 991 
0 297 2 2 424 1033 420 926 
0 298 2 2 407 887 403 948 
0 299 2 2 393 1078 384 1003 
0 300 2 2 364 1011 369 1073 
0 301 2 2 301 1082 280 1010 
0 302 2 2 253 956 250 1016 
0 303 2 2 240 933 220 852 
0 304 2 2 213 863 226 946 
0 305 2 2 203 923 198 848 
0 306 2 2 196 896 195 952 
0 307 2 2 178 913 174 848 
0 308 2 2 159 857 166 920 
0 309 2 2 74 834 111 763 
0 310 2 2 138 717 129 781 
0 311 2 2 125 737 131 694 
0 312 2 2 96 687 81 717 
0 313 2 2 18 894 43 837 
0 314 2 2 19 912 20 995 
0 315 2 2 40 1010 34 928 
0 316 2 2 63 950 64 1013 
0 317 2 2 123 1036 105 950 
0 318 2 2 111 907 126 953 
0 319 2 2 134 942 139 1022 
0 320 2 2 186 1101 173 1033 
0 321 2 2 223 1030 229 1095 
0 322 2 2 213 1112 204 1068 
0 323 2 2 101 1031 105 1081 
0 324 2 2 93 1053 109 1098 
0 325 2 2 105 1162 103 1123 
0 326 2 2 115 1103 124 1155 
0 327 2 2 94 1193 71 1131 
0 328 2 2 41 1128 51 1182 
0 329 2 2 29 1168 26 1103 
0 330 2 2 21 1080 26 1041 
0 331 2 2 537 1150 527 1203 
0 332 2 2 290 1120 306 1198 
0 333 2 2 330 828 338 791 
0 334 2 2 328 754 324 812 
0 335 2 2 290 824 293 778 
0 336 2 2 305 666 303 729 
0 337 2 2 286 718 291 687 
0 338 2 2 330 683 331 736 
0 339 2 2 615 1088 602 998 
0 340 2 2 763 1025 765 957 
0 341 2 2 655 90 674 153 
0 342 2 2 694 76 695 26 
0 343 2 2 223 154 244 198 
0 344 2 2 205 63 193 4 
0 345 2 2 123 151 143 203 
0 346 2 2 1367 259 1383 334 
0 347 2 2 1166 1152 1177 1203 
0 348 2 2 999 1187 999 1090 
0 349 2 2 1004 1037 998 1098 
0 350 2 2 978 1156 989 1212 
0 351 2 2 964 1165 974 1205 
0 352 2 2 1108 1208 1107 1171 
0 353 2 2 569 653 573 709 
