
389
0 0 2 2 296 99 286 146 
0 1 2 2 295 216 316 163 
0 2 2 2 251 263 263 204 
0 3 2 2 235 201 225 266 
0 4 2 2 211 258 213 213 
0 5 2 2 196 253 176 308 
0 6 2 2 160 266 169 224 
0 7 2 2 133 230 133 274 
0 8 2 2 268 55 269 103 
0 9 2 2 240 79 241 119 
0 10 2 2 214 184 239 139 
0 11 2 2 261 171 261 138 
0 12 2 2 215 53 200 110 
0 13 2 2 173 120 181 66 
0 14 2 2 156 48 154 120 
0 15 2 2 115 133 109 88 
0 16 2 2 88 48 84 94 
0 17 2 2 56 100 60 139 
0 18 2 2 78 198 69 234 
0 19 2 2 33 226 46 281 
0 20 2 2 96 286 106 337 
0 21 2 2 138 338 128 289 
0 22 2 2 165 383 171 445 
0 23 2 2 184 543 195 618 
0 24 2 2 195 714 184 666 
0 25 2 2 173 678 165 621 
0 26 2 2 156 608 153 563 
0 27 2 2 126 641 120 704 
0 28 2 2 140 702 164 757 
0 29 2 2 153 852 134 793 
0 30 2 2 118 786 130 841 
0 31 2 2 121 871 111 826 
0 32 2 2 98 876 116 931 
0 33 2 2 83 921 69 881 
0 34 2 2 55 873 36 823 
0 35 2 2 16 828 30 764 
0 36 2 2 8 763 6 701 
0 37 2 2 53 742 64 676 
0 38 2 2 81 603 78 677 
0 39 2 2 108 683 104 623 
0 40 2 2 63 593 53 649 
0 41 2 2 26 658 45 609 
0 42 2 2 5 249 21 310 
0 43 2 2 284 6 286 55 
0 44 2 2 303 45 310 5 
0 45 2 2 325 3 334 44 
0 46 2 2 360 53 349 9 
0 47 2 2 379 1 375 28 
0 48 2 2 388 63 394 30 
0 49 2 2 403 3 418 40 
0 50 2 2 333 146 320 201 
0 51 2 2 311 239 298 290 
0 52 2 2 371 307 400 256 
0 53 2 2 439 189 422 256 
0 54 2 2 407 338 428 288 
0 55 2 2 393 333 369 394 
0 56 2 2 345 405 360 330 
0 57 2 2 263 313 263 370 
0 58 2 2 224 375 218 310 
0 59 2 2 371 463 374 522 
0 60 2 2 359 538 341 482 
0 61 2 2 314 490 338 545 
0 62 2 2 299 588 320 641 
0 63 2 2 295 649 299 702 
0 64 2 2 271 693 253 632 
0 65 2 2 225 686 231 736 
0 66 2 2 194 811 211 757 
0 67 2 2 226 829 240 872 
0 68 2 2 253 923 254 896 
0 69 2 2 301 831 320 776 
0 70 2 2 304 786 295 824 
0 71 2 2 276 786 285 748 
0 72 2 2 256 771 266 834 
0 73 2 2 329 888 344 839 
0 74 2 2 364 803 373 853 
0 75 2 2 394 807 409 753 
0 76 2 2 440 767 419 828 
0 77 2 2 458 827 483 777 
0 78 2 2 513 771 477 818 
0 79 2 2 483 857 528 816 
0 80 2 2 423 684 432 611 
0 81 2 2 410 567 444 523 
0 82 2 2 408 518 432 467 
0 83 2 2 490 420 473 478 
0 84 2 2 435 420 454 384 
0 85 2 2 455 354 429 397 
0 86 2 2 508 349 530 293 
0 87 2 2 558 221 547 270 
0 88 2 2 568 259 578 201 
0 89 2 2 495 86 504 140 
0 90 2 2 474 80 493 140 
0 91 2 2 498 34 517 95 
0 92 2 2 642 70 650 15 
0 93 2 2 663 146 649 178 
0 94 2 2 597 273 640 204 
0 95 2 2 683 235 703 168 
0 96 2 2 697 244 688 270 
0 97 2 2 615 184 639 140 
0 98 2 2 723 115 758 69 
0 99 2 2 747 104 719 158 
0 100 2 2 762 150 772 123 
0 101 2 2 774 163 779 190 
0 102 2 2 765 199 754 250 
0 103 2 2 718 307 740 276 
0 104 2 2 797 240 790 309 
0 105 2 2 757 405 779 360 
0 106 2 2 709 405 728 460 
0 107 2 2 773 537 745 482 
0 108 2 2 704 513 698 470 
0 109 2 2 685 413 663 359 
0 110 2 2 630 330 649 362 
0 111 2 2 612 452 642 493 
0 112 2 2 589 513 614 552 
0 113 2 2 615 577 647 623 
0 114 2 2 622 618 589 563 
0 115 2 2 567 603 555 560 
0 116 2 2 530 562 545 599 
0 117 2 2 532 614 512 569 
0 118 2 2 542 941 532 992 
0 119 2 2 569 1013 592 965 
0 120 2 2 592 886 618 833 
0 121 2 2 652 911 633 953 
0 122 2 2 527 898 549 856 
0 123 2 2 359 961 366 1008 
0 124 2 2 316 1111 333 1038 
0 125 2 2 345 1018 339 1078 
0 126 2 2 319 986 338 926 
0 127 2 2 305 932 290 978 
0 128 2 2 246 1095 256 1025 
0 129 2 2 213 943 220 987 
0 130 2 2 149 1030 165 970 
0 131 2 2 123 1026 128 1106 
0 132 2 2 115 1106 114 1143 
0 133 2 2 46 1145 55 1073 
0 134 2 2 153 1157 165 1108 
0 135 2 2 194 1051 186 1111 
0 136 2 2 261 1123 265 1081 
0 137 2 2 346 1142 328 1210 
0 138 2 2 374 1170 373 1123 
0 139 2 2 398 1160 388 1208 
0 140 2 2 409 1203 415 1153 
0 141 2 2 465 1086 477 1046 
0 142 2 2 489 1060 514 1017 
0 143 2 2 544 1026 519 1082 
0 144 2 2 534 1101 552 1061 
0 145 2 2 569 1065 540 1115 
0 146 2 2 569 1152 595 1111 
0 147 2 2 598 1148 623 1100 
0 148 2 2 649 1057 640 1102 
0 149 2 2 524 1158 492 1205 
0 150 2 2 689 1200 708 1157 
0 151 2 2 722 1007 715 946 
0 152 2 2 755 864 725 807 
0 153 2 2 695 782 723 817 
0 154 2 2 710 834 735 874 
0 155 2 2 753 906 762 856 
0 156 2 2 653 767 644 709 
0 157 2 2 603 672 620 713 
0 158 2 2 624 781 620 737 
0 159 2 2 572 626 584 668 
0 160 2 2 592 618 609 646 
0 161 2 2 615 628 658 664 
0 162 2 2 622 663 653 702 
0 163 2 2 668 634 685 662 
0 164 2 2 704 651 702 605 
0 165 2 2 690 593 642 549 
0 166 2 2 732 583 752 642 
0 167 2 2 749 654 759 691 
0 168 2 2 733 664 752 712 
0 169 2 2 733 699 740 744 
0 170 2 2 759 796 777 822 
0 171 2 2 813 889 816 853 
0 172 2 2 713 1065 720 1116 
0 173 2 2 808 1173 831 1107 
0 174 2 2 784 1125 785 1157 
0 175 2 2 853 1043 882 1085 
0 176 2 2 944 1101 967 1142 
0 177 2 2 986 1125 1024 1180 
0 178 2 2 1042 1150 1018 1090 
0 179 2 2 1059 1050 1053 1005 
0 180 2 2 989 961 1011 1017 
0 181 2 2 997 1051 1003 1013 
0 182 2 2 963 988 963 942 
0 183 2 2 943 902 942 942 
0 184 2 2 923 981 926 941 
0 185 2 2 899 958 893 1002 
0 186 2 2 851 921 866 867 
0 187 2 2 921 757 903 813 
0 188 2 2 932 879 936 832 
0 189 2 2 889 773 897 816 
0 190 2 2 874 779 867 723 
0 191 2 2 824 694 828 749 
0 192 2 2 798 678 790 641 
0 193 2 2 804 558 807 593 
0 194 2 2 848 508 846 468 
0 195 2 2 846 414 871 467 
0 196 2 2 951 513 921 463 
0 197 2 2 908 423 907 382 
0 198 2 2 927 432 953 459 
0 199 2 2 948 435 929 377 
0 200 2 2 961 375 971 422 
0 201 2 2 847 368 834 344 
0 202 2 2 868 216 889 259 
0 203 2 2 942 268 926 224 
0 204 2 2 886 189 902 228 
0 205 2 2 941 224 922 185 
0 206 2 2 926 166 966 211 
0 207 2 2 911 154 892 105 
0 208 2 2 795 59 828 120 
0 209 2 2 788 119 779 73 
0 210 2 2 795 6 822 49 
0 211 2 2 949 80 1017 125 
0 212 2 2 1049 131 1021 68 
0 213 2 2 983 8 1002 45 
0 214 2 2 943 89 953 43 
0 215 2 2 1064 141 1116 204 
0 216 2 2 1152 239 1123 176 
0 217 2 2 1086 138 1079 76 
0 218 2 2 1082 48 1108 121 
0 219 2 2 1133 124 1097 46 
0 220 2 2 1112 36 1143 90 
0 221 2 2 1146 93 1183 171 
0 222 2 2 1164 105 1181 143 
0 223 2 2 1201 113 1206 138 
0 224 2 2 1238 120 1208 78 
0 225 2 2 1206 99 1166 35 
0 226 2 2 1113 10 1148 50 
0 227 2 2 1189 19 1212 61 
0 228 2 2 1213 9 1243 40 
0 229 2 2 1253 4 1280 40 
0 230 2 2 1286 14 1307 41 
0 231 2 2 1335 144 1285 89 
0 232 2 2 1322 88 1345 134 
0 233 2 2 1370 145 1395 170 
0 234 2 2 1412 174 1458 213 
0 235 2 2 1372 208 1355 173 
0 236 2 2 1315 176 1351 230 
0 237 2 2 1312 290 1307 226 
0 238 2 2 1282 251 1298 314 
0 239 2 2 1272 353 1260 310 
0 240 2 2 1252 281 1250 248 
0 241 2 2 1226 246 1174 208 
0 242 2 2 1238 231 1225 189 
0 243 2 2 1118 234 1159 296 
0 244 2 2 1097 265 1057 213 
0 245 2 2 1023 265 1052 320 
0 246 2 2 1028 392 994 329 
0 247 2 2 1093 443 1116 485 
0 248 2 2 1393 522 1378 463 
0 249 2 2 1182 435 1204 482 
0 250 2 2 1265 534 1240 487 
0 251 2 2 1231 520 1251 558 
0 252 2 2 1303 517 1290 480 
0 253 2 2 832 554 841 616 
0 254 2 2 881 626 858 588 
0 255 2 2 879 692 896 637 
0 256 2 2 908 618 919 653 
0 257 2 2 916 704 908 674 
0 258 2 2 939 626 962 684 
0 259 2 2 1004 689 988 656 
0 260 2 2 1002 600 1021 638 
0 261 2 2 1102 694 1083 673 
0 262 2 2 1068 619 1102 663 
0 263 2 2 1192 747 1151 701 
0 264 2 2 1212 743 1256 792 
0 265 2 2 1246 742 1213 707 
0 266 2 2 1227 649 1248 711 
0 267 2 2 1293 684 1262 633 
0 268 2 2 1326 683 1351 727 
0 269 2 2 1362 706 1357 656 
0 270 2 2 1373 674 1387 716 
0 271 2 2 1356 709 1330 662 
0 272 2 2 1357 609 1377 657 
0 273 2 2 1388 613 1368 555 
0 274 2 2 1408 564 1421 613 
0 275 2 2 1472 656 1452 583 
0 276 2 2 1473 552 1487 602 
0 277 2 2 1526 582 1512 549 
0 278 2 2 1522 529 1542 560 
0 279 2 2 1522 514 1511 473 
0 280 2 2 1475 440 1493 473 
0 281 2 2 1483 490 1471 464 
0 282 2 2 1425 443 1440 494 
0 283 2 2 1408 410 1393 354 
0 284 2 2 1347 325 1368 377 
0 285 2 2 1363 335 1348 290 
0 286 2 2 1361 256 1382 312 
0 287 2 2 1421 344 1401 308 
0 288 2 2 1437 309 1460 348 
0 289 2 2 1400 240 1432 286 
0 290 2 2 1460 283 1481 314 
0 291 2 2 1518 353 1543 404 
0 292 2 2 1505 393 1528 460 
0 293 2 2 1572 512 1565 460 
0 294 2 2 1582 474 1581 529 
0 295 2 2 1596 463 1571 425 
0 296 2 2 1571 409 1562 365 
0 297 2 2 1541 352 1521 314 
0 298 2 2 1513 231 1557 290 
0 299 2 2 1588 291 1547 245 
0 300 2 2 1478 225 1533 269 
0 301 2 2 1496 200 1480 134 
0 302 2 2 1508 93 1521 145 
0 303 2 2 1565 158 1612 196 
0 304 2 2 1447 61 1401 9 
0 305 2 2 1445 16 1487 69 
0 306 2 2 1510 10 1545 41 
0 307 2 2 1585 25 1588 89 
0 308 2 2 1133 313 1172 378 
0 309 2 2 1094 552 1068 490 
0 310 2 2 1092 503 1106 537 
0 311 2 2 1121 539 1144 603 
0 312 2 2 1118 639 1096 593 
0 313 2 2 1039 530 1014 478 
0 314 2 2 862 337 876 307 
0 315 2 2 607 20 587 78 
0 316 2 2 842 802 834 859 
0 317 2 2 819 1001 824 966 
0 318 2 2 775 995 782 1008 
0 319 2 2 1068 983 1084 1041 
0 320 2 2 1112 1003 1082 947 
0 321 2 2 1117 957 1156 1016 
0 322 2 2 1163 1008 1126 951 
0 323 2 2 1156 966 1177 998 
0 324 2 2 1196 991 1163 936 
0 325 2 2 1197 917 1231 972 
0 326 2 2 1208 922 1183 886 
0 327 2 2 1174 807 1213 854 
0 328 2 2 1213 814 1186 763 
0 329 2 2 1121 727 1149 759 
0 330 2 2 1151 799 1099 761 
0 331 2 2 981 782 981 834 
0 332 2 2 1121 887 1156 925 
0 333 2 2 1232 941 1280 988 
0 334 2 2 1322 1003 1297 968 
0 335 2 2 1230 898 1276 933 
0 336 2 2 1273 904 1257 874 
0 337 2 2 1261 846 1297 879 
0 338 2 2 1305 829 1291 777 
0 339 2 2 1266 739 1282 776 
0 340 2 2 1297 771 1285 741 
0 341 2 2 1457 798 1483 847 
0 342 2 2 1507 816 1495 761 
0 343 2 2 1518 747 1531 807 
0 344 2 2 1548 831 1555 872 
0 345 2 2 1587 928 1596 978 
0 346 2 2 1535 943 1500 907 
0 347 2 2 1453 863 1486 894 
0 348 2 2 1518 955 1481 930 
0 349 2 2 1420 892 1450 922 
0 350 2 2 1503 986 1457 956 
0 351 2 2 1398 907 1426 943 
0 352 2 2 1408 956 1425 978 
0 353 2 2 1468 1020 1517 1048 
0 354 2 2 1487 1085 1443 1065 
0 355 2 2 1433 1073 1465 1123 
0 356 2 2 1418 1033 1401 1008 
0 357 2 2 1393 1048 1412 1085 
0 358 2 2 1377 1081 1411 1108 
0 359 2 2 1390 1143 1375 1098 
0 360 2 2 1342 1098 1362 1141 
0 361 2 2 1333 1126 1263 1016 
0 362 2 2 1287 1087 1315 1173 
0 363 2 2 1343 1165 1358 1197 
0 364 2 2 1301 1182 1267 1123 
0 365 2 2 1238 1112 1261 1148 
0 366 2 2 1187 1176 1152 1136 
0 367 2 2 1161 1097 1184 1132 
0 368 2 2 1157 1201 1136 1173 
0 369 2 2 947 1182 964 1215 
0 370 2 2 1455 1170 1480 1141 
0 371 2 2 1508 1133 1527 1112 
0 372 2 2 1545 1013 1578 1052 
0 373 2 2 1605 935 1603 871 
0 374 2 2 1438 833 1471 859 
0 375 2 2 1507 892 1560 928 
0 376 2 2 1330 953 1363 1006 
0 377 2 2 161 1201 183 1160 
0 378 2 2 457 204 458 256 
0 379 2 2 1260 373 1298 415 
0 380 2 2 1280 493 1255 438 
0 381 2 2 1188 569 1163 510 
0 382 2 2 1197 509 1230 559 
0 383 2 2 1147 482 1126 427 
0 384 2 2 1326 424 1355 484 
0 385 2 2 1358 434 1340 373 
0 386 2 2 1330 467 1346 534 
0 387 2 2 1088 1111 1113 1156 
0 388 2 2 1038 828 1026 771 
