-90 653.9305
-89 619.7859
-88 546.6941
-87 503.0645
-86 509.4711
-85 511.6345
-84 538.3846
-83 543.6704
-82 576.8775
-81 591.23
-80 540.2009
-79 556.4946
-78 561.171
-77 553.3391
-76 571.5922
-75 632.0762
-74 616.7194
-73 633.7568
-72 612.6707
-71 614.2472
-70 633.7333
-69 632.0102
-68 682.768
-67 719.1557
-66 661.0024
-65 584.709
-64 606.4889
-63 662.6335
-62 680.117
-61 675.3979
-60 682.9104
-59 614.8718
-58 627.8989
-57 645.9592
-56 693.1935
-55 661.6633
-54 625.2397
-53 602.8246
-52 565.5095
-51 554.8199
-50 502.5303
-49 467.0957
-48 402.5091
-47 363.291
-46 340.323
-45 302.7111
-44 299.109
-43 267.6783
-42 247.8336
-41 216.8323
-40 203.8534
-39 211.3655
-38 181.2253
-37 173.0538
-36 157.014
-35 147.5765
-34 143.5438
-33 138.3475
-32 138.907
-31 122.351
-30 102.9642
-29 114.5819
-28 101.8402
-27 123.9238
-26 107.1545
-25 115.2626
-24 112.8548
-23 124.9814
-22 109.5367
-21 99.3359
-20 70.6516
-19 75.2782
-18 81.3603
-17 66.9311
-16 71.2176
-15 83.0881
-14 83.9855
-13 83.9994
-12 71.711
-11 78.7806
-10 87.3317
-9 75.3065
-8 86.732
-7 88.4121
-6 92.4119
-5 87.0796
-4 71.5553
-3 86.5401
-2 80.872
-1 77.7999
0 69.8189
1 69.3735
2 69.4547
3 63.4208
4 58.8546
5 67.692
6 77.0947
7 75.7899
8 75.9191
9 76.1503
10 85.159
11 71.297
12 78.286
13 100.9135
14 104.6093
15 115.2556
16 159.9031
17 171.4425
18 141.5901
19 139.0014
20 143.5276
21 138.8977
22 142.0552
23 136.2613
24 139.2843
25 172.5716
26 145.3276
27 151.2715
28 145.6197
29 162.5255
30 150.2739
31 151.3374
32 170.7032
33 165.0577
34 164.0278
35 168.3627
36 189.2854
37 205.5177
38 191.9525
39 218.1319
40 253.2094
41 257.2782
42 265.9077
43 292.8857
44 325.2611
45 380.9535
46 427.6462
47 464.5246
48 503.1081
49 527.6438
50 532.7538
51 598.2548
52 713.4551
53 792.8734
54 858.1888
55 876.771
56 886.9604
57 911.326
58 946.7188
59 1061.6458
60 1159.7964
61 1280.6807
62 1313.3378
63 1321.9612
64 1357.853
65 1379.0067
66 1429.765
67 1461.4646
68 1477.4177
69 1459.6681
70 1387.3087
71 1337.9923
72 1332.9886
73 1319.6836
74 1321.4489
75 1156.8846
76 1094.4969
77 986.5728
78 938.0805
79 890.8083
80 844.9249
81 826.7091
82 775.2785
83 782.493
84 793.9025
85 733.3534
86 730.1275
87 692.2109
88 639.3844
89 652.98
