
442
0 0 2 2 448 11 407 64 
0 1 2 2 439 78 464 43 
0 2 2 2 499 24 478 78 
0 3 2 2 510 58 529 4 
0 4 2 2 548 31 527 81 
0 5 2 2 590 65 565 124 
0 6 2 2 557 201 565 149 
0 7 2 2 527 153 488 179 
0 8 2 2 489 156 507 109 
0 9 2 2 424 111 412 140 
0 10 2 2 363 229 379 178 
0 11 2 2 399 95 381 151 
0 12 2 2 364 133 375 89 
0 13 2 2 323 61 305 141 
0 14 2 2 341 205 343 140 
0 15 2 2 319 181 315 236 
0 16 2 2 276 271 291 199 
0 17 2 2 266 195 258 253 
0 18 2 2 248 193 263 138 
0 19 2 2 236 74 233 150 
0 20 2 2 213 143 219 80 
0 21 2 2 180 40 193 99 
0 22 2 3 1531 524 1554 485 1554 485 
0 23 2 2 36 4 63 35 
0 24 2 2 79 116 79 65 
0 25 2 2 74 46 61 94 
0 26 2 2 50 109 25 74 
0 27 2 2 84 153 66 203 
0 28 2 2 36 239 35 290 
0 29 2 2 65 315 93 271 
0 30 2 2 113 264 114 332 
0 31 2 2 150 333 135 279 
0 32 2 2 119 199 160 254 
0 33 2 2 183 221 183 158 
0 34 2 2 189 230 196 266 
0 35 2 2 224 248 219 210 
0 36 2 2 211 273 234 298 
0 37 2 2 194 375 200 337 
0 38 2 2 175 357 159 402 
0 39 2 2 136 424 155 365 
0 40 2 2 126 384 131 428 
0 41 2 2 103 464 106 424 
0 42 2 2 89 435 84 479 
0 43 2 2 65 514 73 474 
0 44 2 2 48 489 21 532 
0 45 2 2 11 473 24 409 
0 46 2 2 28 614 65 572 
0 47 2 2 73 587 44 627 
0 48 2 2 78 636 114 577 
0 49 2 2 110 544 76 600 
0 50 2 2 144 539 184 465 
0 51 2 2 143 560 109 609 
0 52 2 2 123 634 135 584 
0 53 2 2 206 537 193 585 
0 54 2 2 205 608 223 574 
0 55 2 2 163 668 156 717 
0 56 2 2 126 741 140 693 
0 57 2 2 85 659 80 691 
0 58 2 2 95 863 123 809 
0 59 2 2 150 779 139 829 
0 60 2 2 168 783 188 739 
0 61 2 2 204 766 188 803 
0 62 2 2 140 892 170 844 
0 63 2 2 163 802 146 838 
0 64 2 2 133 871 126 849 
0 65 2 2 26 1050 40 992 
0 66 2 2 61 1046 84 1091 
0 67 2 2 100 960 129 918 
0 68 2 2 144 920 116 971 
0 69 2 2 159 986 189 943 
0 70 2 2 163 947 146 975 
0 71 2 2 165 1046 148 1098 
0 72 2 2 166 1091 179 1025 
0 73 2 2 201 1033 209 982 
0 74 2 2 201 978 225 916 
0 75 2 2 200 869 229 823 
0 76 2 2 216 766 203 819 
0 77 2 2 255 767 263 733 
0 78 2 2 291 653 270 697 
0 79 2 2 276 638 289 595 
0 80 2 2 281 564 253 609 
0 81 2 2 209 683 240 647 
0 82 2 2 223 611 199 651 
0 83 2 2 291 525 321 462 
0 84 2 2 356 388 338 449 
0 85 2 2 286 913 269 985 
0 86 2 2 244 1023 253 968 
0 87 2 2 235 1018 221 1098 
0 88 2 2 243 1096 254 1045 
0 89 2 2 200 1098 196 1160 
0 90 2 2 179 1210 171 1153 
0 91 2 2 143 1132 138 1190 
0 92 2 2 321 1203 325 1152 
0 93 2 2 281 1133 263 1193 
0 94 2 2 234 1208 250 1145 
0 95 2 2 325 1088 310 1130 
0 96 2 2 303 1107 310 1072 
0 97 2 2 304 1015 301 1057 
0 98 2 2 344 1041 369 980 
0 99 2 2 396 877 363 945 
0 100 2 2 330 978 343 935 
0 101 2 2 338 917 316 973 
0 102 2 2 310 941 330 888 
0 103 2 2 340 809 321 856 
0 104 2 2 263 888 281 823 
0 105 2 2 263 809 243 856 
0 106 2 2 293 796 298 746 
0 107 2 2 309 772 289 836 
0 108 2 2 321 757 333 686 
0 109 2 2 375 661 358 723 
0 110 2 2 361 828 371 774 
0 111 2 2 400 734 419 642 
0 112 2 2 448 624 435 677 
0 113 2 2 425 766 447 708 
0 114 2 2 465 744 494 676 
0 115 2 2 505 692 474 754 
0 116 2 2 443 818 469 771 
0 117 2 2 485 768 507 733 
0 118 2 2 505 777 488 809 
0 119 2 2 478 878 490 833 
0 120 2 2 487 902 522 851 
0 121 2 2 538 848 520 897 
0 122 2 2 470 1008 517 945 
0 123 2 2 448 970 415 1030 
0 124 2 2 374 1058 395 1016 
0 125 2 2 385 1005 413 957 
0 126 2 2 400 762 423 707 
0 127 2 2 328 647 351 592 
0 128 2 2 385 582 349 633 
0 129 2 2 424 488 437 442 
0 130 2 2 445 417 477 364 
0 131 2 2 452 364 432 398 
0 132 2 2 478 403 467 460 
0 133 2 2 482 490 490 422 
0 134 2 2 485 483 485 535 
0 135 2 2 442 603 464 549 
0 136 2 2 513 554 517 508 
0 137 2 2 527 540 510 582 
0 138 2 2 547 550 562 503 
0 139 2 2 543 499 568 448 
0 140 2 2 585 359 538 455 
0 141 2 2 507 458 545 345 
0 142 2 2 568 298 584 245 
0 143 2 2 607 240 592 300 
0 144 2 2 637 229 643 171 
0 145 2 2 672 119 670 164 
0 146 2 2 625 151 633 113 
0 147 2 2 637 59 613 101 
0 148 2 2 624 50 644 20 
0 149 2 2 634 6 609 33 
0 150 2 2 670 65 689 24 
0 151 2 2 380 270 346 315 
0 152 2 2 381 385 386 314 
0 153 2 2 353 324 343 349 
0 154 2 2 298 420 314 383 
0 155 2 2 289 352 286 394 
0 156 2 2 241 415 260 354 
0 157 2 2 219 378 198 404 
0 158 2 2 552 713 573 682 
0 159 2 2 598 651 577 689 
0 160 2 2 597 709 619 651 
0 161 2 2 654 609 647 661 
0 162 2 2 637 573 642 497 
0 163 2 2 629 444 598 508 
0 164 2 2 577 517 599 462 
0 165 2 2 628 319 598 377 
0 166 2 2 618 412 637 359 
0 167 2 2 687 349 665 394 
0 168 2 2 659 377 659 322 
0 169 2 2 752 332 795 394 
0 170 2 2 848 385 814 355 
0 171 2 2 797 359 759 296 
0 172 2 2 799 299 831 330 
0 173 2 2 862 344 897 365 
0 174 2 2 901 337 864 304 
0 175 2 2 854 256 839 193 
0 176 2 2 831 135 862 195 
0 177 2 2 813 168 812 96 
0 178 2 2 804 160 813 204 
0 179 2 2 797 236 793 195 
0 180 2 2 854 121 878 166 
0 181 2 2 882 155 917 214 
0 182 2 2 943 215 911 154 
0 183 2 2 879 135 847 74 
0 184 2 2 872 55 906 105 
0 185 2 2 914 89 889 31 
0 186 2 2 904 31 953 93 
0 187 2 2 974 154 958 121 
0 188 2 2 963 145 987 189 
0 189 2 2 1067 100 1048 44 
0 190 2 2 1003 53 1043 110 
0 191 2 2 1087 139 1091 89 
0 192 2 2 1118 70 1117 124 
0 193 2 2 1152 123 1158 60 
0 194 2 2 1122 44 1098 9 
0 195 2 2 1052 31 1086 65 
0 196 2 2 1184 198 1167 113 
0 197 2 2 1187 119 1199 174 
0 198 2 2 1216 136 1209 66 
0 199 2 2 1223 36 1238 78 
0 200 2 2 1282 105 1277 44 
0 201 2 2 1252 36 1243 6 
0 202 2 2 1202 3 1209 41 
0 203 2 2 1181 38 1177 8 
0 204 2 2 1302 225 1330 288 
0 205 2 2 1341 215 1328 159 
0 206 2 2 1363 154 1366 218 
0 207 2 2 1392 135 1396 95 
0 208 2 2 1382 54 1417 16 
0 209 2 2 1336 319 1346 348 
0 210 2 2 1340 377 1313 343 
0 211 2 2 1292 352 1317 392 
0 212 2 2 1301 433 1270 400 
0 213 2 2 1197 373 1181 323 
0 214 2 2 1193 279 1163 236 
0 215 2 2 1156 208 1141 163 
0 216 2 2 1118 181 1142 245 
0 217 2 2 1121 233 1101 181 
0 218 2 2 1102 220 1137 286 
0 219 2 2 1118 354 1086 310 
0 220 2 2 1103 309 1076 254 
0 221 2 2 1064 248 1092 294 
0 222 2 2 1056 300 1043 246 
0 223 2 2 989 248 1023 305 
0 224 2 2 1033 305 1069 355 
0 225 2 2 1079 345 1102 389 
0 226 2 2 1077 439 1043 392 
0 227 2 2 1044 420 1011 364 
0 228 2 2 978 347 1013 402 
0 229 2 2 1011 425 986 368 
0 230 2 2 963 357 942 298 
0 231 2 2 926 295 942 357 
0 232 2 2 948 409 932 367 
0 233 2 2 979 422 1016 482 
0 234 2 2 1072 519 1121 569 
0 235 2 2 1151 548 1123 493 
0 236 2 2 1142 448 1196 498 
0 237 2 2 1213 479 1245 504 
0 238 2 2 1257 490 1295 518 
0 239 2 2 1307 538 1337 562 
0 240 2 2 1357 602 1307 573 
0 241 2 2 1301 661 1267 608 
0 242 2 2 1231 599 1265 652 
0 243 2 2 1275 708 1242 652 
0 244 2 2 1228 634 1188 579 
0 245 2 2 1181 623 1238 672 
0 246 2 2 1250 703 1277 746 
0 247 2 2 1253 751 1226 707 
0 248 2 2 1209 699 1176 658 
0 249 2 2 1177 684 1215 726 
0 250 2 2 1198 746 1161 693 
0 251 2 2 1144 686 1107 632 
0 252 2 2 1083 631 1118 674 
0 253 2 2 1143 636 1112 587 
0 254 2 2 1059 619 1088 679 
0 255 2 2 1098 726 1064 683 
0 256 2 2 1041 686 1068 736 
0 257 2 2 1086 823 1073 773 
0 258 2 2 1007 603 992 565 
0 259 2 2 992 502 1013 564 
0 260 2 2 959 558 933 504 
0 261 2 2 732 383 729 432 
0 262 2 2 759 465 802 504 
0 263 2 2 849 525 816 474 
0 264 2 2 818 449 856 504 
0 265 2 2 923 514 893 457 
0 266 2 2 932 543 964 595 
0 267 2 2 939 649 899 575 
0 268 2 2 898 533 928 593 
0 269 2 2 903 644 884 574 
0 270 2 2 899 658 927 709 
0 271 2 2 888 739 878 689 
0 272 2 2 849 713 864 783 
0 273 2 2 821 802 811 759 
0 274 2 2 773 769 754 708 
0 275 2 2 723 711 732 753 
0 276 2 2 720 757 713 704 
0 277 2 2 692 737 717 812 
0 278 2 2 694 858 675 792 
0 279 2 2 650 784 659 856 
0 280 2 2 612 842 615 782 
0 281 2 2 612 762 593 823 
0 282 2 2 578 912 588 867 
0 283 2 2 485 1062 514 991 
0 284 2 2 488 1086 525 1047 
0 285 2 2 532 1037 560 1002 
0 286 2 2 587 968 588 1023 
0 287 2 2 587 1041 630 992 
0 288 2 2 568 1031 524 1087 
0 289 2 2 564 1148 609 1090 
0 290 2 2 632 1047 579 1101 
0 291 2 2 528 1147 569 1105 
0 292 2 2 630 921 648 997 
0 293 2 2 668 997 655 932 
0 294 2 2 658 909 692 982 
0 295 2 2 729 1035 708 982 
0 296 2 2 734 973 715 899 
0 297 2 2 782 801 784 854 
0 298 2 2 814 950 807 884 
0 299 2 2 831 862 833 945 
0 300 2 2 849 897 851 833 
0 301 2 2 889 893 933 957 
0 302 2 2 869 908 851 966 
0 303 2 2 871 947 892 995 
0 304 2 2 883 1030 859 988 
0 305 2 2 863 1068 889 1123 
0 306 2 2 874 1142 881 1186 
0 307 2 2 843 1213 829 1162 
0 308 2 2 813 1192 802 1153 
0 309 2 2 778 1032 793 983 
0 310 2 2 678 1152 709 1203 
0 311 2 2 627 1198 620 1145 
0 312 2 2 642 1092 659 1132 
0 313 2 2 789 668 748 634 
0 315 2 2 744 537 803 595 
0 316 2 2 841 600 799 548 
0 314 2 2 903 776 902 844 
0 317 2 2 966 796 998 867 
0 318 2 2 1043 879 1021 832 
0 319 2 2 1041 794 1072 868 
0 320 2 2 993 781 962 738 
0 321 2 2 912 733 938 792 
0 322 2 2 976 712 963 653 
0 323 2 2 1004 644 1023 708 
0 324 2 2 1133 877 1112 791 
0 325 2 2 1134 791 1154 884 
0 326 2 2 1203 909 1181 851 
0 327 2 2 1193 804 1133 728 
0 328 2 2 1202 778 1232 848 
0 329 2 2 1268 915 1285 976 
0 330 2 2 1313 993 1292 955 
0 331 2 2 1280 1016 1262 980 
0 332 2 2 1246 981 1215 935 
0 333 2 2 1184 956 1222 1007 
0 334 2 2 1167 1001 1138 958 
0 335 2 2 1096 937 1138 997 
0 336 2 2 1116 1007 1094 962 
0 337 2 2 1071 961 1051 909 
0 338 2 2 1078 866 1092 930 
0 339 2 2 1108 927 1093 873 
0 340 2 2 1018 952 1046 1005 
0 341 2 2 1017 922 962 873 
0 342 2 2 907 843 937 907 
0 343 2 2 967 923 946 874 
0 344 2 2 888 861 911 907 
0 345 2 2 948 923 973 976 
0 346 2 2 943 1072 914 1013 
0 347 2 2 954 1041 997 1127 
0 348 2 2 949 1130 912 1073 
0 349 2 2 897 1143 907 1195 
0 350 2 2 452 1152 489 1108 
0 351 2 2 467 1107 444 1137 
0 352 2 2 6 1143 48 1190 
0 353 2 2 34 738 53 816 
0 354 2 2 36 846 40 812 
0 355 2 2 1317 497 1363 533 
0 356 2 2 1298 498 1265 462 
0 357 2 2 1443 523 1491 485 
0 358 2 2 1506 533 1488 575 
0 359 2 2 1481 632 1498 594 
0 360 2 2 1553 523 1517 588 
0 361 2 2 1556 628 1586 574 
0 362 2 2 1581 627 1543 678 
0 363 2 2 1508 734 1517 648 
0 364 2 2 1486 654 1460 701 
0 365 2 2 1438 746 1402 707 
0 366 2 2 1383 599 1413 647 
0 367 2 2 1360 697 1321 656 
0 368 2 2 1327 714 1346 749 
0 369 2 2 1331 782 1301 739 
0 370 2 2 1336 823 1368 852 
0 371 2 2 1358 911 1322 852 
0 372 2 2 1378 824 1397 869 
0 373 2 2 1410 861 1403 794 
0 374 2 2 1421 739 1420 788 
0 375 2 2 1488 843 1475 782 
0 376 2 2 1466 737 1491 784 
0 377 2 2 1520 975 1527 908 
0 378 2 2 1501 906 1495 953 
0 379 2 2 1483 976 1440 931 
0 380 2 2 1407 942 1467 1003 
0 381 2 2 1377 967 1347 920 
0 382 2 2 1373 933 1413 899 
0 383 2 2 1357 1058 1395 1100 
0 384 2 2 1425 1105 1393 1052 
0 385 2 2 1422 1042 1452 1091 
0 386 2 2 1488 1117 1460 1051 
0 387 2 2 1366 1041 1368 995 
0 388 2 2 1287 1071 1335 1136 
0 389 2 2 1347 1108 1318 1062 
0 390 2 2 1131 1068 1166 1106 
0 391 2 2 1152 1136 1136 1096 
0 392 2 2 1103 1072 1078 1002 
0 393 2 2 1058 1000 1076 1041 
0 394 2 2 1057 1098 1117 1166 
0 395 2 2 1177 1198 1143 1148 
0 396 2 2 1179 1127 1182 1187 
0 397 2 2 1267 1168 1291 1195 
0 398 2 2 1318 1197 1293 1163 
0 399 2 2 1291 1141 1327 1183 
0 400 2 2 1377 1175 1413 1211 
0 401 2 2 1430 1187 1390 1120 
0 402 2 2 1430 1133 1465 1176 
0 403 2 2 1535 1210 1498 1170 
0 404 2 2 1513 1101 1572 1167 
0 405 2 2 1542 1115 1593 1157 
0 406 2 2 1577 1051 1611 997 
0 407 2 2 1540 781 1570 739 
0 408 2 2 1581 706 1605 673 
0 409 2 2 1405 539 1468 568 
0 410 2 2 1453 623 1428 574 
0 411 2 2 1233 377 1255 328 
0 412 2 2 1171 375 1164 418 
0 413 2 2 684 621 705 694 
0 414 2 2 1486 39 1452 65 
0 415 2 2 1455 95 1495 66 
0 416 2 2 1436 270 1451 234 
0 417 2 2 1490 240 1551 198 
0 418 2 2 1471 260 1517 241 
0 419 2 2 1467 280 1432 317 
0 420 2 2 1460 339 1477 315 
0 421 2 2 1467 350 1507 342 
0 422 2 2 1450 352 1413 390 
0 423 2 2 1448 470 1467 458 
0 424 2 2 1390 525 1417 508 
0 425 2 2 1376 352 1390 382 
0 426 2 2 1537 283 1597 259 
0 427 2 2 1585 198 1578 230 
0 428 2 2 1576 150 1538 109 
0 429 2 2 1550 26 1566 81 
0 430 2 2 1610 189 1598 140 
0 431 2 2 1596 275 1611 312 
0 432 2 2 1595 322 1590 286 
0 433 2 2 1573 397 1547 418 
0 434 2 2 1545 477 1578 445 
0 435 2 2 1501 274 1536 246 
0 436 2 2 1506 103 1532 60 
0 437 2 2 1408 180 1423 115 
0 438 2 2 996 140 1022 185 
0 439 2 2 1311 464 1266 425 
0 440 2 2 1601 706 1580 757 
0 441 2 2 1026 1050 986 985 
