
410
0 0 2 2 467 170 530 216 
0 1 2 2 477 148 524 189 
0 2 2 2 522 155 567 186 
0 3 2 2 611 194 647 244 
0 4 2 2 644 252 663 294 
0 5 2 2 645 295 678 339 
0 6 2 2 614 280 633 328 
0 7 2 2 591 278 603 334 
0 8 2 2 589 353 611 377 
0 9 2 2 588 388 624 425 
0 10 2 2 575 402 608 441 
0 11 2 2 514 386 558 416 
0 12 2 2 531 427 570 458 
0 13 2 2 455 403 499 444 
0 14 2 2 474 372 516 422 
0 15 2 2 453 422 491 458 
0 16 2 2 406 458 447 489 
0 17 2 2 411 477 453 516 
0 18 2 2 424 524 467 558 
0 19 2 2 486 572 530 602 
0 20 2 2 474 592 513 633 
0 21 2 2 434 619 481 677 
0 22 2 2 450 671 416 633 
0 23 2 2 369 588 406 635 
0 24 2 2 374 625 413 678 
0 25 2 2 333 610 366 649 
0 26 2 2 350 671 391 700 
0 27 2 2 356 705 388 749 
0 28 2 2 275 678 311 736 
0 29 2 2 344 739 374 792 
0 30 2 2 378 764 408 806 
0 31 2 2 302 750 331 802 
0 32 2 2 269 721 306 796 
0 33 2 2 223 683 250 736 
0 34 2 2 238 756 270 816 
0 35 2 2 300 822 322 885 
0 36 2 2 256 830 278 878 
0 37 2 2 255 882 233 827 
0 38 2 2 205 819 219 869 
0 39 2 2 189 839 172 781 
0 40 2 2 178 725 211 774 
0 41 2 2 148 755 139 699 
0 42 2 2 106 697 123 750 
0 43 2 2 102 761 78 708 
0 44 2 2 45 703 69 746 
0 45 2 2 50 796 70 858 
0 46 2 2 88 872 72 808 
0 47 2 2 80 788 102 844 
0 48 2 2 128 866 111 810 
0 49 2 2 144 869 163 932 
0 50 2 2 194 936 177 882 
0 51 2 2 100 949 120 994 
0 52 2 2 133 1013 152 1061 
0 53 2 2 172 1053 184 1111 
0 54 2 2 205 1060 189 1016 
0 55 2 2 214 1010 242 1064 
0 56 2 2 267 1024 238 988 
0 57 2 2 261 977 280 999 
0 58 2 2 317 991 291 952 
0 59 2 2 361 835 397 891 
0 60 2 2 367 892 392 933 
0 61 2 2 378 947 399 983 
0 62 2 2 388 996 356 955 
0 63 2 2 345 977 383 1027 
0 64 2 2 363 924 334 872 
0 65 2 2 41 1050 63 1083 
0 66 2 2 81 1055 111 1102 
0 67 2 2 84 1102 114 1135 
0 68 2 2 75 1166 83 1214 
0 69 2 2 45 1178 23 1121 
0 70 2 2 45 1135 61 1155 
0 71 2 2 75 1149 66 1116 
0 72 2 2 148 1132 180 1180 
0 73 2 2 227 1164 258 1191 
0 74 2 2 295 1178 275 1149 
0 75 2 2 309 1158 297 1110 
0 76 2 2 316 1105 305 1078 
0 77 2 2 389 1078 419 1116 
0 78 2 2 392 1141 424 1191 
0 79 2 2 403 1196 388 1172 
0 80 2 2 359 1175 338 1138 
0 81 2 2 472 1149 497 1191 
0 82 2 2 514 1169 483 1119 
0 83 2 2 505 1113 533 1144 
0 84 2 2 561 1186 549 1144 
0 85 2 2 553 1041 514 980 
0 86 2 2 541 983 574 1030 
0 87 2 2 580 996 547 950 
0 88 2 2 603 955 636 996 
0 89 2 2 636 967 670 994 
0 90 2 2 631 924 658 957 
0 91 2 2 664 946 685 972 
0 92 2 2 681 957 708 994 
0 93 2 2 731 991 763 1013 
0 94 2 2 691 911 655 871 
0 95 2 2 661 847 720 900 
0 96 2 2 724 877 699 833 
0 97 2 2 588 816 631 853 
0 98 2 2 622 871 580 838 
0 99 2 2 636 814 591 750 
0 100 2 2 614 763 650 785 
0 101 2 2 675 788 642 756 
0 102 2 2 669 746 700 785 
0 103 2 2 617 686 630 741 
0 104 2 2 656 727 650 689 
0 105 2 2 658 669 669 721 
0 106 2 2 692 696 675 644 
0 107 2 2 708 628 720 664 
0 108 2 2 764 664 755 614 
0 109 2 2 689 736 727 772 
0 110 2 2 761 861 747 822 
0 111 2 2 758 771 778 792 
0 112 2 2 886 731 931 774 
0 113 2 2 917 699 885 630 
0 114 2 2 867 652 894 705 
0 115 2 2 961 706 911 644 
0 116 2 2 922 585 958 642 
0 117 2 2 899 600 847 581 
0 118 2 2 803 528 866 549 
0 119 2 2 861 520 921 538 
0 120 2 2 942 530 996 558 
0 121 2 2 1019 555 1052 617 
0 122 2 2 1035 527 1072 535 
0 123 2 2 1016 527 978 517 
0 124 2 2 950 478 992 488 
0 125 2 2 899 488 903 438 
0 126 2 2 880 392 889 441 
0 127 2 2 871 488 861 450 
0 128 2 2 853 394 852 347 
0 129 2 2 810 322 824 367 
0 130 2 2 772 320 795 367 
0 131 2 2 761 433 783 374 
0 132 2 2 661 463 677 420 
0 133 2 2 678 405 692 366 
0 134 2 2 666 372 655 411 
0 135 2 2 524 356 522 305 
0 136 2 2 533 283 534 328 
0 137 2 2 550 305 566 267 
0 138 2 2 491 214 488 253 
0 139 2 2 453 316 453 269 
0 140 2 2 411 281 416 342 
0 141 2 2 375 391 370 328 
0 142 2 2 284 400 331 449 
0 143 2 2 355 460 380 478 
0 144 2 2 388 517 430 552 
0 145 2 2 374 530 322 495 
0 146 2 2 302 452 259 410 
0 147 2 2 222 370 263 389 
0 148 2 2 205 497 230 531 
0 149 2 2 231 569 189 506 
0 150 2 2 197 550 231 622 
0 151 2 2 191 600 167 539 
0 152 2 2 148 531 170 595 
0 153 2 2 148 608 120 547 
0 154 2 2 97 560 125 614 
0 155 2 2 75 600 47 566 
0 156 2 2 3 585 36 619 
0 157 2 2 3 713 28 750 
0 158 2 2 27 849 50 900 
0 159 2 2 56 938 8 878 
0 160 2 2 8 935 42 975 
0 161 2 2 75 441 28 381 
0 162 2 2 102 420 77 481 
0 163 2 2 28 511 56 460 
0 164 2 2 153 403 159 441 
0 165 2 2 144 394 117 364 
0 166 2 2 55 295 25 275 
0 167 2 2 69 234 111 263 
0 168 2 2 78 198 116 238 
0 169 2 2 117 203 97 172 
0 170 2 2 102 94 142 119 
0 171 2 2 113 80 56 56 
0 172 2 2 108 45 158 70 
0 173 2 2 192 75 238 102 
0 174 2 2 195 98 245 152 
0 175 2 2 239 94 275 122 
0 176 2 2 209 14 256 45 
0 177 2 2 277 16 313 61 
0 178 2 2 331 47 377 75 
0 179 2 2 392 53 345 27 
0 180 2 2 381 9 425 41 
0 181 2 2 542 75 506 42 
0 182 2 2 514 13 570 50 
0 183 2 3 580 41 558 91 558 91 
0 184 2 2 569 103 608 148 
0 185 2 2 660 103 633 53 
0 186 2 2 641 17 655 66 
0 187 2 2 705 113 678 63 
0 188 2 2 431 63 464 103 
0 189 2 2 416 127 380 108 
0 190 2 2 327 89 369 114 
0 191 2 2 420 141 464 170 
0 192 2 2 417 224 380 191 
0 193 2 2 364 288 331 225 
0 194 2 2 364 220 394 253 
0 195 2 2 238 277 214 234 
0 196 2 2 183 195 200 253 
0 197 2 2 189 183 167 136 
0 198 2 2 125 150 158 184 
0 199 2 2 159 233 186 270 
0 200 2 2 164 370 189 395 
0 201 2 2 735 1153 716 1100 
0 202 2 2 713 1082 713 1046 
0 203 2 2 650 1055 663 1097 
0 204 2 2 663 1147 650 1119 
0 205 2 2 614 1149 605 1116 
0 206 2 2 749 1057 750 1085 
0 207 2 2 785 1149 795 1186 
0 208 2 2 821 1153 842 1196 
0 209 2 2 988 1183 963 1146 
0 210 2 2 942 1107 927 1066 
0 211 2 2 931 1025 885 988 
0 212 2 2 850 963 889 1014 
0 213 2 2 789 938 772 917 
0 214 2 2 838 821 874 850 
0 215 2 2 835 772 800 746 
0 216 2 2 906 844 913 894 
0 217 2 2 889 950 846 914 
0 218 2 2 921 971 956 1027 
0 219 2 2 961 1008 944 975 
0 220 2 2 963 971 1005 1013 
0 221 2 2 1025 1003 1063 1055 
0 222 2 2 1063 1103 1022 1074 
0 223 2 2 967 1097 1008 1139 
0 224 2 2 1044 1186 1033 1147 
0 225 2 2 1178 1127 1214 1161 
0 226 2 2 1269 1185 1239 1130 
0 227 2 2 1205 1107 1166 1063 
0 228 2 2 1185 1003 1232 1041 
0 229 2 2 1288 1125 1253 1093 
0 230 2 2 1075 963 1035 921 
0 231 2 2 972 882 1011 952 
0 232 2 2 1049 897 1014 866 
0 233 2 2 1060 877 1014 817 
0 234 2 2 1069 841 1122 896 
0 235 2 2 1119 853 1086 825 
0 236 2 2 1121 811 1161 777 
0 237 2 2 1182 791 1155 825 
0 238 2 2 1096 786 1096 735 
0 239 2 2 1103 694 1132 638 
0 240 2 2 1077 691 1056 735 
0 241 2 2 1030 721 1052 671 
0 242 2 2 1008 713 978 653 
0 243 2 2 1031 455 1011 399 
0 244 2 2 1030 359 1058 445 
0 245 2 2 992 367 1005 300 
0 246 2 2 927 361 947 422 
0 247 2 2 944 300 933 253 
0 248 2 2 903 205 922 234 
0 249 2 2 822 306 775 277 
0 250 2 2 786 269 761 238 
0 251 2 2 713 219 750 249 
0 252 2 2 689 239 713 266 
0 253 2 2 660 258 700 303 
0 254 2 2 814 152 780 103 
0 255 2 2 786 88 769 47 
0 256 2 2 727 56 717 8 
0 257 2 2 819 78 852 127 
0 258 2 2 877 117 842 75 
0 259 2 2 885 66 852 0 
0 260 2 2 880 9 906 52 
0 261 2 2 931 44 924 14 
0 262 2 2 949 66 992 100 
0 263 2 2 974 125 931 89 
0 264 2 2 913 100 946 139 
0 265 2 2 1003 281 1008 219 
0 266 2 2 1027 278 1042 236 
0 267 2 2 1050 286 1055 238 
0 268 2 2 1072 152 1077 100 
0 269 2 2 1013 94 996 39 
0 270 2 2 1058 52 1047 19 
0 271 2 2 1175 48 1189 8 
0 272 2 2 1149 48 1164 5 
0 273 2 2 1166 127 1152 188 
0 274 2 2 1171 208 1194 167 
0 275 2 2 1171 225 1152 270 
0 276 2 2 1125 277 1139 216 
0 277 2 2 1105 333 1096 369 
0 278 2 2 1096 403 1121 358 
0 279 2 2 1163 306 1160 356 
0 280 2 2 1167 389 1188 338 
0 281 2 2 1188 294 1203 238 
0 282 2 2 1196 342 1221 292 
0 283 2 2 1239 278 1257 225 
0 284 2 2 1277 236 1250 295 
0 285 2 2 1225 366 1242 319 
0 286 2 2 1216 334 1208 384 
0 287 2 2 1144 474 1158 410 
0 288 2 2 1142 402 1130 445 
0 289 2 2 1180 530 1199 463 
0 290 2 2 1214 510 1216 469 
0 291 2 2 1233 514 1257 456 
0 292 2 2 1233 453 1247 413 
0 293 2 2 1272 469 1255 536 
0 294 2 2 1307 410 1313 361 
0 295 2 2 1307 272 1314 216 
0 296 2 2 1330 217 1335 277 
0 297 2 2 1383 225 1378 173 
0 298 2 2 1407 109 1428 186 
0 299 2 2 1466 197 1443 117 
0 300 2 2 1463 116 1485 188 
0 301 2 2 1503 159 1489 95 
0 302 2 2 1394 73 1436 22 
0 303 2 2 1394 19 1344 47 
0 304 2 2 1294 58 1310 3 
0 305 2 2 1333 5 1316 52 
0 306 2 2 1524 56 1519 9 
0 307 2 2 1560 16 1558 70 
0 308 2 2 1564 170 1546 109 
0 309 2 2 1544 270 1557 336 
0 310 2 2 1525 320 1518 255 
0 311 2 2 1494 289 1508 336 
0 312 2 2 1493 394 1468 328 
0 313 2 2 1422 336 1438 392 
0 314 2 2 1416 460 1427 413 
0 315 2 2 1391 338 1405 375 
0 316 2 2 1339 492 1341 436 
0 317 2 2 1313 505 1311 563 
0 318 2 2 1249 621 1267 572 
0 319 2 2 1241 533 1214 577 
0 320 2 2 1166 611 1194 555 
0 321 2 2 1180 647 1139 716 
0 322 2 2 1171 731 1203 666 
0 323 2 2 1216 663 1177 727 
0 324 2 2 1191 760 1208 722 
0 325 2 2 1225 766 1213 799 
0 326 2 2 1230 824 1285 788 
0 327 2 2 1008 755 1044 738 
0 328 2 2 1286 1005 1311 960 
0 329 2 2 1247 1010 1274 966 
0 330 2 2 1307 1046 1342 1077 
0 331 2 2 1325 1113 1297 1078 
0 332 2 2 1377 1127 1352 1097 
0 333 2 2 1388 1060 1405 1097 
0 334 2 2 1424 1116 1436 1168 
0 335 2 2 1480 1130 1469 1096 
0 336 2 2 1493 1074 1507 1128 
0 337 2 2 1453 1093 1394 1044 
0 338 2 2 1511 1046 1536 1093 
0 339 2 2 1525 1185 1536 1139 
0 340 2 2 1543 1178 1563 1097 
0 341 2 2 1585 1099 1588 1171 
0 342 2 2 1600 1046 1594 988 
0 343 2 2 1607 924 1589 966 
0 344 2 2 1572 877 1613 797 
0 345 2 2 1574 822 1536 875 
0 346 2 2 1494 891 1527 836 
0 347 2 2 1507 821 1461 883 
0 348 2 2 1438 882 1477 821 
0 349 2 2 1461 800 1405 863 
0 350 2 2 1358 863 1393 821 
0 351 2 2 1400 796 1363 832 
0 352 2 2 1363 810 1416 764 
0 353 2 2 1441 792 1477 760 
0 354 2 2 1457 746 1485 716 
0 355 2 2 1386 741 1407 685 
0 356 2 2 1382 678 1335 741 
0 357 2 2 1411 649 1433 614 
0 358 2 2 1475 597 1513 564 
0 359 2 2 1507 600 1457 652 
0 360 2 2 1405 578 1471 503 
0 361 2 2 1494 488 1519 464 
0 362 2 2 1560 455 1580 394 
0 363 2 2 1553 361 1572 388 
0 364 2 2 1357 574 1402 525 
0 365 2 2 1360 591 1349 647 
0 366 2 2 1311 667 1341 624 
0 367 2 2 1574 500 1588 441 
0 368 2 2 1578 330 1597 400 
0 369 2 2 1578 300 1560 238 
0 370 2 2 1566 117 1588 155 
0 371 2 2 1593 222 1599 188 
0 372 2 2 691 475 758 531 
0 373 2 2 738 535 675 491 
0 374 2 2 655 492 706 533 
0 375 2 2 685 556 636 517 
0 376 2 2 558 489 617 527 
0 377 2 2 613 555 552 502 
0 378 2 2 533 531 592 569 
0 379 2 2 585 595 533 575 
0 380 2 2 506 656 560 694 
0 381 2 2 331 533 305 502 
0 382 2 2 278 494 233 452 
0 383 2 2 716 480 772 494 
0 384 2 2 858 211 819 178 
0 385 2 2 667 150 631 100 
0 386 2 2 1292 864 1321 814 
0 387 2 2 468 712 504 754 
0 388 2 2 469 862 433 806 
0 389 2 2 452 782 488 831 
0 390 2 2 518 834 510 782 
0 391 2 2 537 733 554 811 
0 392 2 2 837 726 887 769 
0 393 2 2 465 990 418 946 
0 394 2 2 429 906 475 967 
0 395 2 2 473 893 430 859 
0 396 2 2 399 853 425 907 
0 397 2 2 194 1176 220 1208 
0 398 2 2 1560 653 1567 704 
0 399 2 2 1481 440 1507 382 
0 400 2 2 1266 76 1266 129 
0 401 2 2 793 580 798 633 
0 402 2 2 1134 844 1164 893 
0 403 2 2 300 642 348 711 
0 404 2 2 275 285 276 343 
0 405 2 2 295 236 283 179 
0 406 2 2 318 200 359 213 
0 407 2 2 250 219 195 169 
0 408 2 2 209 198 228 228 
0 409 2 2 539 5 569 30 
