-90 154.9966
-89 146.9284
-88 153.3962
-87 178.2382
-86 176.4025
-85 187.4025
-84 193.554
-83 234.9206
-82 212.621
-81 171.4127
-80 195.3568
-79 220.0294
-78 208.5036
-77 213.6105
-76 184.8889
-75 167.9379
-74 198.8293
-73 171.1311
-72 176.5582
-71 207.8672
-70 230.656
-69 209.1131
-68 210.703
-67 207.6198
-66 192.6228
-65 209.2476
-64 215.1878
-63 215.0894
-62 191.4407
-61 201.0826
-60 234.084
-59 227.6752
-58 216.9255
-57 238.6065
-56 232.2964
-55 239.2066
-54 239.6717
-53 239.926
-52 241.9884
-51 246.7946
-50 221.4825
-49 235.5493
-48 214.7904
-47 224.0479
-46 228.5586
-45 253.0128
-44 241.6412
-43 226.7033
-42 218.8881
-41 211.9284
-40 181.1114
-39 176.9503
-38 194.6433
-37 210.6853
-36 215.5765
-35 237.3399
-34 246.7667
-33 257.7923
-32 260.7501
-31 289.4625
-30 295.7972
-29 282.7395
-28 302.8866
-27 303.0344
-26 306.1967
-25 317.0883
-24 337.538
-23 338.5601
-22 393.7114
-21 365.6123
-20 373.9214
-19 358.2818
-18 354.3285
-17 351.99
-16 379.7659
-15 386.6679
-14 416.9657
-13 429.1824
-12 402.842
-11 390.8234
-10 357.4728
-9 356.1567
-8 371.3434
-7 420.4684
-6 462.4366
-5 428.074
-4 434.4328
-3 423.4796
-2 395.0862
-1 358.8594
0 380.8095
1 410.2828
2 432.6038
3 415.2151
4 384.5267
5 378.1063
6 403.3454
7 411.015
8 378.2308
9 354.4073
10 349.4439
11 355.7642
12 347.0435
13 324.4377
14 324.594
15 290.0037
16 273.5587
17 263.7212
18 230.5826
19 206.7195
20 202.0759
21 192.999
22 177.1679
23 181.364
24 207.8356
25 194.9475
26 197.6449
27 180.5575
28 171.6224
29 182.4442
30 166.0533
31 164.0977
32 183.6735
33 174.9337
34 165.7539
35 150.8053
36 151.3991
37 169.8625
38 162.5537
39 151.9528
40 156.1415
41 152.1864
42 158.2289
43 150.4733
44 163.8976
45 194.6984
46 171.6826
47 169.9669
48 190.5924
49 217.5578
50 247.3854
51 260.4922
52 227.153
53 215.5132
54 223.9749
55 203.1339
56 207.7209
57 206.1819
58 211.0277
59 191.7943
60 189.9365
61 217.3427
62 212.2894
63 199.5491
64 209.9055
65 191.5378
66 194.1352
67 198.2151
68 184.3981
69 195.0912
70 188.3674
71 179.9122
72 190.3941
73 190.2677
74 182.0444
75 184.1885
76 179.2679
77 192.3053
78 211.6761
79 196.622
80 185.0965
81 181.6796
82 202.1658
83 183.7437
84 160.52
85 158.7153
86 170.6563
87 171.9025
88 210.2482
89 209.2158
