
408
0 0 2 2 153 83 184 46 
0 1 2 2 199 59 169 95 
0 2 2 2 200 98 236 63 
0 3 2 2 256 70 216 114 
0 4 2 2 234 119 270 91 
0 5 2 2 306 69 296 100 
0 6 2 2 333 73 319 46 
0 7 2 2 353 56 373 84 
0 8 2 2 463 103 442 64 
0 9 2 2 504 46 530 96 
0 10 2 2 562 109 550 58 
0 11 2 2 549 24 578 73 
0 12 2 2 593 156 577 106 
0 13 2 2 502 165 448 214 
0 14 2 2 384 243 404 213 
0 15 2 2 366 136 336 170 
0 16 2 2 293 218 318 188 
0 17 2 2 275 211 254 231 
0 18 2 2 230 223 266 195 
0 19 2 2 121 134 135 175 
0 20 2 2 86 273 90 216 
0 21 2 2 69 193 75 238 
0 22 2 2 49 229 38 189 
0 23 2 2 23 194 19 158 
0 24 2 2 8 109 35 155 
0 25 2 2 25 109 0 56 
0 26 2 2 16 44 71 49 
0 27 2 2 49 354 126 355 
0 28 2 2 28 399 99 397 
0 29 2 2 29 439 85 477 
0 30 2 2 89 442 140 472 
0 31 2 2 173 430 218 402 
0 32 2 2 239 445 298 423 
0 33 2 2 295 447 349 438 
0 34 2 2 331 462 364 445 
0 35 2 2 413 413 449 379 
0 36 2 2 457 369 505 332 
0 37 2 2 534 322 562 261 
0 38 2 2 602 256 593 323 
0 39 2 2 602 345 614 281 
0 40 2 2 612 241 635 183 
0 41 2 2 607 81 639 145 
0 42 2 2 560 183 518 254 
0 43 2 2 429 330 469 296 
0 44 2 2 447 281 424 317 
0 45 2 2 412 295 442 264 
0 46 2 2 365 298 404 255 
0 47 2 2 343 259 325 288 
0 48 2 2 296 254 326 223 
0 49 2 2 291 264 269 291 
0 50 2 2 284 322 303 283 
0 51 2 2 300 333 264 354 
0 52 2 2 184 354 203 317 
0 53 2 2 233 288 219 330 
0 54 2 2 188 304 199 258 
0 55 2 2 174 298 163 329 
0 56 2 2 25 469 64 493 
0 57 2 2 51 333 4 343 
0 58 2 2 635 58 663 3 
0 59 2 2 677 1 670 34 
0 60 2 2 670 65 683 114 
0 61 2 2 712 138 714 84 
0 62 2 2 722 75 730 136 
0 63 2 2 712 180 722 138 
0 64 2 2 748 86 765 163 
0 65 2 2 775 124 774 75 
0 66 2 2 788 51 800 119 
0 67 2 2 807 49 798 8 
0 68 2 2 812 71 829 120 
0 69 2 2 879 131 864 98 
0 70 2 2 864 65 898 118 
0 71 2 2 874 138 893 170 
0 72 2 2 903 201 929 265 
0 73 2 2 934 213 961 246 
0 74 2 2 831 203 813 231 
0 75 2 2 788 181 800 131 
0 76 2 2 773 211 758 245 
0 77 2 2 720 248 749 211 
0 78 2 2 675 181 665 243 
0 79 2 2 703 362 714 317 
0 80 2 2 743 335 732 368 
0 81 2 2 725 430 730 389 
0 82 2 2 708 414 705 443 
0 83 2 2 642 470 652 413 
0 84 2 2 604 419 593 458 
0 85 2 2 558 507 579 477 
0 86 2 2 549 453 565 423 
0 87 2 2 538 423 555 390 
0 88 2 2 544 344 523 382 
0 89 2 2 464 450 500 427 
0 90 2 2 440 447 430 465 
0 91 2 2 383 498 425 480 
0 92 2 2 101 585 139 631 
0 93 2 2 155 570 204 613 
0 94 2 2 219 613 190 582 
0 95 2 2 184 637 236 688 
0 96 2 2 198 683 163 647 
0 97 2 2 193 699 220 738 
0 98 2 2 165 733 126 677 
0 99 2 2 8 602 71 634 
0 100 2 2 136 771 115 737 
0 101 2 2 64 696 81 734 
0 102 2 2 34 756 33 698 
0 103 2 2 241 699 276 766 
0 104 2 2 300 796 284 741 
0 105 2 2 275 651 349 707 
0 106 2 2 329 749 365 822 
0 107 2 2 369 872 336 818 
0 108 2 2 379 787 417 867 
0 109 2 2 463 838 428 772 
0 110 2 2 470 718 514 741 
0 111 2 2 560 767 623 808 
0 112 2 2 658 798 619 773 
0 113 2 2 674 793 715 818 
0 114 2 2 623 832 568 794 
0 115 2 2 533 804 588 837 
0 116 2 2 570 889 569 822 
0 117 2 2 607 876 598 817 
0 118 2 2 549 827 559 886 
0 119 2 2 535 889 517 824 
0 120 2 2 488 828 515 902 
0 121 2 2 495 904 462 843 
0 122 2 2 440 883 458 923 
0 123 2 2 480 990 472 927 
0 124 2 2 345 903 380 960 
0 125 2 2 348 971 338 930 
0 126 2 2 256 920 234 851 
0 127 2 2 218 773 244 826 
0 128 2 2 190 823 171 782 
0 129 2 2 170 838 184 909 
0 130 2 2 240 960 224 917 
0 131 2 2 226 878 263 928 
0 132 2 2 308 961 344 1010 
0 133 2 2 305 1016 365 1050 
0 134 2 2 364 990 419 1023 
0 135 2 2 388 991 439 1013 
0 136 2 2 442 1028 513 1067 
0 137 2 2 53 896 103 854 
0 138 2 2 71 778 96 832 
0 139 2 2 68 963 104 925 
0 140 2 2 60 922 95 908 
0 141 2 3 55 941 8 980 8 980 
0 142 2 2 30 1041 39 993 
0 143 2 2 94 1010 79 1056 
0 144 2 2 100 1083 119 1027 
0 145 2 2 136 1036 121 1066 
0 146 2 2 139 1112 159 1068 
0 147 2 2 151 927 153 975 
0 148 2 2 115 966 144 936 
0 149 2 2 194 967 200 1021 
0 150 2 2 213 1065 206 997 
0 151 2 2 221 1033 224 1093 
0 152 2 2 249 1143 250 1081 
0 153 2 2 268 1062 278 1101 
0 154 2 2 269 1162 300 1108 
0 155 2 2 115 1143 108 1201 
0 156 2 2 95 1155 108 1105 
0 157 2 2 84 1105 78 1172 
0 158 2 2 54 1156 73 1091 
0 159 2 2 23 1138 36 1208 
0 160 2 2 540 967 557 1052 
0 161 2 2 573 1026 567 958 
0 162 2 2 624 904 624 983 
0 163 2 2 650 1001 648 915 
0 164 2 2 644 894 713 921 
0 165 2 2 700 942 707 978 
0 166 2 2 710 1040 714 985 
0 167 2 2 683 1012 680 1057 
0 168 2 2 620 1087 632 1033 
0 169 2 2 538 1095 567 1108 
0 170 2 2 555 1147 500 1140 
0 171 2 2 454 1111 419 1095 
0 172 2 2 388 1031 463 1072 
0 173 2 2 378 1145 344 1188 
0 174 2 2 359 1192 395 1148 
0 175 2 2 339 1153 306 1206 
0 176 2 2 275 1203 328 1150 
0 177 2 2 628 1177 699 1182 
0 178 2 2 605 1191 514 1170 
0 179 2 2 729 1061 749 1017 
0 180 2 2 772 1056 779 1106 
0 181 2 2 800 1027 821 971 
0 182 2 2 777 923 847 955 
0 183 2 2 794 950 778 1007 
0 184 2 2 737 878 784 904 
0 185 2 2 793 849 838 901 
0 186 2 2 846 874 898 913 
0 187 2 2 897 893 859 842 
0 188 2 2 797 814 856 869 
0 189 2 2 828 776 774 738 
0 190 2 2 884 797 947 826 
0 191 2 2 943 798 1017 819 
0 192 2 2 978 842 1037 873 
0 193 2 2 942 844 991 893 
0 194 2 2 948 917 913 847 
0 195 2 2 749 493 713 544 
0 196 2 2 752 545 788 494 
0 197 2 2 784 473 795 405 
0 198 2 2 826 429 790 488 
0 199 2 2 812 414 826 370 
0 200 2 2 848 340 866 279 
0 201 2 2 843 256 823 317 
0 202 2 2 794 312 789 256 
0 203 2 2 881 334 861 390 
0 204 2 2 907 367 924 314 
0 205 2 2 941 328 933 384 
0 206 2 2 902 414 914 370 
0 207 2 2 926 403 942 432 
0 208 2 2 959 455 992 505 
0 209 2 2 924 557 936 493 
0 210 2 2 891 508 881 554 
0 211 2 2 849 564 908 573 
0 212 2 2 852 545 868 475 
0 213 2 2 839 473 828 519 
0 214 2 2 954 515 981 565 
0 215 2 2 1034 532 1047 474 
0 216 2 2 988 473 968 412 
0 217 2 2 976 390 969 350 
0 218 2 2 978 255 1001 308 
0 219 2 2 861 248 877 205 
0 220 2 2 914 118 948 169 
0 221 2 2 968 188 1001 230 
0 222 2 2 1017 204 1012 155 
0 223 2 2 1053 151 1041 216 
0 224 2 2 1016 131 986 78 
0 225 2 2 1091 19 1131 60 
0 226 2 2 1176 81 1176 144 
0 227 2 2 1147 200 1156 131 
0 228 2 2 1172 169 1164 248 
0 229 2 2 1191 280 1184 218 
0 230 2 2 1194 188 1212 240 
0 231 2 2 1235 210 1211 141 
0 232 2 2 1112 149 1111 183 
0 233 2 2 1084 200 1114 255 
0 234 2 2 1089 294 1073 255 
0 235 2 2 1026 241 1049 278 
0 236 2 2 1033 296 1082 364 
0 237 2 2 1062 388 1032 325 
0 238 2 2 1013 344 1034 394 
0 239 2 2 1091 442 1116 488 
0 240 2 2 1133 484 1117 432 
0 241 2 2 1144 412 1148 459 
0 242 2 2 1183 479 1177 415 
0 243 2 2 1158 417 1158 458 
0 244 2 2 1212 419 1213 369 
0 245 2 2 1236 355 1236 412 
0 246 2 2 1260 498 1263 440 
0 247 2 2 1272 443 1277 480 
0 248 2 2 1287 529 1291 490 
0 249 2 2 1296 435 1322 484 
0 250 2 2 1362 524 1347 464 
0 251 2 2 1360 498 1378 534 
0 252 2 2 1411 567 1391 503 
0 253 2 2 1406 508 1423 548 
0 254 2 2 1426 510 1412 467 
0 255 2 2 1421 449 1448 494 
0 256 2 2 1468 513 1503 562 
0 257 2 2 1527 568 1507 518 
0 258 2 2 1467 425 1453 379 
0 259 2 2 1440 332 1476 402 
0 260 2 2 1428 365 1411 322 
0 261 2 2 1395 338 1422 384 
0 262 2 2 1418 425 1393 385 
0 263 2 2 1357 372 1387 407 
0 264 2 2 1345 423 1328 357 
0 265 2 2 1291 344 1316 403 
0 266 2 2 1250 256 1290 299 
0 267 2 2 1315 303 1278 255 
0 268 2 2 1257 211 1287 241 
0 269 2 2 1312 156 1292 114 
0 270 2 2 1302 50 1335 105 
0 271 2 2 1320 108 1352 155 
0 272 2 2 1371 123 1422 163 
0 273 2 2 1401 106 1357 73 
0 274 2 2 1346 68 1312 16 
0 275 2 2 1266 5 1282 56 
0 276 2 2 1487 98 1511 30 
0 277 2 2 1536 63 1575 10 
0 278 2 2 1528 106 1588 145 
0 279 2 2 1553 146 1613 178 
0 280 2 2 1557 169 1487 138 
0 281 2 2 1506 160 1568 199 
0 282 2 2 1543 218 1598 264 
0 283 2 2 1507 250 1482 225 
0 284 2 2 1446 194 1470 220 
0 285 2 2 1490 264 1476 238 
0 286 2 2 1448 248 1478 279 
0 287 2 2 1430 284 1400 256 
0 288 2 2 1365 193 1391 234 
0 289 2 2 1488 324 1517 404 
0 290 2 2 1506 334 1506 283 
0 291 2 2 1515 291 1535 329 
0 292 2 2 1531 271 1547 300 
0 293 2 2 1572 370 1610 408 
0 294 2 2 1556 530 1543 483 
0 295 2 2 1562 631 1565 683 
0 296 2 2 1553 684 1542 613 
0 297 2 2 1525 648 1541 729 
0 298 2 2 1526 736 1500 674 
0 299 2 2 1501 712 1480 646 
0 300 2 2 1457 575 1466 638 
0 301 2 2 1441 649 1436 585 
0 302 2 2 1420 627 1427 683 
0 303 2 2 1411 688 1401 611 
0 304 2 2 1403 673 1402 743 
0 305 2 2 1463 718 1450 674 
0 306 2 2 1463 758 1501 786 
0 307 2 2 1447 798 1498 831 
0 308 2 2 1410 821 1456 856 
0 309 2 2 1502 857 1551 894 
0 310 2 2 1541 839 1602 856 
0 311 2 2 1561 909 1591 922 
0 312 2 2 1578 926 1613 945 
0 313 2 2 1585 894 1606 911 
0 314 2 2 1588 956 1530 933 
0 315 2 2 1482 926 1411 899 
0 316 2 2 1393 916 1441 943 
0 317 2 2 1385 946 1446 952 
0 318 2 2 1343 927 1348 958 
0 319 2 2 1378 1020 1378 961 
0 320 2 2 1415 1020 1421 970 
0 321 2 2 1435 1031 1421 1115 
0 322 2 2 1456 1178 1450 1078 
0 323 2 2 1492 1091 1482 1176 
0 324 2 2 1510 1156 1511 1092 
0 325 2 2 1521 1022 1531 1097 
0 326 2 2 1114 833 1167 844 
0 327 2 2 1230 851 1281 877 
0 328 2 2 1261 884 1330 922 
0 329 2 2 1262 920 1268 951 
0 330 2 2 1235 972 1233 893 
0 331 2 2 1196 898 1202 981 
0 332 2 2 1183 933 1178 871 
0 333 2 2 1089 854 1126 882 
0 334 2 2 1052 869 1087 893 
0 335 2 2 1057 901 1112 946 
0 336 2 2 1058 947 1018 886 
0 337 2 2 982 901 1021 956 
0 338 2 2 946 1001 892 967 
0 339 2 2 928 1032 921 1096 
0 340 2 2 984 1157 957 1081 
0 341 2 2 979 1098 1006 1167 
0 342 2 2 1043 1163 1008 1087 
0 343 2 2 1039 1090 1082 1165 
0 344 2 2 1078 1115 1044 1052 
0 345 2 2 1038 1026 1102 1107 
0 346 2 2 826 1036 833 1113 
0 347 2 2 877 1153 883 1097 
0 348 2 2 879 1210 937 1165 
0 349 2 2 1154 1096 1169 1166 
0 350 2 2 1164 1075 1146 1018 
0 351 2 2 1161 1011 1189 1065 
0 352 2 2 1127 1037 1118 946 
0 353 2 2 1136 945 1163 983 
0 354 2 2 1089 768 1129 806 
0 355 2 2 1156 786 1213 809 
0 356 2 2 1217 809 1243 829 
0 357 2 2 1240 784 1286 808 
0 358 2 2 1350 781 1412 783 
0 359 2 2 1323 783 1365 801 
0 360 2 2 999 782 1058 809 
0 361 2 2 997 749 1086 733 
0 362 2 2 1018 724 977 736 
0 363 2 2 836 737 863 704 
0 364 2 2 808 734 759 717 
0 365 2 2 612 724 670 733 
0 366 2 2 376 530 437 535 
0 367 2 2 410 513 463 487 
0 368 2 2 233 505 176 507 
0 369 2 2 120 499 166 527 
0 370 2 2 135 530 185 554 
0 371 2 2 1263 991 1272 1065 
0 372 2 2 1302 1125 1296 1053 
0 373 2 2 1321 1062 1326 1136 
0 374 2 2 1291 1188 1271 1127 
0 375 2 2 1230 1130 1246 1182 
0 376 2 2 1225 1191 1204 1166 
0 377 2 2 1415 1133 1421 1186 
0 378 2 2 1382 1187 1357 1151 
0 379 2 2 1537 1011 1602 1040 
0 380 2 2 1598 1097 1607 1177 
0 381 2 2 1587 1180 1576 1118 
0 382 2 2 1515 1157 1515 1212 
0 383 2 2 1602 719 1591 632 
0 384 2 3 1582 318 1607 365 1607 365 
0 385 2 2 507 3 534 35 
0 386 2 2 359 375 390 330 
0 387 2 2 366 310 346 338 
0 388 2 2 328 340 348 307 
0 389 2 2 356 357 314 389 
0 390 2 2 195 194 201 128 
0 391 2 2 634 255 643 298 
0 392 2 2 677 514 682 460 
0 393 2 2 533 549 582 548 
0 394 2 2 428 568 474 552 
0 395 2 2 380 565 433 559 
0 396 2 2 233 548 288 572 
0 397 2 2 1184 533 1245 552 
0 398 2 2 1018 449 996 403 
0 399 2 2 582 694 638 683 
0 400 2 2 1151 692 1212 693 
0 401 2 2 1011 568 1056 568 
0 402 2 2 690 721 709 701 
0 403 2 2 1074 696 1127 713 
0 404 2 2 1014 683 969 683 
0 405 2 2 364 677 433 676 
0 406 2 2 1330 291 1348 335 
0 407 2 2 912 61 951 98 
