-90 1671.8575
-89 1667.942
-88 1584.4584
-87 1595.5607
-86 1584.8424
-85 1507.4553
-84 1510.1124
-83 1425.1509
-82 1418.7593
-81 1370.0411
-80 1294.7939
-79 1222.8442
-78 1198.1252
-77 1201.6761
-76 1201.858
-75 1213.0276
-74 1189.27
-73 1134.3668
-72 1087.5396
-71 1052.4978
-70 1011.2297
-69 919.2906
-68 927.9306
-67 878.3326
-66 802.9026
-65 749.3528
-64 770.9592
-63 705.2164
-62 699.2649
-61 724.5261
-60 646.2023
-59 675.0081
-58 652.15
-57 673.1675
-56 630.2309
-55 582.1745
-54 575.5117
-53 580.7296
-52 509.9863
-51 485.3616
-50 496.508
-49 471.4211
-48 448.3403
-47 421.7144
-46 358.5295
-45 353.4371
-44 350.0524
-43 316.9394
-42 292.2484
-41 283.5592
-40 267.8508
-39 234.5904
-38 221.2376
-37 214.3561
-36 225.5907
-35 231.8876
-34 206.3668
-33 212.5958
-32 180.0212
-31 152.807
-30 143.6684
-29 143.4937
-28 136.8453
-27 143.4838
-26 135.4312
-25 128.3739
-24 105.7048
-23 99.059
-22 97.001
-21 96.7338
-20 89.5232
-19 99.014
-18 102.4558
-17 96.9535
-16 98.3162
-15 69.0138
-14 71.6874
-13 79.8365
-12 61.4039
-11 70.9829
-10 84.4049
-9 81.5547
-8 86.049
-7 89.4266
-6 89.2324
-5 74.2398
-4 65.9103
-3 65.9219
-2 68.8443
-1 66.4859
0 76.7757
1 67.9558
2 68.2217
3 70.0651
4 78.1248
5 74.1058
6 85.4685
7 76.5107
8 72.7061
9 85.7637
10 85.6033
11 69.722
12 69.9298
13 64.6002
14 64.2094
15 70.7958
16 87.3699
17 86.3601
18 84.2108
19 80.0123
20 81.1369
21 90.1605
22 78.4415
23 108.5871
24 107.4841
25 104.5096
26 105.3015
27 107.0006
28 125.2478
29 125.0193
30 158.6156
31 155.4318
32 165.2261
33 140.3582
34 159.4471
35 172.3979
36 176.3577
37 210.429
38 218.3784
39 231.5108
40 232.7381
41 259.1547
42 255.4401
43 261.8807
44 267.6053
45 233.963
46 269.8524
47 289.2991
48 317.627
49 323.5844
50 353.6714
51 402.6057
52 427.8873
53 415.3679
54 444.0074
55 471.8105
56 465.9032
57 522.1625
58 508.127
59 579.6217
60 611.7769
61 665.3013
62 718.1744
63 766.2181
64 848.0707
65 876.989
66 890.3917
67 921.4714
68 959.5584
69 961.0468
70 942.5005
71 938.6319
72 1007.6281
73 1025.6235
74 1080.0667
75 1164.5419
76 1165.7968
77 1265.1382
78 1222.8441
79 1289.3456
80 1393.0859
81 1377.5981
82 1404.6061
83 1422.5404
84 1459.0706
85 1521.0673
86 1549.4474
87 1581.7333
88 1632.3268
89 1589.5376
