-90 1800.0736
-89 1861.3672
-88 1972.2084
-87 1998.4093
-86 2089.1304
-85 2240.6206
-84 2318.3262
-83 2303.7312
-82 2393.106
-81 2504.6538
-80 2582.5068
-79 2538.9543
-78 2558.4019
-77 2640.9221
-76 2637.7488
-75 2572.0251
-74 2564.8132
-73 2588.3149
-72 2543.1865
-71 2551.1399
-70 2412.9717
-69 2426.0469
-68 2337.6184
-67 2287.3984
-66 2233.2952
-65 2114.1277
-64 2096.0322
-63 2004.6926
-62 1950.5592
-61 1829.6493
-60 1796.616
-59 1701.1865
-58 1615.4487
-57 1588.3982
-56 1489.7455
-55 1389.5391
-54 1324.557
-53 1216.8126
-52 1113.1058
-51 1087.9327
-50 1051.6985
-49 1050.9919
-48 995.3492
-47 899.1534
-46 857.7042
-45 820.968
-44 772.8329
-43 729.3866
-42 730.1207
-41 711.4099
-40 676.5721
-39 681.3483
-38 678.3015
-37 645.188
-36 624.9637
-35 587.0259
-34 561.0446
-33 538.6846
-32 537.142
-31 484.8592
-30 462.4149
-29 434.0206
-28 403.3053
-27 385.2714
-26 362.0737
-25 310.2315
-24 308.2367
-23 304.9817
-22 310.9971
-21 311.3392
-20 294.1555
-19 295.3697
-18 295.9669
-17 278.2415
-16 246.2991
-15 239.8729
-14 227.7844
-13 242.8907
-12 226.7325
-11 205.9411
-10 177.9553
-9 183.9094
-8 184.587
-7 200.0406
-6 203.7263
-5 178.0152
-4 172.9423
-3 161.6897
-2 209.2113
-1 175.8505
0 168.9438
1 152.539
2 149.4938
3 164.4371
4 169.5818
5 172.7261
6 171.9897
7 146.3887
8 144.1091
9 145.6997
10 139.2871
11 145.4102
12 158.618
13 157.2745
14 136.2506
15 136.6504
16 143.0123
17 138.1036
18 140.4506
19 142.8426
20 128.0275
21 124.3011
22 129.4691
23 120.2009
24 111.1139
25 134.1414
26 130.4628
27 129.8985
28 134.3737
29 161.4848
30 159.1675
31 142.0655
32 161.9792
33 152.4589
34 160.0303
35 157.2304
36 154.5869
37 160.9927
38 155.2065
39 152.875
40 171.9251
41 158.0797
42 162.6924
43 174.7675
44 186.3816
45 206.3158
46 214.5895
47 206.7141
48 217.1405
49 188.5737
50 209.4825
51 232.7502
52 255.5951
53 260.3854
54 270.2834
55 305.5129
56 324.6334
57 347.0349
58 365.8937
59 423.7288
60 435.1728
61 458.5789
62 496.0148
63 534.5334
64 513.165
65 520.6504
66 535.7957
67 567.6153
68 621.5218
69 677.1973
70 742.2508
71 764.2704
72 779.417
73 830.5208
74 864.5434
75 914.0148
76 983.0615
77 1087.0703
78 1132.317
79 1196.5403
80 1240.0706
81 1316.3888
82 1343.2643
83 1446.7135
84 1478.0786
85 1498.8157
86 1559.3011
87 1658.7279
88 1718.2638
89 1774.5331
