-90 2347.9236
-89 2419.5676
-88 2536.6426
-87 2520.0259
-86 2551.0742
-85 2625.4343
-84 2648.9885
-83 2618.7151
-82 2594.1204
-81 2478.3489
-80 2495.9961
-79 2460.8999
-78 2517.6938
-77 2459.9009
-76 2375.917
-75 2273.5364
-74 2195.2881
-73 2109.5608
-72 2052.5525
-71 2060.3601
-70 1986.085
-69 1803.9716
-68 1763.5509
-67 1681.076
-66 1637.0308
-65 1476.4794
-64 1399.4329
-63 1313.563
-62 1241.6139
-61 1212.7335
-60 1148.1573
-59 1107.4061
-58 1063.0347
-57 1009.7639
-56 1004.9874
-55 893.3942
-54 809.7603
-53 745.1112
-52 707.6808
-51 630.7672
-50 564.2681
-49 559.2267
-48 507.7888
-47 478.0077
-46 455.1869
-45 413.7932
-44 379.0977
-43 374.7604
-42 368.907
-41 314.2592
-40 281.5754
-39 275.3014
-38 248.3556
-37 239.6859
-36 238.6881
-35 205.9867
-34 188.5275
-33 184.9103
-32 166.3224
-31 169.5599
-30 176.7476
-29 161.6548
-28 157.3663
-27 157.0179
-26 159.4162
-25 148.9579
-24 135.6634
-23 144.25
-22 129.6786
-21 125.7441
-20 149.2557
-19 149.1418
-18 138.5877
-17 119.2289
-16 118.431
-15 129.7341
-14 130.7061
-13 110.3433
-12 112.4214
-11 128.8474
-10 124.8159
-9 124.5953
-8 110.3078
-7 121.118
-6 115.5699
-5 99.5065
-4 99.2806
-3 107.9533
-2 91.2572
-1 84.2502
0 86.9942
1 90.2249
2 109.4905
3 118.5852
4 111.5383
5 110.0976
6 97.8607
7 104.7755
8 101.1572
9 98.8843
10 112.7926
11 106.046
12 82.4939
13 93.8751
14 100.2729
15 104.6861
16 108.8092
17 111.7818
18 114.0849
19 122.2818
20 132.5633
21 129.832
22 108.3589
23 108.479
24 120.757
25 140.0226
26 126.6095
27 133.2561
28 126.8561
29 135.174
30 152.1308
31 145.1541
32 166.0237
33 163.1763
34 157.2211
35 182.8801
36 180.0028
37 181.51
38 205.1794
39 173.6182
40 165.5036
41 187.7476
42 178.9415
43 167.5475
44 157.1171
45 183.2044
46 189.9207
47 221.9864
48 236.4253
49 286.4057
50 306.0358
51 330.0631
52 322.6397
53 353.5171
54 379.3715
55 396.0098
56 392.2887
57 407.7006
58 448.1868
59 473.3936
60 469.0369
61 550.1843
62 590.4346
63 616.8954
64 685.7887
65 721.3092
66 813.9552
67 849.0507
68 891.5558
69 892.3687
70 964.3132
71 1057.7988
72 1107.6271
73 1220.3719
74 1242.2335
75 1223.5314
76 1227.2699
77 1372.2267
78 1444.1041
79 1533.5619
80 1632.3247
81 1696.0106
82 1741.0681
83 1916.0415
84 2022.9492
85 2079.9961
86 2158.5432
87 2292.2378
88 2285.0508
89 2317.2302
