-90 2734.2544
-89 2745.4075
-88 2800.968
-87 2882.1316
-86 2931.8682
-85 2977.0732
-84 3186.7332
-83 3201.4033
-82 3342.7937
-81 3361.8213
-80 3402.5112
-79 3515.6506
-78 3459.4646
-77 3506.2258
-76 3600.2402
-75 3698.7249
-74 3701.9568
-73 3624.7852
-72 3680.1411
-71 3650.4622
-70 3625.0566
-69 3524.0361
-68 3498.335
-67 3368.0469
-66 3347.843
-65 3301.614
-64 3301.4482
-63 3265.2532
-62 3212.6995
-61 3083.2156
-60 2926.092
-59 2774.6497
-58 2746.1467
-57 2698.4705
-56 2456.645
-55 2327.0676
-54 2247.3459
-53 2193.4497
-52 2127.6152
-51 2018.6255
-50 1883.3207
-49 1766.5267
-48 1630.9534
-47 1508.9303
-46 1427.7974
-45 1370.2549
-44 1309.5497
-43 1266.202
-42 1142.2527
-41 1087.8087
-40 1035.1208
-39 1003.7831
-38 940.7186
-37 878.3984
-36 868.3773
-35 837.5049
-34 783.6931
-33 749.8354
-32 701.6179
-31 638.8203
-30 612.3552
-29 609.5715
-28 618.4198
-27 591.9355
-26 526.5662
-25 473.3875
-24 401.6714
-23 384.4933
-22 358.5116
-21 332.7588
-20 344.0197
-19 312.4225
-18 293.2154
-17 264.1439
-16 271.9062
-15 278.2545
-14 277.778
-13 258.583
-12 234.4164
-11 218.3635
-10 205.7104
-9 186.4807
-8 173.241
-7 188.401
-6 176.7621
-5 167.7681
-4 164.8797
-3 169.3302
-2 185.8849
-1 168.4129
0 158.3008
1 175.9469
2 200.6149
3 188.9103
4 185.087
5 154.5773
6 148.9928
7 149.0429
8 152.5072
9 148.0043
10 158.2692
11 141.3258
12 186.5846
13 168.6448
14 176.0696
15 178.3256
16 209.1566
17 196.3297
18 189.4978
19 196.4342
20 182.6573
21 165.4264
22 186.4279
23 206.7135
24 194.3577
25 214.4622
26 237.0586
27 226.1829
28 230.5202
29 254.1897
30 252.4007
31 260.1028
32 261.2079
33 273.4981
34 268.4726
35 284.9993
36 288.76
37 320.4033
38 340.8181
39 329.275
40 335.9615
41 342.9947
42 365.0414
43 385.3581
44 431.2955
45 437.6251
46 448.7293
47 467.394
48 518.1037
49 518.212
50 566.9138
51 577.0112
52 614.5536
53 655.4033
54 658.1592
55 728.5106
56 790.4098
57 797.3972
58 848.3298
59 886.1807
60 890.4065
61 957.4324
62 989.4926
63 1046.9694
64 1115.2373
65 1202.01
66 1218.5884
67 1284.9147
68 1321.8097
69 1318.89
70 1303.6296
71 1380.564
72 1465.3518
73 1488.5072
74 1576.3151
75 1606.8748
76 1604.3083
77 1690.8595
78 1809.1423
79 1832.7638
80 1894.1158
81 1887.7245
82 1988.2349
83 2037.1617
84 2171.0305
85 2338.6592
86 2493.7883
87 2537.6218
88 2581.5283
89 2688.9802
