-90 370.4747
-89 351.5847
-88 349.7508
-87 351.2001
-86 301.5857
-85 321.6423
-84 320.9278
-83 345.9682
-82 339.654
-81 338.2849
-80 365.8551
-79 370.4844
-78 391.5295
-77 372.1743
-76 313.0516
-75 276.239
-74 277.6614
-73 265.0538
-72 237.4409
-71 230.8768
-70 260.6985
-69 240.6267
-68 211.5061
-67 233.7776
-66 217.3601
-65 185.5795
-64 179.6457
-63 170.7976
-62 159.2471
-61 148.3843
-60 153.2508
-59 149.8504
-58 115.6731
-57 102.909
-56 110.1567
-55 90.6533
-54 99.426
-53 99.5736
-52 107.9243
-51 96.1523
-50 104.4888
-49 94.5931
-48 92.2366
-47 85.7458
-46 88.701
-45 100.7813
-44 92.0533
-43 81.2535
-42 76.4796
-41 80.3137
-40 87.9378
-39 74.4785
-38 74.7502
-37 80.6111
-36 67.6776
-35 72.5103
-34 75.0688
-33 64.2328
-32 58.8941
-31 43.4825
-30 43.099
-29 35.2213
-28 29.2044
-27 32.9867
-26 29.8529
-25 32.4562
-24 32.079
-23 30.0678
-22 29.604
-21 30.8681
-20 26.2312
-19 21.2251
-18 29.7439
-17 25.26
-16 18.8171
-15 18.1675
-14 24.4917
-13 29.705
-12 12.3153
-11 22.2032
-10 22.069
-9 21.5788
-8 20.9965
-7 27.1497
-6 24.8509
-5 19.8191
-4 19.9142
-3 29.5573
-2 21.5888
-1 21.8384
0 19.9411
1 19.9736
2 17.6046
3 17.5126
4 17.5699
5 26.0539
6 27.0749
7 19.2763
8 26.755
9 21.9206
10 30.3734
11 24.5219
12 26.9201
13 35.4986
14 32.0594
15 33.5983
16 28.5399
17 20.0081
18 23.6383
19 25.1387
20 22.404
21 34.5247
22 37.7905
23 29.9198
24 29.2941
25 28.9187
26 31.9728
27 22.1383
28 16.3725
29 21.2065
30 24.9826
31 27.9558
32 24.8509
33 25.9701
34 24.5652
35 31.7934
36 32.6578
37 40.9235
38 44.1674
39 40.8155
40 46.0842
41 51.7754
42 39.917
43 40.9115
44 54.851
45 63.6805
46 78.3182
47 71.5646
48 65.0357
49 59.1403
50 74.0798
51 71.2613
52 69.1412
53 64.3831
54 63.9979
55 80.3923
56 60.9698
57 81.2569
58 109.1028
59 114.8836
60 123.9306
61 127.414
62 146.689
63 141.6562
64 140.7251
65 130.1561
66 141.7831
67 170.7547
68 157.2505
69 133.6109
70 170.4162
71 194.0136
72 211.7281
73 218.2535
74 228.924
75 264.1379
76 264.2307
77 241.9689
78 274.2969
79 259.7273
80 272.322
81 294.5475
82 309.7608
83 345.2719
84 372.7706
85 382.2132
86 385.6138
87 364.425
88 386.7569
89 374.9477
