-90 572.4391
-89 558.382
-88 516.6828
-87 526.6303
-86 539.5109
-85 541.935
-84 564.2919
-83 569.8004
-82 521.1337
-81 529.2914
-80 493.8037
-79 482.4236
-78 456.5395
-77 429.0633
-76 426.3863
-75 442.7019
-74 441.8546
-73 389.5366
-72 425.9998
-71 393.6283
-70 381.7603
-69 370.6565
-68 387.367
-67 401.4016
-66 366.1422
-65 342.208
-64 312.5506
-63 298.9028
-62 294.0179
-61 250.4787
-60 231.5766
-59 194.9641
-58 181.2934
-57 171.0214
-56 164.653
-55 132.2908
-54 108.6954
-53 95.6519
-52 95.3707
-51 98.6816
-50 81.9919
-49 82.4316
-48 67.471
-47 77.3159
-46 56.8303
-45 60.5036
-44 60.3795
-43 67.6657
-42 71.4877
-41 73.353
-40 65.371
-39 83.2611
-38 68.8087
-37 58.2804
-36 72.8495
-35 59.4631
-34 66.271
-33 60.9625
-32 62.4926
-31 66.7178
-30 76.0143
-29 66.4298
-28 63.7093
-27 53.9986
-26 50.3585
-25 56.9116
-24 55.5342
-23 57.3062
-22 59.6439
-21 66.4847
-20 53.2572
-19 59.5984
-18 56.3368
-17 61.8841
-16 61.2081
-15 56.7111
-14 57.0398
-13 58.2759
-12 52.5451
-11 55.6518
-10 61.7379
-9 64.3256
-8 59.6099
-7 57.0457
-6 67.0212
-5 54.9534
-4 62.2375
-3 62.1814
-2 53.5606
-1 59.2897
0 51.2959
1 49.6405
2 47.4379
3 43.2409
4 43.513
5 52.0431
6 58.2175
7 54.2599
8 51.0157
9 54.6451
10 47.3109
11 52.8874
12 75.9304
13 61.9971
14 66.4947
15 62.0401
16 62.0721
17 63.429
18 79.056
19 90.3008
20 86.5771
21 87.7149
22 98.9674
23 96.8368
24 85.6044
25 99.6097
26 104.4966
27 93.8496
28 96.9109
29 109.0322
30 119.9697
31 119.5864
32 138.5912
33 152.3152
34 142.9414
35 128.4778
36 148.9371
37 170.285
38 196.8218
39 175.0466
40 193.4582
41 195.1398
42 204.2369
43 203.7814
44 205.5199
45 195.9077
46 205.5625
47 209.5396
48 237.1498
49 249.4544
50 241.8784
51 282.6596
52 318.2319
53 329.4464
54 361.5529
55 346.0677
56 383.2354
57 366.376
58 374.9813
59 338.6872
60 360.3386
61 402.6374
62 374.4178
63 401.7418
64 417.7371
65 413.3505
66 402.5533
67 379.4955
68 389.3082
69 410.5292
70 431.019
71 444.9506
72 479.9637
73 496.9974
74 503.7617
75 523.293
76 541.748
77 565.7733
78 574.9901
79 565.2308
80 603.5085
81 597.9565
82 600.975
83 599.4214
84 582.47
85 590.4068
86 548.804
87 551.1317
88 615.1797
89 636.603
