-90 965.6118
-89 941.4716
-88 928.2905
-87 887.7393
-86 856.2173
-85 848.4127
-84 855.3561
-83 841.4464
-82 842.3624
-81 795.0951
-80 774.7792
-79 756.1029
-78 666.6606
-77 615.6765
-76 604.482
-75 590.5709
-74 562.6658
-73 565.3096
-72 544.0565
-71 525.8937
-70 477.8708
-69 415.0677
-68 381.7659
-67 391.5379
-66 364.9839
-65 324.1689
-64 323.4248
-63 337.7112
-62 299.385
-61 285.0642
-60 278.7181
-59 263.5235
-58 229.6566
-57 207.4382
-56 193.8209
-55 181.3135
-54 190.5473
-53 171.355
-52 165.1097
-51 155.0463
-50 130.2364
-49 106.0751
-48 103.0607
-47 84.2737
-46 83.6247
-45 67.7075
-44 61.8998
-43 64.6372
-42 63.2941
-41 52.8383
-40 57.6448
-39 62.9543
-38 65.7351
-37 61.6213
-36 65.6858
-35 80.316
-34 75.2459
-33 66.8533
-32 61.3747
-31 53.5389
-30 62.4853
-29 61.3571
-28 56.4327
-27 41.9246
-26 46.7578
-25 47.3592
-24 44.013
-23 51.9783
-22 46.6076
-21 47.7561
-20 33.9568
-19 37.5604
-18 45.351
-17 36.3892
-16 34.2478
-15 45.2685
-14 41.5663
-13 46.8018
-12 46.9166
-11 46.1675
-10 48.1895
-9 48.9264
-8 48.1685
-7 44.9992
-6 36.6641
-5 40.056
-4 39.6879
-3 42.5363
-2 40.7811
-1 34.8908
0 36.203
1 37.4043
2 34.818
3 36.5528
4 29.038
5 31.7163
6 34.7959
7 32.3016
8 35.972
9 33.7376
10 39.4686
11 41.732
12 47.2681
13 45.6478
14 39.917
15 39.3556
16 49.9591
17 64.2644
18 63.6795
19 68.6905
20 58.1905
21 61.6931
22 62.283
23 58.6153
24 65.2507
25 65.9495
26 68.3845
27 92.5717
28 86.9235
29 82.3464
30 73.7106
31 76.489
32 66.9594
33 62.0148
34 69.6387
35 75.6021
36 64.6242
37 63.9215
38 71.8791
39 91.6818
40 85.1047
41 90.9098
42 93.0255
43 98.0202
44 109.884
45 110.3661
46 121.2047
47 122.6944
48 129.3051
49 157.4858
50 176.3209
51 191.254
52 173.8206
53 177.953
54 218.9913
55 220.0236
56 202.8825
57 237.7432
58 224.5544
59 247.9085
60 270.05
61 284.8131
62 323.5031
63 339.8685
64 361.8979
65 401.8887
66 443.6323
67 499.4671
68 539.0342
69 554.5007
70 618.0693
71 634.5833
72 674.4061
73 627.1333
74 656.7952
75 687.1287
76 756.6556
77 818.8757
78 837.0409
79 877.3146
80 898.1898
81 934.8016
82 943.9393
83 963.4908
84 982.1626
85 1049.8412
86 993.0108
87 941.2515
88 939.1716
89 976.0598
