-90 943.132
-89 975.092
-88 1024.9562
-87 985.6346
-86 1038.0686
-85 1056.4382
-84 1011.5151
-83 989.5906
-82 981.8773
-81 982.3521
-80 938.9429
-79 943.8089
-78 934.425
-77 849.4662
-76 803.84
-75 788.3683
-74 784.9631
-73 774.9327
-72 747.5423
-71 720.7246
-70 673.6758
-69 656.532
-68 628.4267
-67 590.6817
-66 578.2875
-65 546.889
-64 516.2898
-63 502.1912
-62 477.9901
-61 454.2291
-60 411.3976
-59 407.9502
-58 363.7609
-57 355.0367
-56 344.4328
-55 357.9153
-54 355.9315
-53 329.2303
-52 295.3406
-51 300.0121
-50 301.6144
-49 256.4409
-48 228.4653
-47 229.8648
-46 220.5345
-45 211.054
-44 206.6501
-43 214.166
-42 186.6125
-41 184.9958
-40 174.2011
-39 167.7681
-38 178.4983
-37 151.0395
-36 147.4547
-35 153.6046
-34 159.6485
-33 146.0126
-32 139.9762
-31 139.0924
-30 128.9414
-29 115.1342
-28 122.4563
-27 137.2641
-26 140.4269
-25 116.3686
-24 117.8857
-23 121.5295
-22 118.9269
-21 138.2467
-20 126.0977
-19 110.175
-18 104.5276
-17 98.9903
-16 111.9039
-15 122.0795
-14 131.5109
-13 128.0166
-12 118.9709
-11 120.2505
-10 118.2417
-9 104.2679
-8 95.2187
-7 100.3655
-6 106.555
-5 119.1761
-4 106.0967
-3 101.7111
-2 112.6504
-1 122.1055
0 135.2944
1 139.1639
2 131.6859
3 145.9256
4 143.0307
5 143.2584
6 143.8856
7 135.2971
8 167.8198
9 160.3238
10 166.9421
11 143.4608
12 134.8588
13 138.3901
14 125.3143
15 140.1947
16 140.0473
17 124.6666
18 133.1914
19 142.4983
20 141.6354
21 126.9639
22 140.4019
23 135.8626
24 120.8441
25 128.5202
26 135.0967
27 124.4202
28 130.1437
29 125.5285
30 105.9929
31 110.775
32 101.2225
33 87.1938
34 93.1552
35 88.2853
36 91.4168
37 88.752
38 88.4461
39 109.3869
40 114.5507
41 115.9995
42 101.4648
43 105.8815
44 115.4781
45 102.8207
46 114.5277
47 117.3861
48 134.1582
49 143.2061
50 158.6466
51 169.5827
52 170.1587
53 189.3651
54 190.1311
55 186.8614
56 200.5278
57 205.3904
58 224.6028
59 222.0871
60 217.1092
61 242.8273
62 273.5833
63 291.483
64 311.1803
65 342.9802
66 356.8323
67 347.5815
68 386.1041
69 394.3156
70 454.5903
71 478.0612
72 492.221
73 523.0145
74 606.7715
75 642.8912
76 666.3163
77 643.5162
78 734.624
79 753.1357
80 786.1212
81 820.901
82 886.0787
83 828.1893
84 824.9433
85 830.5234
86 827.2003
87 865.3777
88 932.5062
89 941.7084
