-90 1074.4055
-89 1093.1298
-88 1067.5696
-87 1011.061
-86 918.6393
-85 902.3019
-84 984.2734
-83 1010.5512
-82 984.449
-81 935.4039
-80 916.5795
-79 928.3308
-78 852.0087
-77 814.2026
-76 779.3772
-75 702.0366
-74 722.6344
-73 714.7531
-72 722.3815
-71 710.9657
-70 702.1556
-69 676.5977
-68 681.1747
-67 650.0541
-66 649.294
-65 613.3265
-64 607.8533
-63 614.5195
-62 614.3793
-61 596.2709
-60 603.7654
-59 579.8955
-58 558.2471
-57 548.0566
-56 533.6552
-55 499.799
-54 472.9554
-53 459.0881
-52 439.6927
-51 421.4937
-50 419.2299
-49 442.8471
-48 462.4368
-47 424.3454
-46 380.8778
-45 394.7545
-44 349.9927
-43 334.2029
-42 372.8951
-41 353.143
-40 348.006
-39 352.1031
-38 353.2643
-37 328.2889
-36 361.6418
-35 364.6695
-34 341.3017
-33 347.6622
-32 333.7528
-31 343.9742
-30 359.6988
-29 375.7395
-28 371.4462
-27 409.2096
-26 379.8707
-25 398.0716
-24 394.5401
-23 397.659
-22 413.5939
-21 405.4648
-20 398.0135
-19 390.0219
-18 385.0203
-17 384.9247
-16 363.6178
-15 363.7298
-14 358.3475
-13 393.4008
-12 384.2649
-11 362.7178
-10 331.1122
-9 304.4354
-8 293.4315
-7 313.9305
-6 313.585
-5 282.1527
-4 309.4656
-3 282.833
-2 310.6456
-1 329.1889
0 306.5541
1 319.3098
2 320.7779
3 316.5158
4 273.8717
5 299.8596
6 276.5735
7 296.3129
8 316.9809
9 335.6
10 342.1847
11 352.3709
12 368.3206
13 387.9958
14 352.552
15 354.6382
16 356.2113
17 376.5268
18 375.59
19 354.5849
20 365.6961
21 324.0354
22 337.236
23 368.3192
24 357.6304
25 320.0784
26 344.4693
27 350.2972
28 368.5121
29 404.6892
30 416.6335
31 438.0973
32 473.1249
33 459.9282
34 425.4215
35 439.6853
36 454.5677
37 441.538
38 457.1701
39 493.8977
40 530.1175
41 516.294
42 528.5327
43 512.6725
44 514.8429
45 519.3008
46 522.4504
47 519.7356
48 503.8503
49 579.0179
50 546.8538
51 538.8682
52 579.1875
53 612.7091
54 658.5214
55 704.2207
56 733.1008
57 705.3482
58 730.6253
59 778.9392
60 782.1711
61 807.8845
62 844.8126
63 851.5927
64 892.1302
65 953.5388
66 976.4437
67 965.2508
68 963.9672
69 1013.6251
70 1027.427
71 1121.573
72 1160.3372
73 1115.1201
74 1149.4669
75 1151.39
76 1191.9908
77 1244.001
78 1228.0997
79 1265.8494
80 1237.6488
81 1128.2631
82 1205.8269
83 1154.598
84 1124.4971
85 1116.8145
86 1124.108
87 1081.7976
88 1105.8429
89 1117.6954
