-90 1273.7648
-89 1222.3115
-88 1228.7343
-87 1316.3469
-86 1287.5424
-85 1237.9729
-84 1203.3231
-83 1258.1526
-82 1205.5746
-81 1164.8601
-80 1107.3307
-79 1096.1528
-78 1107.9362
-77 1089.6896
-76 1135.7699
-75 1181.9374
-74 1091.5337
-73 1088.6317
-72 1078.0562
-71 1054.0591
-70 1054.1144
-69 1058.5879
-68 995.0927
-67 893.6919
-66 832.2214
-65 781.4382
-64 790.9561
-63 787.2389
-62 726.9693
-61 672.1099
-60 639.6918
-59 590.1199
-58 562.748
-57 546.8763
-56 518.5143
-55 501.1257
-54 477.7826
-53 459.5833
-52 396.2848
-51 410.963
-50 365.8926
-49 355.9099
-48 345.1444
-47 331.921
-46 311.2567
-45 320.9077
-44 295.5848
-43 248.1916
-42 246.8912
-41 238.3283
-40 249.381
-39 272.8012
-38 271.2605
-37 237.7948
-36 222.1306
-35 240.0518
-34 240.9707
-33 270.2051
-32 236.6939
-31 212.102
-30 209.1824
-29 216.2581
-28 168.6078
-27 176.1462
-26 159.5724
-25 154.0345
-24 146.8254
-23 127.1992
-22 131.0966
-21 130.7074
-20 116.6105
-19 133.2487
-18 137.2094
-17 138.5815
-16 139.2546
-15 142.5519
-14 151.897
-13 148.32
-12 148.662
-11 158.2657
-10 157.7512
-9 156.115
-8 159.2605
-7 154.6897
-6 150.0304
-5 155.848
-4 122.9629
-3 114.1964
-2 104.5972
-1 119.8851
0 118.6235
1 130.3994
2 134.6317
3 126.2124
4 132.8271
5 127.605
6 105.837
7 116.1442
8 114.7615
9 122.1562
10 107.8777
11 112.6414
12 113.2551
13 101.8615
14 99.5709
15 96.9476
16 116.8593
17 112.2454
18 101.7121
19 114.2101
20 109.3202
21 103.7995
22 96.8042
23 94.3959
24 96.5495
25 93.3776
26 112.1642
27 108.4284
28 107.5153
29 119.2458
30 106.9618
31 96.8196
32 104.7356
33 97.3708
34 114.8872
35 104.1557
36 109.4907
37 112.4519
38 125.7017
39 148.527
40 148.2701
41 151.9428
42 190.9867
43 207.2185
44 236.1486
45 256.4827
46 274.2803
47 266.371
48 275.5285
49 299.7527
50 307.3543
51 331.3619
52 330.0406
53 363.0653
54 377.3173
55 448.0349
56 456.791
57 486.31
58 488.1902
59 530.777
60 543.3749
61 581.4734
62 619.6619
63 654.568
64 676.9135
65 675.5826
66 741.2954
67 791.3433
68 817.7458
69 840.976
70 906.3015
71 932.8148
72 938.1617
73 999.3459
74 1031.1377
75 1050.5022
76 1056.0564
77 1083.5963
78 1022.1735
79 1023.1413
80 1089.327
81 1094.9559
82 1107.007
83 1148.626
84 1177.8198
85 1222.0978
86 1221.8765
87 1242.1361
88 1248.4559
89 1323.1921
