-90 1020.2834
-89 1020.9104
-88 1013.1116
-87 1005.7534
-86 1016.8563
-85 1048.9451
-84 1029.569
-83 1026.08
-82 1015.0967
-81 989.8528
-80 988.5881
-79 1036.5079
-78 1062.842
-77 1006.5511
-76 1023.4556
-75 1028.3945
-74 1043.363
-73 974.3008
-72 1029.1639
-71 996.3859
-70 926.1353
-69 931.2642
-68 899.643
-67 918.0718
-66 953.4152
-65 944.4421
-64 987.4633
-63 940.2104
-62 859.2458
-61 879.6916
-60 922.7399
-59 846.1026
-58 824.3674
-57 831.5582
-56 788.6156
-55 750.8057
-54 735.0339
-53 714.1096
-52 713.8622
-51 693.4158
-50 667.601
-49 640.4119
-48 648.4307
-47 610.1137
-46 570.2685
-45 582.9669
-44 590.8687
-43 628.5955
-42 638.8572
-41 629.4879
-40 652.7189
-39 653.1242
-38 649.416
-37 629.0938
-36 635.7047
-35 609.0241
-34 598.2469
-33 558.0967
-32 595.916
-31 576.9245
-30 553.9388
-29 544.6487
-28 526.1036
-27 496.2127
-26 483.7604
-25 473.9284
-24 474.0603
-23 467.8145
-22 447.8961
-21 435.3972
-20 425.3314
-19 429.2294
-18 418.5661
-17 425.6649
-16 444.4693
-15 433.8609
-14 430.2224
-13 391.9302
-12 391.4667
-11 381.2314
-10 390.2685
-9 373.5452
-8 373.1549
-7 352.1541
-6 360.6764
-5 341.2841
-4 362.0116
-3 374.9655
-2 375.2918
-1 397.4372
0 413.6461
1 357.4579
2 357.0247
3 379.1852
4 360.2882
5 360.0487
6 365.7282
7 372.9477
8 359.909
9 343.1246
10 314.3247
11 300.8482
12 309.887
13 293.5205
14 302.016
15 299.3288
16 281.4275
17 303.9254
18 285.4939
19 298.3735
20 289.4976
21 285.0696
22 268.7607
23 275.9415
24 273.0462
25 262.7066
26 281.4991
27 293.5519
28 288.9187
29 290.2323
30 305.6407
31 313.866
32 328.1302
33 352.9767
34 373.1097
35 383.0026
36 396.859
37 409.9354
38 386.386
39 384.1113
40 376.4573
41 406.4086
42 418.9989
43 422.1147
44 405.4016
45 428.849
46 428.8362
47 462.1163
48 416.7463
49 443.9464
50 471.2515
51 475.8331
52 534.2137
53 544.3144
54 539.7782
55 593.2162
56 623.1029
57 638.0275
58 674.925
59 646.6957
60 673.6013
61 679.6546
62 723.4018
63 739.8636
64 703.3776
65 742.5978
66 793.4007
67 806.15
68 841.6724
69 867.4445
70 849.0077
71 853.2293
72 883.74
73 940.0175
74 981.9577
75 988.3068
76 1042.3026
77 1090.4735
78 1089.9906
79 1121.6644
80 1141.7264
81 1099.6152
82 1073.8896
83 1019.6907
84 1091.5074
85 1034.6003
86 1001.9575
87 1013.3314
88 1029.7213
89 1016.1988
