-90 667.7437
-89 720.8873
-88 736.9037
-87 723.0702
-86 713.2188
-85 716.6533
-84 689.3163
-83 804.3551
-82 788.6071
-81 762.2106
-80 753.2803
-79 719.7243
-78 670.5291
-77 642.4691
-76 610.8242
-75 568.3639
-74 554.0664
-73 524.9725
-72 481.144
-71 474.6364
-70 476.8505
-69 465.7187
-68 461.8496
-67 447.6382
-66 454.4398
-65 463.0181
-64 472.8951
-63 503.02
-62 527.8105
-61 565.676
-60 501.5965
-59 474.8029
-58 462.6708
-57 418.4622
-56 360.3983
-55 346.9006
-54 336.8207
-53 309.1373
-52 314.6171
-51 288.3918
-50 278.088
-49 279.731
-48 283.7299
-47 270.0328
-46 275.6097
-45 255.999
-44 248.021
-43 222.5501
-42 200.6746
-41 180.6309
-40 153.8472
-39 160.1697
-38 161.8773
-37 160.5428
-36 144.0089
-35 153.5871
-34 154.9351
-33 150.2831
-32 157.3147
-31 140.9147
-30 120.3332
-29 113.665
-28 101.721
-27 113.1296
-26 107.503
-25 113.4624
-24 111.5574
-23 109.0702
-22 105.4992
-21 103.3723
-20 97.2178
-19 84.7642
-18 75.1376
-17 79.7263
-16 84.1747
-15 73.478
-14 71.3752
-13 63.1665
-12 48.0924
-11 43.8562
-10 56.7928
-9 41.1445
-8 35.4104
-7 24.5895
-6 26.1567
-5 30.1519
-4 29.3349
-3 24.9966
-2 25.9739
-1 27.7636
0 24.7813
1 22.0774
2 23.101
3 24.346
4 27.4463
5 25.2714
6 20.8343
7 29.017
8 22.6151
9 23.1107
10 24.0851
11 19.2124
12 19.8802
13 18.8583
14 18.1162
15 15.8096
16 15.3437
17 14.6493
18 17.0515
19 17.1071
20 23.7058
21 20.7694
22 26.5595
23 31.6322
24 28.875
25 35.5214
26 33.9008
27 35.0949
28 34.2147
29 34.6853
30 30.6159
31 21.4732
32 28.7552
33 33.9933
34 26.9214
35 30.9454
36 26.8737
37 28.1305
38 29.839
39 27.0127
40 30.9523
41 35.2246
42 30.9873
43 38.2054
44 34.6856
45 31.3815
46 41.6175
47 39.6411
48 39.7621
49 43.6421
50 42.4548
51 44.3237
52 48.2201
53 36.4548
54 43.0461
55 44.9432
56 53.4893
57 60.1173
58 79.068
59 81.1554
60 100.5628
61 107.6321
62 118.9184
63 122.9342
64 143.873
65 161.1263
66 181.3582
67 201.041
68 198.4954
69 216.4547
70 215.3326
71 238.8804
72 250.3421
73 282.8448
74 304.1659
75 308.4783
76 301.8371
77 347.7766
78 354.7567
79 352.1855
80 377.7781
81 460.3304
82 513.2917
83 562.403
84 606.2252
85 615.467
86 621.0857
87 621.9014
88 609.8801
89 621.3878
