-90 2549.4529
-89 2498.9819
-88 2473.3
-87 2374.2207
-86 2313.5186
-85 2301.7358
-84 2240.876
-83 2191.124
-82 2094.1438
-81 2019.9117
-80 1955.7386
-79 1873.9749
-78 1810.0609
-77 1699.6725
-76 1675.0217
-75 1606.2416
-74 1528.9479
-73 1410.5005
-72 1349.6141
-71 1277.9019
-70 1261.6028
-69 1180.2123
-68 1115.6769
-67 1021.7274
-66 987.0165
-65 902.6106
-64 827.2044
-63 769.1385
-62 731.306
-61 734.4271
-60 690.3086
-59 659.818
-58 648.472
-57 643.6921
-56 614.7464
-55 590.1405
-54 533.0065
-53 584.0337
-52 550.7463
-51 545.8341
-50 544.9612
-49 530.9383
-48 544.3581
-47 539.6108
-46 537.2849
-45 525.4866
-44 508.5988
-43 483.5287
-42 499.3981
-41 482.5851
-40 473.9814
-39 455.1427
-38 476.9679
-37 481.7289
-36 464.7676
-35 436.3
-34 425.9419
-33 403.6453
-32 417.4211
-31 402.5467
-30 408.664
-29 421.7833
-28 401.8594
-27 423.9615
-26 455.5641
-25 483.2778
-24 489.8358
-23 487.8769
-22 454.5098
-21 445.9265
-20 464.7407
-19 470.0043
-18 439.0837
-17 440.8647
-16 440.2085
-15 428.06
-14 433.8403
-13 405.0159
-12 409.0634
-11 437.0146
-10 410.4319
-9 442.0948
-8 439.8854
-7 450.631
-6 452.2454
-5 443.5859
-4 445.2277
-3 443.1467
-2 426.3363
-1 396.4567
0 422.6671
1 427.3915
2 405.2338
3 423.1979
4 407.8983
5 430.4288
6 470.9689
7 470.0452
8 431.9547
9 455.9135
10 472.4868
11 467.5812
12 468.7343
13 544.8745
14 570.4162
15 568.3444
16 595.9493
17 598.6558
18 674.1772
19 698.9779
20 687.7421
21 724.3863
22 702.1918
23 709.4612
24 735.0729
25 809.8438
26 824.7218
27 837.8015
28 900.5461
29 896.6038
30 940.9036
31 1011.7621
32 1066.2421
33 1038.512
34 1023.8625
35 1072.6588
36 1108.1093
37 1176.2803
38 1230.4603
39 1264.6371
40 1264.6335
41 1325.1307
42 1374.2991
43 1382.4065
44 1447.9666
45 1507.5287
46 1546.9335
47 1643.7122
48 1623.3873
49 1622.3717
50 1671.9753
51 1714.7369
52 1709.002
53 1783.2861
54 1829.4294
55 1926.6968
56 2043.9772
57 2173.9429
58 2196.5891
59 2304.2434
60 2392.3044
61 2486.0918
62 2556.5103
63 2627.845
64 2679.4829
65 2696.6375
66 2732.405
67 2812.1677
68 2860.7449
69 2803.1108
70 2881.615
71 2864.23
72 2864.7827
73 2960.8203
74 3054.7131
75 3057.7729
76 3075.9089
77 2913.4404
78 2788.2708
79 2920.9297
80 2879.4873
81 2792.4363
82 2840.636
83 2894.7192
84 2886.0854
85 2822.6089
86 2741.2302
87 2696.9561
88 2623.8916
89 2589.9155
