-90 2130.9609
-89 2156.6191
-88 2149.1929
-87 2105.2852
-86 2146.1465
-85 2141.0322
-84 2109.4758
-83 2105.9236
-82 2064.5583
-81 2076.7646
-80 2058.3989
-79 1987.4884
-78 1925.149
-77 1924.3997
-76 1906.9391
-75 1895.1987
-74 1829.1632
-73 1840.4205
-72 1759.3263
-71 1603.6886
-70 1530.01
-69 1515.8372
-68 1472.9396
-67 1403.3099
-66 1357.2633
-65 1309.8251
-64 1229.6063
-63 1158.6823
-62 1106.74
-61 1110.8822
-60 1087.7107
-59 1009.6669
-58 988.2581
-57 934.5959
-56 914.5223
-55 910.2892
-54 851.7868
-53 877.6872
-52 810.7758
-51 789.2906
-50 746.648
-49 767.6696
-48 735.5149
-47 675.8702
-46 641.8129
-45 591.0546
-44 584.2639
-43 542.3541
-42 540.8898
-41 509.2346
-40 516.6053
-39 497.8344
-38 500.3943
-37 478.9874
-36 451.8972
-35 449.9576
-34 415.5991
-33 410.7805
-32 398.6943
-31 414.6494
-30 443.4021
-29 402.3585
-28 417.3417
-27 413.8145
-26 407.2284
-25 398.4489
-24 385.5361
-23 393.2317
-22 387.6848
-21 379.951
-20 393.3972
-19 391.8219
-18 414.3703
-17 388.2043
-16 413.0457
-15 423.3823
-14 415.7901
-13 397.537
-12 401.3994
-11 405.8623
-10 394.9726
-9 396.8896
-8 382.2287
-7 367.5158
-6 406.408
-5 385.5909
-4 368.711
-3 400.4883
-2 401.6546
-1 401.3514
0 352.9597
1 363.9583
2 362.4159
3 378.5375
4 404.9235
5 424.2293
6 397.7877
7 382.39
8 406.0857
9 379.9826
10 391.5981
11 429.6197
12 410.8332
13 400.1372
14 385.8583
15 378.127
16 357.407
17 372.0695
18 355.653
19 353.5525
20 370.4498
21 393.9311
22 380.4622
23 361.7134
24 366.5671
25 357.5929
26 332.1168
27 351.6726
28 395.4291
29 445.7723
30 451.3684
31 447.6742
32 461.5298
33 451.8505
34 447.1623
35 473.408
36 467.6997
37 468.7783
38 485.4297
39 522.5209
40 507.8442
41 524.6052
42 521.9609
43 522.3682
44 580.299
45 539.9275
46 564.4647
47 599.9565
48 638.2785
49 681.4407
50 727.5049
51 676.0053
52 699.0836
53 712.5629
54 753.8896
55 771.4325
56 845.9404
57 901.7258
58 996.4
59 978.0533
60 991.6423
61 1047.8124
62 1070.3759
63 1145.2163
64 1190.1007
65 1128.9611
66 1167.0369
67 1248.6245
68 1314.9469
69 1382.5914
70 1441.1688
71 1553.4626
72 1644.7465
73 1801.2153
74 1830.0631
75 1899.4561
76 1965.4911
77 2042.5254
78 2191.947
79 2122.7007
80 2183.063
81 2278.8525
82 2301.6316
83 2354.9109
84 2402.1667
85 2334.6665
86 2316.0166
87 2312.2517
88 2288.7244
89 2180.1768
