-90 3515.1716
-89 3448.6833
-88 3316.5083
-87 3192.6985
-86 3134.125
-85 2966.4465
-84 2809.6355
-83 2578.6138
-82 2454.7214
-81 2259.7642
-80 2105.6777
-79 2017.9091
-78 1925.9285
-77 1929.7732
-76 1757.9388
-75 1779.1707
-74 1669.165
-73 1586.1139
-72 1500.5342
-71 1384.5828
-70 1297.7389
-69 1214.6536
-68 1087.6833
-67 1042.9576
-66 993.4015
-65 912.9906
-64 860.7949
-63 807.4425
-62 745.5992
-61 733.5831
-60 711.3807
-59 647.4446
-58 607.9755
-57 595.2598
-56 560.7233
-55 519.9916
-54 478.5074
-53 417.0379
-52 442.1519
-51 413.0505
-50 399.6492
-49 380.6175
-48 362.7777
-47 364.7322
-46 369.1106
-45 387.8816
-44 357.5182
-43 325.8953
-42 328.9881
-41 354.0196
-40 322.3481
-39 339.6163
-38 301.9884
-37 306.9224
-36 292.8275
-35 293.6926
-34 259.9843
-33 260.6414
-32 267.163
-31 247.5809
-30 261.1184
-29 253.1927
-28 235.5863
-27 247.5251
-26 239.9379
-25 264.4523
-24 243.781
-23 245.7356
-22 258.7216
-21 245.5277
-20 256.842
-19 251.8132
-18 240.0802
-17 249.1274
-16 250.0486
-15 259.3591
-14 239.7832
-13 251.7684
-12 264.4705
-11 253.1667
-10 221.6026
-9 245.025
-8 269.0835
-7 259.8954
-6 256.3883
-5 257.2664
-4 268.9828
-3 279.9227
-2 308.5126
-1 292.8722
0 310.0516
1 324.2436
2 329.3531
3 323.5111
4 312.4977
5 321.6742
6 318.0731
7 331.4453
8 334.2688
9 327.3592
10 345.727
11 343.6337
12 321.6111
13 334.1179
14 318.313
15 380.1028
16 372.7791
17 365.9624
18 344.4883
19 374.0781
20 355.5129
21 354.6183
22 376.8324
23 383.9419
24 384.929
25 427.3444
26 433.7261
27 421.134
28 435.1715
29 453.5617
30 458.0084
31 484.0755
32 548.5721
33 531.3198
34 555.0042
35 579.0497
36 578.132
37 626.0011
38 696.1749
39 715.02
40 794.3569
41 837.2233
42 904.6987
43 893.3896
44 900.5255
45 988.0339
46 1071.7767
47 1102.6429
48 1193.9177
49 1271.3632
50 1349.5917
51 1407.5959
52 1508.3853
53 1527.7217
54 1575.8894
55 1665.8085
56 1725.4025
57 1730.1486
58 1768.8088
59 1834.6436
60 1934.6307
61 2044.8723
62 2141.1643
63 2241.5088
64 2324.0652
65 2492.1274
66 2658.6177
67 2833.6501
68 3027.1833
69 3115.2202
70 3244.4309
71 3349.8918
72 3484.3345
73 3462.0439
74 3575.9551
75 3712.9172
76 3782.9578
77 3890.1738
78 4028.9568
79 4179.4985
80 4043.116
81 4026.6641
82 3964.2766
83 3914.5054
84 3895.823
85 3792.9712
86 3708.6074
87 3694.6304
88 3582.0332
89 3479.9753
