-90 1336.8088
-89 1304.1544
-88 1264.5857
-87 1227.4341
-86 1242.9514
-85 1159.1879
-84 1093.8647
-83 1057.2622
-82 939.0939
-81 859.9847
-80 868.4568
-79 818.3676
-78 770.0287
-77 704.7123
-76 670.9316
-75 610.5321
-74 552.6104
-73 580.0886
-72 557.6754
-71 473.7634
-70 418.5306
-69 372.1932
-68 341.5148
-67 363.8195
-66 369.1617
-65 319.5723
-64 303.9685
-63 320.5355
-62 308.4766
-61 290.7717
-60 284.1723
-59 292.8633
-58 256.5005
-57 225.69
-56 220.5236
-55 218.569
-54 196.824
-53 202.0162
-52 208.6864
-51 187.3699
-50 165.8432
-49 173.7729
-48 157.6773
-47 154.2954
-46 137.9041
-45 141.324
-44 145.8159
-43 143.6842
-42 134.606
-41 130.1869
-40 137.6731
-39 140.6338
-38 151.2898
-37 135.2767
-36 128.922
-35 135.6821
-34 143.8383
-33 132.006
-32 130.7216
-31 159.821
-30 158.4701
-29 173.0157
-28 152.7775
-27 147.8453
-26 143.4733
-25 165.1037
-24 156.418
-23 175.5864
-22 172.1744
-21 151.9646
-20 159.908
-19 164.4429
-18 169.3493
-17 193.2963
-16 181.3724
-15 190.5733
-14 174.6191
-13 180.8438
-12 186.4654
-11 190.1843
-10 186.9076
-9 193.2059
-8 206.7292
-7 213.2589
-6 192.0559
-5 199.224
-4 195.8519
-3 211.4084
-2 215.3878
-1 209.7345
0 214.6473
1 248.9373
2 247.4725
3 267.0916
4 265.69
5 285.9281
6 290.017
7 268.3684
8 305.4576
9 311.743
10 330.7129
11 345.8484
12 333.31
13 341.7423
14 344.5413
15 350.7108
16 337.3829
17 376.9005
18 390.2473
19 426.6924
20 445.4426
21 423.4493
22 457.391
23 444.9629
24 421.6456
25 449.6831
26 497.7699
27 459.1913
28 468.4257
29 498.3715
30 519.81
31 494.813
32 486.2542
33 530.134
34 580.506
35 637.6707
36 620.7256
37 615.8858
38 634.8278
39 665.5551
40 658.1023
41 715.8879
42 759.9236
43 749.1062
44 743.2444
45 750.6324
46 781.1088
47 814.0672
48 814.5416
49 827.0311
50 841.0379
51 891.6818
52 898.5907
53 935.2745
54 988.9624
55 1017.4211
56 1026.9586
57 1006.2916
58 1053.2817
59 1117.2664
60 1167.9133
61 1134.3052
62 1086.5624
63 1099.9141
64 1078.6442
65 1151.7902
66 1130.7745
67 1158.4677
68 1185.4839
69 1210.0305
70 1135.361
71 1204.1946
72 1246.7559
73 1297.5227
74 1360.4178
75 1436.0892
76 1422.6522
77 1412.3925
78 1415.4849
79 1373.339
80 1401.5615
81 1335.1571
82 1289.2563
83 1273.1505
84 1321.9729
85 1320.4882
86 1311.3005
87 1380.5397
88 1366.5391
89 1296.4233
