
299
0 0 2 2 502 24 462 89 
0 1 2 2 444 73 470 16 
0 2 2 2 401 25 390 75 
0 3 2 2 375 75 390 21 
0 4 2 2 330 9 291 63 
0 5 2 2 243 113 230 56 
0 6 2 2 156 68 159 146 
0 7 2 2 140 106 153 55 
0 8 2 2 129 4 121 54 
0 9 2 2 115 108 98 154 
0 10 2 2 109 193 100 271 
0 11 2 2 79 271 69 215 
0 12 2 2 36 215 46 268 
0 13 2 2 135 313 129 240 
0 14 2 2 243 183 235 244 
0 15 2 2 288 289 263 239 
0 16 2 2 250 293 273 348 
0 17 2 2 275 379 316 429 
0 18 2 2 276 413 225 352 
0 19 2 2 226 383 259 420 
0 20 2 2 238 464 211 405 
0 21 2 2 179 453 219 499 
0 22 2 2 223 557 193 497 
0 23 2 2 208 563 231 607 
0 24 2 2 224 637 189 569 
0 25 2 2 140 585 161 648 
0 26 2 2 18 699 29 642 
0 27 2 2 21 597 8 656 
0 28 2 2 11 487 14 432 
0 29 2 2 44 380 68 432 
0 30 2 2 98 445 71 388 
0 31 2 2 33 333 49 365 
0 32 2 2 40 443 48 495 
0 33 2 2 123 807 120 858 
0 34 2 2 144 955 151 901 
0 35 2 2 118 896 130 931 
0 36 2 2 89 904 79 837 
0 37 2 2 160 818 168 881 
0 38 2 2 205 948 208 878 
0 39 2 2 216 878 220 950 
0 40 2 2 248 911 246 848 
0 41 2 2 265 726 278 631 
0 42 2 2 303 542 298 607 
0 43 2 2 265 537 275 464 
0 44 2 2 324 525 319 598 
0 45 2 2 346 567 343 503 
0 46 2 2 373 473 378 537 
0 47 2 2 360 418 343 348 
0 48 2 2 306 345 333 405 
0 49 2 2 408 394 405 337 
0 50 2 2 390 261 403 303 
0 51 2 2 375 317 366 279 
0 52 2 2 325 206 343 258 
0 53 2 2 520 344 553 265 
0 54 2 2 558 288 543 338 
0 55 2 2 579 330 605 261 
0 56 2 2 629 204 630 231 
0 57 2 2 524 250 554 198 
0 58 2 2 508 184 502 233 
0 59 2 2 483 224 498 170 
0 60 2 2 500 124 532 79 
0 61 2 2 564 35 557 79 
0 62 2 2 448 138 474 106 
0 63 2 2 687 155 678 229 
0 64 2 2 722 273 748 231 
0 65 2 2 763 230 749 275 
0 66 2 2 693 367 695 303 
0 67 2 2 645 307 647 345 
0 68 2 2 617 400 639 358 
0 69 2 2 650 387 628 432 
0 70 2 2 598 485 595 428 
0 71 2 2 563 430 557 483 
0 72 2 2 519 498 518 453 
0 73 2 2 494 395 494 462 
0 74 2 2 469 464 467 404 
0 75 2 2 460 379 463 337 
0 76 2 2 515 357 512 405 
0 77 2 2 533 618 522 676 
0 78 2 2 487 761 497 709 
0 79 2 2 468 737 477 689 
0 80 2 2 454 702 462 658 
0 81 2 2 445 667 462 602 
0 82 2 2 408 649 405 687 
0 83 2 2 304 829 320 886 
0 84 2 2 291 871 271 807 
0 85 2 2 324 718 324 662 
0 86 2 2 408 866 395 933 
0 87 2 2 414 947 429 878 
0 88 2 2 437 903 427 970 
0 89 2 2 878 163 863 230 
0 90 2 2 891 219 884 143 
0 91 2 2 863 154 851 206 
0 92 2 2 824 279 837 198 
0 93 2 2 758 75 779 135 
0 94 2 2 735 125 737 78 
0 95 2 2 724 128 718 189 
0 96 2 2 804 100 794 50 
0 97 2 2 775 61 778 8 
0 98 2 2 819 3 826 48 
0 99 2 2 997 80 993 20 
0 100 2 2 918 35 957 81 
0 101 2 2 982 238 997 300 
0 102 2 2 966 308 949 255 
0 103 2 2 1011 298 1028 342 
0 104 2 2 1027 364 1031 423 
0 105 2 2 1007 422 996 358 
0 106 2 2 1052 448 1066 515 
0 107 2 2 859 611 857 549 
0 108 2 2 839 564 849 605 
0 109 2 2 797 586 837 532 
0 110 2 2 715 504 755 429 
0 111 2 2 748 407 772 345 
0 112 2 2 788 315 784 359 
0 113 2 2 765 428 775 394 
0 115 2 2 694 473 668 526 
0 116 2 2 618 602 615 545 
0 114 2 2 672 470 689 434 
0 117 2 2 1084 289 1081 358 
0 118 2 2 823 657 814 714 
0 119 2 2 864 772 889 723 
0 120 2 2 939 658 958 731 
0 121 2 2 997 784 974 711 
0 122 2 2 986 714 1008 779 
0 123 2 2 1032 804 1029 752 
0 124 2 2 1039 801 1037 861 
0 125 2 2 560 663 548 728 
0 126 2 2 570 766 573 689 
0 127 2 2 589 626 594 677 
0 128 2 2 590 751 605 698 
0 129 2 2 710 676 679 739 
0 130 2 2 672 706 640 741 
0 131 2 2 612 788 594 859 
0 132 2 2 619 886 639 808 
0 133 2 2 663 808 647 871 
0 134 2 2 658 892 692 858 
0 135 2 2 625 884 617 940 
0 136 2 2 582 955 594 891 
0 137 2 2 549 872 550 941 
0 138 2 2 529 902 517 834 
0 139 2 2 502 804 497 871 
0 140 2 2 488 940 492 1007 
0 141 2 2 457 1067 435 1008 
0 142 2 2 371 957 378 1005 
0 143 2 2 341 1020 360 1082 
0 144 2 2 315 1017 276 965 
0 145 2 2 186 960 214 1050 
0 146 2 2 181 1090 180 1036 
0 147 2 2 168 1070 169 1157 
0 148 2 2 145 1146 149 1060 
0 149 2 2 136 1052 121 988 
0 150 2 2 90 975 91 1035 
0 151 2 2 41 1080 56 1020 
0 152 2 2 56 1078 49 1125 
0 153 2 2 76 1105 79 1162 
0 154 2 2 384 1195 371 1123 
0 155 2 2 326 1118 343 1178 
0 156 2 2 294 1188 261 1128 
0 157 2 2 226 1091 220 1036 
0 158 2 2 396 1082 398 1136 
0 159 2 2 428 1150 417 1075 
0 160 2 2 628 1150 623 1086 
0 161 2 2 648 1125 652 1071 
0 162 2 2 668 1118 654 1185 
0 163 2 2 645 1138 639 1187 
0 164 2 2 708 1042 745 973 
0 165 2 2 742 965 759 891 
0 166 2 2 742 861 709 930 
0 167 2 2 769 807 799 754 
0 168 2 2 839 773 793 837 
0 169 2 2 1122 438 1128 497 
0 170 2 2 1181 495 1189 459 
0 171 2 2 1182 443 1178 394 
0 172 2 2 1147 323 1156 379 
0 173 2 2 1143 403 1126 364 
0 174 2 2 1119 294 1123 359 
0 175 2 2 1128 225 1121 150 
0 176 2 2 1108 213 1106 273 
0 177 2 2 1098 235 1093 160 
0 178 2 2 1069 191 1069 235 
0 179 2 2 1238 179 1226 138 
0 180 2 2 1253 81 1260 138 
0 181 2 2 1188 86 1193 20 
0 182 2 2 1151 23 1161 78 
0 183 2 2 1202 231 1191 194 
0 184 2 2 1176 155 1178 198 
0 185 2 2 1173 293 1167 235 
0 186 2 2 1189 245 1197 288 
0 187 2 2 1298 225 1287 190 
0 188 2 2 1277 190 1276 149 
0 189 2 2 1287 150 1290 105 
0 190 2 2 1308 148 1308 201 
0 191 2 2 1335 163 1337 108 
0 192 2 2 1357 148 1396 61 
0 193 2 2 1393 118 1368 169 
0 194 2 2 1383 171 1411 128 
0 195 2 2 1386 203 1378 255 
0 196 2 2 1310 251 1320 194 
0 197 2 2 1420 226 1420 279 
0 198 2 2 1441 283 1450 235 
0 199 2 2 1505 214 1496 250 
0 200 2 2 1526 250 1542 208 
0 201 2 2 1587 201 1586 261 
0 202 2 2 1505 374 1517 310 
0 203 2 2 1497 278 1496 335 
0 204 2 2 1455 358 1468 305 
0 205 2 2 1460 353 1461 402 
0 206 2 2 1443 428 1442 395 
0 207 2 2 1416 357 1421 404 
0 208 2 2 1388 407 1391 337 
0 209 2 2 1371 295 1365 349 
0 210 2 2 1282 392 1300 337 
0 211 2 2 1246 357 1241 415 
0 212 2 2 1251 567 1263 512 
0 213 2 2 1475 522 1495 470 
0 214 2 2 1541 490 1557 432 
0 215 2 2 1586 537 1575 568 
0 216 2 2 1473 669 1501 588 
0 217 2 2 1470 608 1458 661 
0 218 2 2 1443 753 1458 697 
0 219 2 2 1396 676 1423 757 
0 220 2 2 1382 702 1412 622 
0 221 2 2 1240 694 1230 762 
0 222 2 2 1196 733 1198 672 
0 223 2 2 1183 638 1182 692 
0 224 2 2 1178 633 1177 585 
0 225 2 2 1151 543 1148 572 
0 226 2 2 1099 629 1097 686 
0 227 2 2 1148 676 1136 734 
0 228 2 2 1147 739 1151 713 
0 229 2 2 1181 791 1206 852 
0 230 2 2 1245 908 1238 867 
0 231 2 2 1253 853 1262 882 
0 232 2 2 1272 901 1292 967 
0 233 2 2 1149 988 1101 941 
0 234 2 2 1081 927 1049 893 
0 235 2 2 1054 869 1091 903 
0 236 2 2 958 912 998 985 
0 237 2 2 887 882 861 848 
0 238 2 2 838 813 841 849 
0 239 2 2 856 902 849 982 
0 240 2 2 797 956 797 912 
0 241 2 2 803 847 790 872 
0 242 2 2 901 602 913 564 
0 243 2 2 1500 13 1468 75 
0 244 2 2 1517 73 1542 8 
0 245 2 2 1540 54 1525 114 
0 246 2 2 1547 129 1566 68 
0 247 2 2 1582 65 1582 129 
0 248 2 2 1580 165 1603 98 
0 249 2 2 1505 110 1503 155 
0 250 2 2 1581 462 1565 499 
0 251 2 2 1502 696 1486 751 
0 252 2 2 1527 742 1545 692 
0 253 2 2 860 1053 861 999 
0 254 2 2 1568 716 1586 661 
0 255 2 2 847 1101 826 1035 
0 256 2 2 798 1016 790 1070 
0 257 2 2 768 1096 788 1167 
0 258 2 2 747 1095 745 1031 
0 259 2 2 709 1066 694 1142 
0 260 2 2 993 1141 1019 1077 
0 261 2 2 1018 1125 993 1198 
0 262 2 2 1037 1173 1071 1122 
0 263 2 2 1039 1008 1054 1065 
0 264 2 2 1121 1085 1138 1158 
0 265 2 2 1193 1110 1171 1062 
0 266 2 2 1236 1106 1258 1045 
0 267 2 2 1307 1097 1335 1027 
0 268 2 2 1298 1122 1282 1173 
0 269 2 2 1251 1207 1263 1126 
0 270 2 2 1263 1098 1230 1150 
0 271 2 2 1212 1183 1183 1136 
0 272 2 2 1423 970 1446 886 
0 273 2 2 1440 862 1415 928 
0 274 2 2 1383 920 1410 843 
0 275 2 2 1403 798 1385 868 
0 276 2 2 1257 821 1251 753 
0 277 2 2 1306 659 1288 721 
0 278 2 2 1555 871 1536 942 
0 279 2 2 1506 966 1528 882 
0 280 2 2 1486 892 1468 950 
0 281 2 2 1442 1030 1462 961 
0 282 2 2 1471 1036 1436 1108 
0 283 2 2 1397 1163 1421 1125 
0 284 2 2 1468 1142 1482 1066 
0 285 2 2 1577 1043 1536 1092 
0 286 2 2 1512 1178 1550 1115 
0 287 2 2 1567 1148 1546 1192 
0 288 2 2 1346 1195 1340 1103 
0 289 2 2 1403 1000 1386 926 
0 290 2 2 1455 454 1420 519 
0 291 2 2 898 1036 911 1105 
0 292 2 2 887 1060 888 1121 
0 293 2 2 848 1195 868 1155 
0 294 2 2 106 559 106 608 
0 295 2 2 1417 608 1443 550 
0 296 2 2 1331 786 1341 827 
0 297 2 2 1330 751 1327 714 
0 298 2 2 1032 6 1009 70 
