
333
0 0 2 2 75 6 75 53 
0 1 2 2 33 6 45 63 
0 2 2 2 40 159 58 94 
0 3 2 2 66 126 48 179 
0 4 2 2 94 290 79 220 
0 5 2 2 106 175 98 225 
0 6 2 2 159 229 141 176 
0 7 2 2 181 56 181 108 
0 8 2 2 201 93 201 138 
0 9 2 2 213 154 220 106 
0 10 2 2 249 115 238 175 
0 11 2 2 253 256 260 185 
0 12 2 2 288 243 314 188 
0 13 2 2 324 210 318 271 
0 14 2 2 294 368 309 309 
0 15 2 2 331 352 341 299 
0 16 2 2 121 358 120 408 
0 17 2 2 185 394 176 349 
0 18 2 2 136 290 151 352 
0 19 2 2 338 841 350 903 
0 20 2 2 306 797 321 856 
0 21 2 2 319 904 294 839 
0 22 2 2 280 828 278 761 
0 23 2 2 248 693 245 769 
0 24 2 2 223 697 221 742 
0 25 2 2 184 748 181 693 
0 26 2 2 166 659 163 714 
0 27 2 2 144 686 151 616 
0 28 2 2 121 513 119 588 
0 29 2 2 98 552 110 478 
0 30 2 2 59 484 53 563 
0 31 2 2 23 585 20 540 
0 32 2 2 35 520 36 474 
0 33 2 2 6 472 16 398 
0 34 2 2 51 380 55 443 
0 35 2 2 44 908 26 983 
0 36 2 2 84 1087 106 1031 
0 37 2 2 123 1060 145 1020 
0 38 2 2 163 1012 179 995 
0 39 2 2 150 1137 129 1177 
0 40 2 2 149 1185 180 1145 
0 41 2 2 195 1176 206 1152 
0 42 2 2 275 1153 273 1115 
0 43 2 2 299 1097 311 1151 
0 44 2 2 338 1077 296 1000 
0 45 2 2 270 946 281 1000 
0 46 2 2 281 917 251 823 
0 47 2 2 234 863 225 932 
0 48 2 2 116 922 120 886 
0 49 2 2 83 851 81 809 
0 50 2 2 84 776 91 718 
0 51 2 2 83 643 81 681 
0 52 2 2 68 707 64 757 
0 53 2 2 226 547 226 587 
0 54 2 2 240 589 254 659 
0 55 2 2 265 604 246 542 
0 56 2 2 263 508 294 592 
0 57 2 2 300 553 318 599 
0 58 2 2 328 570 353 648 
0 59 2 2 331 628 340 668 
0 60 2 2 344 598 344 525 
0 61 2 2 288 479 308 527 
0 62 2 2 231 509 225 442 
0 63 2 2 364 642 375 707 
0 64 2 2 418 699 401 612 
0 65 2 2 409 518 417 597 
0 66 2 2 438 622 444 698 
0 67 2 2 457 555 467 484 
0 68 2 2 469 434 474 493 
0 69 2 2 398 437 398 387 
0 70 2 2 425 329 427 429 
0 71 2 2 413 354 418 274 
0 72 2 2 364 327 376 362 
0 73 2 2 463 385 443 313 
0 74 2 2 457 285 477 355 
0 75 2 2 498 389 493 323 
0 76 2 2 519 236 528 274 
0 77 2 2 548 293 547 266 
0 78 2 2 542 224 557 285 
0 79 2 2 582 268 557 189 
0 80 2 2 610 231 587 296 
0 81 2 2 538 425 568 342 
0 82 2 2 508 412 498 474 
0 83 2 2 443 226 462 170 
0 84 2 2 479 74 468 123 
0 85 2 2 430 168 444 110 
0 86 2 2 447 45 439 105 
0 87 2 2 391 135 417 75 
0 88 2 2 386 44 380 108 
0 89 2 2 331 143 336 79 
0 90 2 2 310 9 280 64 
0 91 2 2 525 94 523 9 
0 92 2 2 503 9 495 65 
0 93 2 2 493 138 515 81 
0 94 2 2 667 65 659 146 
0 95 2 2 580 183 580 124 
0 96 2 2 712 284 689 357 
0 97 2 2 723 358 749 284 
0 98 2 2 759 244 782 184 
0 99 2 2 788 239 758 299 
0 100 2 2 788 293 814 229 
0 101 2 2 774 131 738 196 
0 102 2 2 818 121 838 51 
0 103 2 2 828 9 794 73 
0 104 2 2 742 83 757 28 
0 105 2 2 695 18 694 75 
0 106 2 2 871 86 843 168 
0 107 2 2 838 233 864 170 
0 108 2 2 932 36 921 94 
0 109 2 2 954 101 972 15 
0 110 2 2 992 3 984 56 
0 111 2 2 957 175 959 106 
0 112 2 2 1023 18 1024 74 
0 113 2 2 1003 146 1017 78 
0 114 2 2 1083 11 1082 68 
0 115 2 2 1079 111 1086 60 
0 116 2 2 1108 11 1108 61 
0 117 2 2 1132 94 1162 129 
0 118 2 2 1167 85 1188 123 
0 119 2 2 1213 53 1221 94 
0 120 2 2 1231 66 1247 120 
0 121 2 2 1257 71 1277 21 
0 122 2 2 1292 81 1307 156 
0 123 2 2 1317 199 1321 145 
0 124 2 2 1372 115 1372 168 
0 125 2 2 1417 166 1413 118 
0 126 2 2 1463 218 1525 164 
0 127 2 2 1525 183 1528 233 
0 128 2 2 1553 154 1545 98 
0 129 2 2 1491 315 1498 387 
0 130 2 2 1550 365 1603 309 
0 131 2 2 1522 327 1472 286 
0 132 2 2 1520 273 1565 285 
0 133 2 2 1430 328 1405 293 
0 134 2 2 1376 293 1378 343 
0 135 2 2 1341 423 1347 367 
0 136 2 2 1338 333 1335 375 
0 137 2 2 1313 378 1317 330 
0 138 2 2 1291 360 1290 394 
0 139 2 2 1260 403 1262 342 
0 140 2 2 1235 387 1217 433 
0 141 2 2 1188 435 1192 360 
0 142 2 2 1176 395 1178 442 
0 143 2 2 1157 390 1181 322 
0 144 2 2 1162 300 1157 354 
0 145 2 2 1089 308 1109 246 
0 146 2 2 1114 213 1114 280 
0 147 2 2 1058 259 1042 332 
0 148 2 2 1019 345 988 397 
0 149 2 2 979 350 953 398 
0 150 2 2 932 319 933 256 
0 151 2 2 928 238 954 320 
0 152 2 2 966 281 967 220 
0 153 2 2 983 261 1017 209 
0 154 2 2 907 293 899 339 
0 155 2 2 765 493 749 434 
0 156 2 2 738 450 732 510 
0 157 2 2 694 487 728 403 
0 158 2 2 699 465 699 530 
0 159 2 2 634 500 665 422 
0 160 2 2 614 418 603 477 
0 161 2 2 570 503 580 428 
0 162 2 2 595 641 572 687 
0 163 2 2 555 729 554 659 
0 164 2 2 550 608 547 658 
0 165 2 2 542 812 532 743 
0 166 2 2 519 794 508 889 
0 167 2 2 484 965 498 886 
0 168 2 2 483 809 487 857 
0 169 2 2 443 859 445 809 
0 170 2 2 394 799 390 852 
0 171 2 2 339 917 346 968 
0 172 2 2 399 1062 398 1005 
0 173 2 2 413 988 413 1063 
0 174 2 2 442 1038 434 972 
0 175 2 2 453 948 457 993 
0 176 2 2 454 1060 489 1093 
0 177 2 2 493 1141 474 1097 
0 178 2 2 453 1106 448 1153 
0 179 2 2 414 1178 391 1117 
0 180 2 2 255 1176 245 1211 
0 181 2 2 568 1121 592 1166 
0 182 2 2 607 1158 595 1111 
0 183 2 2 610 1067 623 1117 
0 184 2 2 649 1098 630 1053 
0 185 2 2 642 1026 634 966 
0 186 2 2 603 892 608 927 
0 187 2 2 590 912 594 957 
0 188 2 2 549 907 559 848 
0 189 2 2 580 874 585 836 
0 190 2 2 600 821 617 734 
0 191 2 2 660 699 660 699 
0 192 2 2 638 732 654 668 
0 193 2 2 688 671 674 734 
0 194 2 2 728 622 722 674 
0 195 2 2 763 607 760 664 
0 196 2 2 1032 503 1011 569 
0 197 2 2 1047 528 1051 468 
0 198 2 2 1089 388 1077 457 
0 199 2 2 1096 458 1112 388 
0 200 2 2 1127 488 1124 552 
0 201 2 2 1087 508 1097 570 
0 202 2 2 1111 570 1113 618 
0 203 2 2 1171 629 1153 559 
0 204 2 2 874 475 887 559 
0 205 2 2 912 562 911 508 
0 206 2 2 1393 444 1413 537 
0 207 2 2 1411 457 1403 392 
0 208 2 2 1416 490 1452 423 
0 209 2 2 1366 409 1358 469 
0 210 2 2 1425 658 1398 727 
0 211 2 2 1322 706 1331 763 
0 212 2 2 1308 787 1310 716 
0 213 2 2 1297 716 1297 781 
0 214 2 2 1271 784 1265 699 
0 215 2 2 1235 718 1228 638 
0 216 2 2 1203 609 1209 663 
0 217 2 2 1184 699 1181 634 
0 218 2 2 1146 713 1131 738 
0 219 2 2 1129 757 1119 818 
0 220 2 2 1141 836 1148 751 
0 221 2 2 1163 774 1154 828 
0 222 2 2 1164 892 1174 834 
0 223 2 2 1186 824 1183 858 
0 224 2 2 1243 888 1255 857 
0 225 2 2 1320 866 1327 804 
0 226 2 2 1368 823 1348 899 
0 227 2 2 1375 887 1385 844 
0 228 2 2 1397 884 1417 826 
0 229 2 2 1433 742 1442 802 
0 230 2 2 1456 814 1485 749 
0 231 2 2 1500 752 1482 821 
0 232 2 2 1453 828 1447 879 
0 233 2 2 1550 941 1567 867 
0 234 2 2 1588 826 1580 787 
0 235 2 2 1606 783 1595 727 
0 236 2 2 1576 696 1598 626 
0 237 2 2 1556 669 1565 708 
0 238 2 2 1502 638 1535 545 
0 239 2 2 1567 538 1591 483 
0 240 2 2 1576 428 1551 500 
0 241 2 2 1472 572 1483 519 
0 242 2 2 1493 495 1497 443 
0 243 2 2 1563 1000 1536 1071 
0 244 2 2 1473 1158 1517 1080 
0 245 2 2 1500 1072 1532 1008 
0 246 2 2 1500 1037 1455 1115 
0 247 2 2 1453 1077 1480 1011 
0 248 2 2 1445 1012 1435 1062 
0 249 2 2 1388 1121 1390 1088 
0 250 2 2 1338 1092 1325 1120 
0 251 2 2 1261 1188 1295 1143 
0 252 2 2 1262 1156 1278 1135 
0 253 2 2 1247 1148 1247 1098 
0 254 2 2 1276 1072 1308 1007 
0 255 2 2 1328 1002 1326 1057 
0 256 2 2 1243 990 1250 913 
0 257 2 2 1237 909 1228 948 
0 258 2 2 1197 1001 1203 942 
0 259 2 2 1122 957 1131 1021 
0 260 2 2 1118 998 1107 931 
0 261 2 2 1084 868 1044 793 
0 262 2 2 1026 803 1056 864 
0 263 2 2 1012 883 1032 953 
0 264 2 2 1014 952 996 889 
0 265 2 2 964 935 967 987 
0 266 2 2 968 1027 952 950 
0 267 2 2 932 968 951 1030 
0 268 2 2 958 1092 959 1043 
0 269 2 2 984 1200 1012 1155 
0 270 2 2 1069 1135 1077 1063 
0 271 2 2 1088 1107 1096 1173 
0 272 2 2 1112 1057 1084 991 
0 273 2 2 839 1085 864 1116 
0 274 2 2 914 1187 896 1128 
0 275 2 2 906 1121 923 1171 
0 276 2 2 836 1187 817 1133 
0 277 2 2 767 1128 774 1077 
0 278 2 2 774 1031 772 1061 
0 279 2 2 729 1092 714 1028 
0 280 2 2 668 1011 663 935 
0 281 2 2 685 894 685 940 
0 282 2 2 715 980 719 1016 
0 283 2 2 680 1067 717 1115 
0 284 2 2 713 1133 693 1105 
0 285 2 2 664 1107 700 1141 
0 286 2 2 632 1202 644 1162 
0 287 2 2 544 1148 559 1208 
0 288 2 2 534 1188 519 1151 
0 289 2 2 477 1158 474 1197 
0 290 2 2 564 1045 568 950 
0 291 2 2 535 993 540 1055 
0 292 2 2 315 1085 323 1121 
0 293 2 2 254 1092 248 1018 
0 294 2 2 725 778 750 826 
0 295 2 2 729 846 715 801 
0 296 2 2 695 823 717 882 
0 297 2 2 702 888 687 858 
0 298 2 2 643 842 638 766 
0 299 2 2 1013 674 1016 724 
0 300 2 2 1023 743 1033 702 
0 301 2 2 1053 706 1049 736 
0 302 2 2 1091 754 1089 694 
0 303 2 2 1119 683 1116 737 
0 304 2 2 1347 968 1351 922 
0 305 2 2 1546 787 1533 731 
0 306 2 2 1501 813 1503 876 
0 307 2 2 956 584 949 659 
0 308 2 2 929 616 918 696 
0 309 2 2 931 714 933 753 
0 310 2 2 937 799 938 864 
0 311 2 2 923 871 932 921 
0 312 2 2 924 958 911 902 
0 313 2 2 879 926 889 985 
0 314 2 2 867 1011 857 965 
0 315 2 2 827 991 851 1053 
0 316 2 2 828 986 804 937 
0 317 2 2 715 936 748 980 
0 318 2 2 744 942 742 889 
0 319 2 2 857 727 856 787 
0 320 2 2 867 659 864 578 
0 321 2 2 842 613 842 676 
0 322 2 2 1456 21 1451 93 
0 323 2 2 1576 709 1571 772 
0 324 2 2 1600 799 1605 849 
0 325 2 2 1601 892 1598 943 
0 326 2 2 1585 1012 1602 953 
0 327 2 2 1600 1008 1585 1068 
0 328 2 2 1568 1180 1581 1130 
0 329 2 2 1553 1128 1547 1185 
0 330 2 2 1381 1201 1395 1161 
0 331 2 2 1378 1137 1357 1181 
0 332 2 2 66 319 73 251 
