-90 1511.625
-89 1507.1104
-88 1566.0278
-87 1498.905
-86 1488.911
-85 1410.1743
-84 1403.2032
-83 1331.2212
-82 1242.0654
-81 1245.8945
-80 1150.6449
-79 1066.1106
-78 1037.8104
-77 976.1284
-76 927.3577
-75 915.84
-74 893.5913
-73 832.9159
-72 840.3884
-71 776.1392
-70 738.4362
-69 698.8832
-68 645.609
-67 655.7173
-66 572.5995
-65 546.7546
-64 519.7358
-63 513.4604
-62 490.9523
-61 471.5469
-60 485.0488
-59 446.3775
-58 415.9814
-57 402.6072
-56 358.7288
-55 342.4025
-54 302.3604
-53 306.7421
-52 294.7351
-51 299.3824
-50 296.896
-49 247.7268
-48 227.9106
-47 228.2815
-46 230.2394
-45 204.9408
-44 188.8519
-43 204.1747
-42 193.2411
-41 189.7957
-40 163.6699
-39 166.2932
-38 148.8088
-37 142.1868
-36 148.9257
-35 141.1663
-34 124.6418
-33 135.5542
-32 115.5601
-31 110.7991
-30 103.9131
-29 109.3073
-28 110.5002
-27 98.9826
-26 87.6951
-25 89.8334
-24 84.1676
-23 100.7171
-22 95.5792
-21 87.1403
-20 78.8739
-19 69.8177
-18 72.9661
-17 73.8341
-16 83.5879
-15 62.0988
-14 61.8406
-13 56.6669
-12 50.077
-11 49.1566
-10 46.6583
-9 53.9458
-8 51.8416
-7 52.2326
-6 55
-5 56.7141
-4 67.6589
-3 72.1266
-2 55.8201
-1 55.0598
0 52.7101
1 53.7331
2 61.4116
3 60.8947
4 63.5816
5 66.7782
6 60.5818
7 57.7876
8 67.5923
9 80.2615
10 79.3293
11 75.9925
12 78.89
13 80.7052
14 84.7917
15 83.3672
16 74.396
17 84.4993
18 79.6642
19 76.7878
20 85.5486
21 84.5839
22 82.685
23 90.9849
24 87.7744
25 101.7095
26 102.9434
27 105.5633
28 120.1942
29 119.3261
30 134.9703
31 146.9877
32 145.7563
33 149.1703
34 158.5309
35 169.3457
36 164.8833
37 170.9896
38 184.974
39 176.4376
40 208.1909
41 225.0414
42 235.8708
43 224.385
44 247.0446
45 264.2495
46 303.762
47 311.6277
48 351.0127
49 354.8167
50 374.1171
51 415.1698
52 529.3356
53 571.0702
54 570.3392
55 655.9068
56 721.9261
57 797.6918
58 848.7079
59 911.9752
60 936.6008
61 985.5961
62 1044.6041
63 1147.2006
64 1182.7943
65 1297.6357
66 1355.4309
67 1409.4661
68 1487.6011
69 1471.9598
70 1434.6924
71 1471.3575
72 1481.2244
73 1496.4242
74 1441.4623
75 1424.6951
76 1494.6349
77 1518.2401
78 1471.9965
79 1509.2458
80 1516.3655
81 1511.0005
82 1541.994
83 1537.6505
84 1560.983
85 1595.0594
86 1631.1481
87 1571.7653
88 1541.8962
89 1503.2107
