-90 1939.6626
-89 1846.9164
-88 1821.9164
-87 1858.7645
-86 1928.5065
-85 1855.1069
-84 1880.6758
-83 1890.7869
-82 1903.8683
-81 1813.9175
-80 1824.3274
-79 1886.035
-78 1873.7528
-77 1855.2115
-76 1791.3567
-75 1731.4445
-74 1700.8311
-73 1626.2295
-72 1575.3187
-71 1552.9325
-70 1519.8046
-69 1436.9414
-68 1452.1455
-67 1453.7817
-66 1333.2936
-65 1309.6583
-64 1298.401
-63 1273.1797
-62 1241.7888
-61 1155.019
-60 1064.4113
-59 1006.0953
-58 964.7888
-57 872.284
-56 798.0385
-55 753.3398
-54 762.194
-53 673.1839
-52 564.0328
-51 541.17
-50 565.9276
-49 529.5274
-48 487.1305
-47 465.6249
-46 443.0717
-45 410.1149
-44 380.7278
-43 372.387
-42 345.663
-41 316.7942
-40 291.9077
-39 267.9829
-38 266.5212
-37 257.4232
-36 236.0536
-35 240.9853
-34 212.2441
-33 205.2395
-32 205.6642
-31 193.6328
-30 167.3718
-29 166.6083
-28 165.5817
-27 138.0522
-26 165.1713
-25 121.8914
-24 123.2157
-23 112.7479
-22 127.1321
-21 105.0602
-20 101.6184
-19 113.7161
-18 101.9483
-17 104.4724
-16 109.263
-15 100.1242
-14 106.9966
-13 103.8556
-12 82.9549
-11 82.0926
-10 81.7791
-9 77.8143
-8 81.2747
-7 94.2437
-6 100.3677
-5 103.2023
-4 91.0602
-3 83.7613
-2 84.7727
-1 80.2655
0 87.6784
1 84.2989
2 73.124
3 73.59
4 87.4159
5 68.6245
6 63.945
7 63.3142
8 66.9871
9 69.4035
10 66.433
11 70.9434
12 73.9332
13 78.6934
14 60.0844
15 64.6243
16 78.1616
17 77.9138
18 78.6418
19 87.0628
20 91.4009
21 79.9698
22 74.964
23 73.1581
24 76.0709
25 75.947
26 86.549
27 88.9652
28 92.4743
29 96.9272
30 97.6581
31 97.0396
32 89.6757
33 98.8295
34 91.4258
35 88.2659
36 99.0479
37 104.6241
38 94.2465
39 109.2887
40 123.1814
41 139.829
42 132.1142
43 147.1861
44 171.3075
45 189.6887
46 177.6994
47 218.7217
48 201.6634
49 229.7425
50 242.4531
51 297.7288
52 321.1264
53 327.1936
54 353.8275
55 404.0327
56 426.877
57 451.0266
58 506.2333
59 517.5203
60 585.9484
61 632.2652
62 684.2653
63 750.5138
64 804.4919
65 899.0916
66 969.8572
67 980.1318
68 1003.0842
69 1096.7648
70 1127.6279
71 1171.8313
72 1228.234
73 1278.4431
74 1388.9799
75 1495.0071
76 1496.2614
77 1584.1702
78 1577.7946
79 1667.2859
80 1728.6178
81 1801.0538
82 1885.7823
83 1881.058
84 1866.7112
85 1888.6404
86 1900.9348
87 1911.6302
88 1887.6466
89 1920.1543
