-90 1380.4822
-89 1393.022
-88 1381.8943
-87 1401.1772
-86 1416.6439
-85 1402.1576
-84 1486.6444
-83 1474.4746
-82 1464.4681
-81 1480.9801
-80 1527.5789
-79 1566.0233
-78 1531.0284
-77 1539.9175
-76 1542.7758
-75 1522.6211
-74 1567.2103
-73 1506.1183
-72 1445.4995
-71 1373.7865
-70 1398.0504
-69 1366.8707
-68 1313.8403
-67 1260.0734
-66 1257.4495
-65 1206.5925
-64 1162.6575
-63 1103.7313
-62 1096.7955
-61 1082.5106
-60 998.9515
-59 997.6418
-58 963.8552
-57 842.3056
-56 805.5894
-55 765.5128
-54 810.8668
-53 780.5281
-52 778.6019
-51 720.7166
-50 681.4882
-49 628.7105
-48 612.0651
-47 606.8529
-46 568.5099
-45 563.9064
-44 526.9226
-43 506.5182
-42 471.6693
-41 439.7732
-40 419.1542
-39 415.6865
-38 415.9452
-37 390.9663
-36 394.4812
-35 362.0523
-34 347.0192
-33 331.7134
-32 328.3654
-31 309.9717
-30 306.3273
-29 303.6875
-28 283.5796
-27 284.1596
-26 254.5491
-25 230.0287
-24 209.2465
-23 179.4199
-22 156.7923
-21 145.7368
-20 155.8345
-19 164.8698
-18 160.6037
-17 154.7085
-16 150.8546
-15 140.7264
-14 130.5153
-13 129.3077
-12 122.7538
-11 119.0221
-10 121.0876
-9 131.5493
-8 116.2165
-7 116.7528
-6 122.4893
-5 112.2356
-4 105.574
-3 103.7944
-2 100.3652
-1 100.4188
0 108.7743
1 115.5591
2 117.7192
3 95.6473
4 98.5995
5 96.7086
6 90.013
7 94.8893
8 82.72
9 88.1397
10 86.5753
11 74.1778
12 87.2552
13 90.5158
14 94.7653
15 82.3566
16 92.159
17 90.8715
18 86.9772
19 81.4113
20 69.9176
21 85.3794
22 85.3185
23 84.589
24 101.553
25 108.3498
26 110.9376
27 112.2463
28 113.0056
29 109.1713
30 112.7522
31 113.5183
32 104.9923
33 104.3275
34 120.0604
35 113.649
36 117.4755
37 122.8786
38 148.5702
39 126.347
40 117.0824
41 125.2721
42 127.6252
43 141.7055
44 147.6098
45 147.7308
46 168.7198
47 170.2057
48 179.7846
49 224.097
50 225.9257
51 273.1898
52 260.5947
53 269.8143
54 276.122
55 313.9004
56 364.9503
57 336.9841
58 376.2688
59 432.0368
60 464.0419
61 475.1438
62 472.532
63 523.8747
64 569.3517
65 587.2855
66 610.6303
67 619.996
68 615.5504
69 657.9998
70 729.9161
71 759.6679
72 764.3846
73 754.9736
74 774.99
75 830.7195
76 899.9359
77 963.1276
78 974.3644
79 1058.9071
80 1081.6682
81 1168.8516
82 1163.9923
83 1242.3845
84 1279.9495
85 1269.9513
86 1384.1547
87 1387.4413
88 1372.2563
89 1353.3409
