-90 1537.7455
-89 1592.4845
-88 1540.442
-87 1492.2227
-86 1535.506
-85 1528.8901
-84 1489.2332
-83 1494.4431
-82 1469.2913
-81 1492.7721
-80 1398.2601
-79 1405.3389
-78 1397.9747
-77 1396.0641
-76 1394.151
-75 1389.7212
-74 1347.7502
-73 1353.5752
-72 1329.912
-71 1276.1534
-70 1232.4753
-69 1157.9515
-68 1109.8489
-67 1113.7921
-66 1112.3704
-65 1002.7332
-64 998.6833
-63 951.3947
-62 929.4575
-61 920.1732
-60 877.6287
-59 846.5693
-58 751.0687
-57 726.2642
-56 644.6027
-55 626.8932
-54 588.9988
-53 577.5609
-52 539.4978
-51 529.4238
-50 506.2216
-49 481.5051
-48 467.7732
-47 429.038
-46 410.9423
-45 371.1733
-44 391.1412
-43 377.7551
-42 345.1654
-41 336.2963
-40 345.785
-39 299.869
-38 284.785
-37 265.1011
-36 248.3264
-35 245.1843
-34 261.9944
-33 266.4355
-32 257.8138
-31 238.4269
-30 224.2737
-29 193.505
-28 191.5293
-27 172.8752
-26 146.3414
-25 120.3706
-24 159.317
-23 153.8567
-22 140.3963
-21 127.007
-20 128.6523
-19 127.3546
-18 112.433
-17 109.4241
-16 107.7798
-15 97.9122
-14 99.0464
-13 105.2536
-12 86.5572
-11 87.1464
-10 86.9814
-9 86.3291
-8 90.6749
-7 86.1114
-6 85.2552
-5 70.2305
-4 64.5485
-3 88.6962
-2 89.9334
-1 98.0523
0 87.7803
1 81.0286
2 87.4569
3 89.3478
4 108.3368
5 98.8348
6 102.8915
7 92.4995
8 99.5853
9 96.604
10 85.6458
11 82.8616
12 93.6908
13 92.5083
14 94.8408
15 82.933
16 83.3979
17 81.2882
18 82.8869
19 88.0627
20 75.9034
21 66.7869
22 58.6015
23 59.7965
24 73.0683
25 72.6072
26 74.7395
27 88.9361
28 91.3483
29 94.9578
30 107.1164
31 115.9274
32 129.5693
33 145.7149
34 124.3573
35 139.8317
36 153.0425
37 170.699
38 163.4295
39 162.298
40 181.1031
41 162.5163
42 171.5982
43 182.7942
44 195.445
45 215.8778
46 213.4579
47 236.1904
48 255.2057
49 254.3289
50 253.6189
51 282.5962
52 322.4801
53 330.6877
54 361.2625
55 386.1039
56 431.7937
57 410.179
58 469.0344
59 498.8729
60 548.4967
61 533.9056
62 594.426
63 650.2064
64 692.7581
65 766.1008
66 837.6718
67 865.8073
68 980.1925
69 1112.136
70 1153.1091
71 1177.8715
72 1207.1826
73 1231.069
74 1269.2164
75 1314.3165
76 1324.6411
77 1419.7904
78 1368.084
79 1381.4708
80 1379.7054
81 1426.6332
82 1455.2092
83 1398.7683
84 1392.0555
85 1437.1188
86 1484.8751
87 1473.9724
88 1546.5023
89 1570.9614
