-90 934.5289
-89 899.0546
-88 848.5865
-87 839.5434
-86 771.9168
-85 750.4672
-84 736.2006
-83 660.9233
-82 623.9783
-81 640.162
-80 620.5655
-79 548.6965
-78 511.5563
-77 491.6919
-76 490.2273
-75 498.1897
-74 443.2895
-73 433.2539
-72 406.951
-71 371.4487
-70 296.3435
-69 287.7738
-68 289.4042
-67 292.9566
-66 256.1119
-65 234.0653
-64 182.065
-63 173.0795
-62 154.8165
-61 145.4032
-60 144.1202
-59 140.3105
-58 160.6872
-57 142.1279
-56 129.9229
-55 115.1007
-54 118.1602
-53 111.3807
-52 105.1509
-51 111.2166
-50 95.786
-49 99.2038
-48 74.256
-47 65.4209
-46 64.83
-45 95.5165
-44 94.2789
-43 82.784
-42 70.0252
-41 66.8035
-40 61.0847
-39 62.7848
-38 59.1362
-37 53.9682
-36 47.718
-35 48.429
-34 50.9246
-33 50.1966
-32 53.3894
-31 49.8311
-30 40.2682
-29 46.1362
-28 46.592
-27 51.5102
-26 44.0503
-25 34.4525
-24 30.5528
-23 29.1137
-22 25.3812
-21 27.3815
-20 20.6016
-19 20.5439
-18 22.5199
-17 27.6011
-16 34.1854
-15 26.4852
-14 23.2953
-13 29.3934
-12 25.791
-11 22.5572
-10 24.7972
-9 25.3118
-8 27.7541
-7 27.2066
-6 27.7249
-5 28.4462
-4 32.2962
-3 27.8736
-2 23.5209
-1 26.0114
0 29.1745
1 23.5753
2 18.4349
3 19.3872
4 20.7507
5 22.3445
6 15.2281
7 18.6492
8 24.8718
9 25.5193
10 28.5493
11 29.9524
12 31.4322
13 22.7938
14 30.1851
15 40.2872
16 38.9295
17 41.7629
18 37.6243
19 33.5075
20 36.7207
21 34.3289
22 36.2425
23 32.1158
24 27.5287
25 37.0674
26 32.6913
27 36.6725
28 38.5676
29 52.2544
30 56.0395
31 51.1071
32 69.2174
33 69.0268
34 72.2831
35 64.5926
36 77.1488
37 76.0856
38 80.3908
39 92.8568
40 87.5289
41 101.8784
42 105.5767
43 126.4415
44 160.3005
45 147.1648
46 158.0913
47 170.4252
48 175.8443
49 171.7569
50 197.8553
51 218.2006
52 245.5996
53 264.2543
54 264.8792
55 265.3201
56 298.4708
57 319.2812
58 305.9077
59 353.5107
60 363.6253
61 387.0211
62 424.299
63 448.3783
64 491.1139
65 548.7848
66 556.657
67 551.113
68 592.694
69 626.824
70 667.5199
71 639.7153
72 615.5327
73 669.5452
74 703.196
75 718.127
76 748.4599
77 790.4587
78 758.3561
79 818.3617
80 849.0241
81 866.8752
82 887.3331
83 920.4235
84 932.3038
85 916.8483
86 868.4767
87 890.0825
88 849.3904
89 876.9235
