-90 1274.283
-89 1280.1422
-88 1282.7393
-87 1289.3746
-86 1293.7974
-85 1282.0588
-84 1147.3118
-83 1182.5137
-82 1264.4476
-81 1368.0994
-80 1419.9497
-79 1307.0642
-78 1189.684
-77 1231.8611
-76 1246.1251
-75 1323.4058
-74 1273.6669
-73 1240.6466
-72 1164.2268
-71 1098.9232
-70 983.0396
-69 905.5173
-68 915.416
-67 880.5707
-66 890.3854
-65 967.6027
-64 953.8069
-63 869.5453
-62 731.7231
-61 610.3847
-60 557.5887
-59 464.5769
-58 421.0697
-57 386.914
-56 387.7568
-55 379.8532
-54 352.2529
-53 334.107
-52 318.2996
-51 299.605
-50 266.1973
-49 208.4736
-48 169.0694
-47 159.6891
-46 136.1427
-45 125.6444
-44 112.7804
-43 107.3654
-42 111.4238
-41 96.8416
-40 78.6511
-39 65.4474
-38 65.8513
-37 68.9915
-36 51.6753
-35 48.3111
-34 43.3708
-33 43.9855
-32 44.9889
-31 48.9809
-30 42.2521
-29 39.8655
-28 40.2707
-27 43.9896
-26 32.3755
-25 26.584
-24 37.139
-23 32.9141
-22 33.029
-21 26.2882
-20 25.6619
-19 30.4188
-18 26.417
-17 26.4222
-16 22.3182
-15 24.1238
-14 23.6959
-13 24.0809
-12 24.2309
-11 31.7768
-10 40.6082
-9 36.2118
-8 28.2488
-7 26.6367
-6 32.2296
-5 31.4993
-4 29.0175
-3 28.4818
-2 23.9286
-1 29.777
0 29.7615
1 23.6418
2 22.8103
3 29.1075
4 29.2359
5 17.8462
6 20.8735
7 26.1095
8 19.9776
9 31.0972
10 28.0066
11 27.0829
12 27.3126
13 32.9347
14 31.3338
15 34.3491
16 30.3078
17 38.8784
18 33.863
19 39.3921
20 35.1432
21 42.2488
22 37.2095
23 45.7913
24 49.5496
25 47.5388
26 50.186
27 40.4586
28 45.9947
29 45.0763
30 49.296
31 57.0757
32 53.795
33 65.8086
34 65.13
35 70.2632
36 90.8793
37 82.3167
38 87.6238
39 101.4085
40 115.4042
41 130.8565
42 133.5071
43 130.9576
44 145.6187
45 161.3065
46 154.8753
47 141.5028
48 157.5201
49 149.9
50 176.382
51 202.9889
52 243.9011
53 237.8676
54 254.3752
55 292.494
56 306.4333
57 313.6384
58 325.6331
59 333.5521
60 406.3856
61 446.0784
62 465.0422
63 507.4576
64 607.1813
65 623.4938
66 671.2018
67 715.2656
68 716.7958
69 739.4023
70 807.3593
71 848.1764
72 903.626
73 962.1129
74 915.49
75 927.0924
76 973.5405
77 1031.48
78 1084.9132
79 1019.9352
80 923.6166
81 961.7277
82 1020.5587
83 1080.8513
84 1088.756
85 1038.5808
86 1139.3329
87 1172.0154
88 1206.9894
89 1274.3982
