-90 1330.0485
-89 1313.4335
-88 1331.4453
-87 1359.3173
-86 1351.5201
-85 1389.3098
-84 1391.0614
-83 1273.4631
-82 1227.9526
-81 1225.5889
-80 1110.5824
-79 1119.2363
-78 1165.2201
-77 1142.7288
-76 1085.0084
-75 1045.4857
-74 999.2746
-73 987.1307
-72 944.9399
-71 874.3756
-70 863.2878
-69 777.973
-68 749.1908
-67 700.1926
-66 669.0403
-65 640.2026
-64 563.5356
-63 467.9769
-62 466.0468
-61 437.7151
-60 378.4232
-59 361.3466
-58 317.5664
-57 267.4037
-56 244.8789
-55 235.1876
-54 206.1098
-53 170.4986
-52 158.1155
-51 152.4955
-50 146.6132
-49 121.7892
-48 121.029
-47 109.1145
-46 96.3134
-45 72.8671
-44 84.3301
-43 82.243
-42 71.3748
-41 71.9892
-40 63.2307
-39 65.4154
-38 59.1528
-37 55.5174
-36 57.0399
-35 52.1268
-34 52.8416
-33 63.762
-32 57.0446
-31 48.8169
-30 48.1507
-29 39.8802
-28 42.6646
-27 50.0763
-26 61.8051
-25 58.5436
-24 44.6108
-23 45.5721
-22 52.2492
-21 48.5282
-20 43.8303
-19 38.9761
-18 31.3115
-17 31.1182
-16 31.3902
-15 29.112
-14 35.8845
-13 41.7059
-12 41.1559
-11 30.5913
-10 35.9803
-9 39.6123
-8 36.924
-7 32.5582
-6 45.3345
-5 38.6714
-4 40.7107
-3 39.5276
-2 39.7821
-1 38.7655
0 45.363
1 47.441
2 52.8404
3 50.5481
4 42.2742
5 53.0437
6 48.5438
7 63.3441
8 48.2882
9 47.4406
10 51.4806
11 38.4171
12 41.265
13 34.2675
14 32.4026
15 43.3862
16 33.797
17 42.6826
18 38.3749
19 50.7578
20 44.6116
21 48.7988
22 57.6509
23 49.0281
24 56.4953
25 51.2052
26 62.3696
27 62.8833
28 60.2311
29 63.4001
30 60.5117
31 67.7643
32 84.6407
33 87.7934
34 82.5331
35 96.7869
36 111.7379
37 117.3916
38 115.8601
39 125.904
40 130.4397
41 142.0438
42 161.1609
43 181.1461
44 208.459
45 232.3173
46 216.4199
47 208.7811
48 235.3008
49 233.7342
50 250.6515
51 249.4596
52 251.5083
53 258.1439
54 296.5997
55 307.4596
56 327.8406
57 346.755
58 334.8764
59 353.8629
60 419.9589
61 458.5508
62 476.2992
63 480.7978
64 502.4638
65 547.4828
66 551.9877
67 596.6977
68 610.9363
69 603.5121
70 686.6792
71 690.8256
72 685.3682
73 730.1276
74 722.83
75 787.0492
76 802.621
77 885.3408
78 902.874
79 968.9302
80 1016.7853
81 1051.0374
82 1129.2672
83 1147.9854
84 1166.3615
85 1200.8734
86 1271.8732
87 1345.1526
88 1361.9703
89 1300.8298
