-90 1719.1073
-89 1684.0598
-88 1628.3243
-87 1578.1204
-86 1584.8817
-85 1475.1927
-84 1393.8384
-83 1300.5138
-82 1246.8888
-81 1201.2098
-80 1022.9529
-79 933.3958
-78 921.7704
-77 896.331
-76 891.8794
-75 855.0168
-74 838.2372
-73 839.9068
-72 788.2401
-71 741.3231
-70 729.2745
-69 738.6204
-68 692.4895
-67 670.1307
-66 660.8439
-65 672.0547
-64 679.045
-63 704.0404
-62 689.3393
-61 623.7676
-60 609.4382
-59 593.1087
-58 535.5235
-57 498.6022
-56 488.8949
-55 461.671
-54 444.7356
-53 483.6555
-52 426.7091
-51 386.7113
-50 356.7373
-49 349.485
-48 302.7444
-47 258.7156
-46 268.5539
-45 242.1504
-44 230.5988
-43 210.2711
-42 197.3811
-41 178.2966
-40 167.4884
-39 134.7547
-38 134.4833
-37 118.649
-36 109.1316
-35 97.1755
-34 91.0873
-33 75.0664
-32 81.7639
-31 67.0392
-30 71.4085
-29 66.3967
-28 70.6069
-27 66.2573
-26 59.5932
-25 51.1886
-24 52.2545
-23 48.7074
-22 47.5203
-21 55.6175
-20 45.8972
-19 49.7691
-18 45.4994
-17 33.0702
-16 38.7535
-15 41.1386
-14 38.6092
-13 41.6436
-12 50.001
-11 39.2528
-10 35.096
-9 46.9889
-8 40.5627
-7 34.3846
-6 38.9667
-5 43.4151
-4 38.6797
-3 41.9538
-2 43.7254
-1 50.3736
0 57.0923
1 44.1768
2 46.054
3 45.2536
4 42.7678
5 48.9026
6 52.493
7 57.8309
8 53.9565
9 48.8998
10 52.758
11 55.8303
12 47.9449
13 46.1607
14 43.9894
15 37.8544
16 36.7627
17 39.2433
18 48.8102
19 42.8023
20 42.7732
21 45.2973
22 56.2976
23 56.7966
24 54.7788
25 55.2417
26 55.8645
27 58.273
28 78.7283
29 75.9908
30 75.0259
31 72.177
32 78.8815
33 79.7435
34 97.0302
35 110.6029
36 133.1367
37 129.3954
38 143.767
39 150.095
40 178.7315
41 157.4036
42 152.235
43 191.514
44 204.7207
45 235.797
46 249.5505
47 254.1489
48 243.6668
49 291.3754
50 320.7944
51 354.2218
52 386.0519
53 417.8733
54 433.7906
55 468.7633
56 490.4883
57 559.176
58 589.9895
59 624.2308
60 686.0278
61 734.0742
62 738.0515
63 725.979
64 713.7271
65 793.2239
66 823.6414
67 888.0187
68 944.6968
69 1005.4114
70 1030.8588
71 1078.9817
72 1170.307
73 1188.9471
74 1281.9944
75 1327.7683
76 1397.694
77 1432.7458
78 1468.9052
79 1511.9083
80 1590.3901
81 1555.5994
82 1607.3406
83 1634.0844
84 1645.251
85 1715.8955
86 1697.4996
87 1659.7255
88 1720.2661
89 1741.5811
