-90 1712.2452
-89 1731.0929
-88 1667.8844
-87 1687.7371
-86 1664.6654
-85 1625.8569
-84 1551.8026
-83 1500.6062
-82 1437.8816
-81 1373.3053
-80 1303.996
-79 1255.1404
-78 1205.0248
-77 1138.6809
-76 1071.0737
-75 1052.3997
-74 1036.2345
-73 955.4349
-72 878.5887
-71 864.277
-70 837.5848
-69 797.7901
-68 782.58
-67 784.4313
-66 790.8288
-65 813.3615
-64 765.5383
-63 688.8213
-62 643.9282
-61 589.8627
-60 568.8107
-59 523.8574
-58 476.5271
-57 451.3159
-56 448.4656
-55 409.5392
-54 389.7934
-53 388.3502
-52 351.4343
-51 313.3983
-50 270.2782
-49 277.1272
-48 230.1972
-47 214.523
-46 185.4651
-45 183.799
-44 199.6324
-43 181.8014
-42 161.1004
-41 165.3056
-40 158.4147
-39 165.5592
-38 142.3734
-37 124.3825
-36 114.9201
-35 90.3567
-34 96.3435
-33 93.122
-32 96.2488
-31 99.8475
-30 105.9083
-29 99.8696
-28 87.8269
-27 88.7539
-26 83.2711
-25 77.2371
-24 75.819
-23 69.9608
-22 63.84
-21 58.2681
-20 59.6988
-19 66.1462
-18 58.494
-17 53.9275
-16 61.6379
-15 60.6299
-14 52.2337
-13 57.9878
-12 47.6637
-11 56.3149
-10 66.7617
-9 66.9337
-8 59.5822
-7 77.6442
-6 64.934
-5 55.9971
-4 57.3643
-3 61.2477
-2 70.8982
-1 73.3147
0 69.5351
1 71.631
2 74.1176
3 69.2382
4 76.1459
5 67.3282
6 64.6341
7 63.8064
8 70.7814
9 62.4351
10 63.5247
11 73.323
12 64.6487
13 62.5205
14 59.9413
15 65.9131
16 60.0336
17 63.3084
18 84.92
19 82.9892
20 84.5717
21 78.3162
22 83.1173
23 88.0649
24 83.6479
25 80.614
26 83.4256
27 96.1641
28 107.1143
29 107.0545
30 121.7196
31 131.858
32 149.0694
33 156.554
34 163.4197
35 178.4117
36 186.1066
37 199.9889
38 205.9106
39 216.5568
40 237.255
41 243.2226
42 257.6378
43 268.1177
44 280.5281
45 304.9839
46 345.2643
47 374.782
48 401.8724
49 410.2344
50 428.0042
51 485.062
52 549.9434
53 530.4001
54 571.1514
55 597.633
56 639.6512
57 701.6
58 768.0251
59 785.3604
60 864.013
61 909.8037
62 908.0599
63 957.6706
64 1016.2606
65 1010.0751
66 1072.192
67 1127.8468
68 1151.7821
69 1179.3243
70 1257.4294
71 1283.6934
72 1313.8741
73 1386.3304
74 1428.0547
75 1476.031
76 1536.8154
77 1641.9095
78 1604.1892
79 1588.3237
80 1569.6934
81 1563.2568
82 1618.1333
83 1640.5503
84 1668.028
85 1756.613
86 1728.556
87 1736.0933
88 1693.3597
89 1641.6483
