-90 2371.8206
-89 2349.8833
-88 2354.5579
-87 2326.7644
-86 2337.9197
-85 2238.7979
-84 2196.7019
-83 2221.2542
-82 2111.5508
-81 2059.8457
-80 2066.563
-79 1946.0586
-78 1767.8193
-77 1712.8309
-76 1586.0148
-75 1566.3568
-74 1429.7764
-73 1388.1849
-72 1275.8087
-71 1189.361
-70 1106.0256
-69 1014.7819
-68 970.2834
-67 983.6384
-66 889.3896
-65 756.1351
-64 713.3984
-63 657.4659
-62 661.395
-61 603.2599
-60 569.746
-59 496.8119
-58 475.1802
-57 413.9165
-56 374.3681
-55 360.4035
-54 364.974
-53 334.4986
-52 321.0179
-51 278.3261
-50 266.1441
-49 253.0844
-48 263.0233
-47 235.6537
-46 237.298
-45 216.5483
-44 192.756
-43 204.7269
-42 173.6817
-41 154.4614
-40 160.4969
-39 145.5906
-38 135.0482
-37 147.22
-36 151.549
-35 150.4543
-34 144.2903
-33 150.3033
-32 124.8393
-31 109.4326
-30 101.0434
-29 110.8234
-28 97.8387
-27 99.2719
-26 78.8696
-25 74.7042
-24 66.2623
-23 69.8362
-22 64.863
-21 68.458
-20 73.5852
-19 65.7606
-18 58.7936
-17 58.6873
-16 64.7566
-15 77.6503
-14 68.1837
-13 56.6994
-12 59.4678
-11 53.6891
-10 55.0045
-9 63.0464
-8 61.2637
-7 61.9428
-6 61.87
-5 66.8743
-4 55.8158
-3 72.8382
-2 64.6303
-1 69.8796
0 67.6811
1 79.4707
2 65.5844
3 65.8481
4 65.0684
5 65.7242
6 70.8835
7 66.7093
8 58.0646
9 56.9291
10 65.1293
11 63.0553
12 53.9615
13 64.9348
14 81.3357
15 81.9417
16 90.0076
17 79.6028
18 82.9071
19 92.6146
20 93.9281
21 97.2826
22 88.7728
23 102.3188
24 76.6534
25 91.1244
26 107.2232
27 104.8066
28 101.9262
29 119.6379
30 140.8905
31 124.6651
32 123.837
33 114.1248
34 107.4977
35 103.47
36 126.7247
37 132.4182
38 133.1391
39 141.4531
40 145.6371
41 158.2705
42 172.2524
43 164.7298
44 195.6884
45 207.8017
46 206.0891
47 231.3354
48 249.718
49 254.1229
50 291.7238
51 349.3952
52 402.5142
53 375.469
54 383.6467
55 458.3055
56 510.4344
57 571.9765
58 614.8962
59 628.1211
60 670.7116
61 770.7335
62 816.4398
63 922.3195
64 955.4286
65 966.4077
66 1042.3267
67 1072.4052
68 1163.1941
69 1279.4933
70 1373.4337
71 1473.3573
72 1506.8843
73 1552.6307
74 1563.1156
75 1639.3689
76 1736.1323
77 1884.7329
78 1896.4449
79 1978.6647
80 2098.9277
81 2192.2488
82 2327.7681
83 2364.6875
84 2442.5886
85 2472.4941
86 2533.5005
87 2411.4607
88 2408.8547
89 2403.9382
