-90 2557.4368
-89 2610.6909
-88 2636.6548
-87 2653.9724
-86 2677.9768
-85 2744.3145
-84 2650.5022
-83 2524.7263
-82 2391.0706
-81 2348.8196
-80 2217.1685
-79 2139.0884
-78 2174.0657
-77 2082.4797
-76 2029.2236
-75 1937.6541
-74 1788.6007
-73 1744.8966
-72 1606.8254
-71 1633.3499
-70 1574.2788
-69 1537.5261
-68 1450.5073
-67 1338.0708
-66 1246.8665
-65 1086.0444
-64 1117.1167
-63 1107.0366
-62 987.5427
-61 881.1147
-60 895.803
-59 792.7576
-58 697.4656
-57 621.2451
-56 531.6439
-55 467.7247
-54 397.0817
-53 342.799
-52 307.1633
-51 267.9366
-50 251.331
-49 234.3589
-48 209.2947
-47 176.5613
-46 164.7733
-45 155.6677
-44 141.9896
-43 132.7668
-42 132.7469
-41 126.4134
-40 115.6283
-39 95.3699
-38 77.095
-37 79.2059
-36 73.922
-35 65.8549
-34 53.7029
-33 53.7984
-32 51.3901
-31 47.5835
-30 42.0977
-29 46.301
-28 39.1604
-27 32.9316
-26 29.9796
-25 29.1681
-24 20.9504
-23 24.3033
-22 23.4386
-21 22.6832
-20 23.6829
-19 23.9982
-18 24.6451
-17 27.1174
-16 35.6106
-15 31.2102
-14 28.9958
-13 19.5709
-12 17.0175
-11 21.1046
-10 18.5637
-9 22.0465
-8 16.3869
-7 14.6794
-6 12.406
-5 12.8201
-4 13.2159
-3 14.2193
-2 14.4121
-1 16.1078
0 20.5819
1 25.0183
2 20.2675
3 18.0344
4 19.1403
5 20.2551
6 14.6546
7 11.1386
8 17.9586
9 22.7347
10 19.1151
11 19.7973
12 19.0276
13 18.9725
14 18.5897
15 23.8559
16 27.5861
17 24.9995
18 27.9175
19 31.737
20 39.4988
21 34.3099
22 39.7736
23 39.2609
24 43.5889
25 47.5169
26 45.0835
27 49.2417
28 45.3383
29 40.2894
30 46.6237
31 44.7805
32 45.4998
33 39.1798
34 42.2135
35 44.0317
36 48.0126
37 50.6358
38 62.0073
39 65.7513
40 74.5211
41 92.2118
42 100.1136
43 132.6951
44 140.2796
45 142.7004
46 158.2336
47 174.7264
48 193.1958
49 214.6839
50 252.9212
51 292.9066
52 305.0436
53 335.503
54 375.7654
55 433.7183
56 503.3042
57 525.866
58 574.8504
59 577.3052
60 651.2527
61 736.397
62 796.0683
63 835.9025
64 935.8226
65 969.5358
66 1053.042
67 1105.8363
68 1248.5991
69 1278.9774
70 1269.9854
71 1289.963
72 1380.8145
73 1532.6223
74 1603.212
75 1615.3563
76 1634.9506
77 1740.5732
78 1864.1013
79 1954.8125
80 2058.1875
81 2158.9819
82 2209.1672
83 2242.3379
84 2305.7534
85 2460.1636
86 2632.1531
87 2650.3953
88 2503.0652
89 2526.7698
