-90 2287.2568
-89 2273.386
-88 2252.969
-87 2165.0527
-86 2107.8479
-85 2137.5103
-84 2132.7021
-83 2111.4841
-82 2111.9094
-81 2074.5942
-80 1977.6411
-79 1933.4108
-78 1918.2915
-77 1934.5967
-76 1835.6816
-75 1751.6154
-74 1752.5558
-73 1664.0016
-72 1488.4315
-71 1442.6531
-70 1403.5631
-69 1325.9674
-68 1259.0308
-67 1209.2135
-66 1125.9952
-65 1110.0352
-64 1043.2604
-63 939.1055
-62 847.912
-61 767.9896
-60 726.3456
-59 715.0912
-58 671.4639
-57 672.5834
-56 585.5306
-55 525.6998
-54 496.6429
-53 434.7697
-52 403.8179
-51 367.435
-50 333.9922
-49 334.4174
-48 317.1747
-47 302.2656
-46 268.7926
-45 257.0414
-44 248.3144
-43 221.8902
-42 196.4235
-41 165.809
-40 170.3012
-39 182.2763
-38 192.9572
-37 168.9268
-36 160.8139
-35 139.165
-34 115.5936
-33 130.1557
-32 114.6191
-31 115.385
-30 112.3129
-29 106.8669
-28 105.541
-27 109.0568
-26 95.2597
-25 84.5056
-24 73.5996
-23 73.6938
-22 78.7422
-21 78.8902
-20 72.6293
-19 73.5227
-18 65.9579
-17 64.1788
-16 54.7898
-15 66.8882
-14 57.0459
-13 59.0577
-12 66.3635
-11 83.5141
-10 83.5498
-9 68.9012
-8 79.4388
-7 66.3254
-6 59.3725
-5 63.8834
-4 69.9851
-3 66.6507
-2 59.8798
-1 56.8529
0 61.3703
1 50.8079
2 48.4025
3 60.3285
4 62.7837
5 72.51
6 61.7055
7 56.5476
8 48.9308
9 57.9531
10 68.2164
11 66.1294
12 69.7457
13 72.4621
14 69.5751
15 64.0696
16 72.4032
17 67.0401
18 80.0009
19 67.4802
20 78.673
21 90.9823
22 89.5267
23 83.6696
24 89.1658
25 92.4651
26 88.9109
27 98.9295
28 120.391
29 128.0449
30 137.9483
31 133.4931
32 136.1512
33 147.6344
34 159.3194
35 166.0461
36 175.6245
37 170.2459
38 174.3863
39 171.7541
40 174.4224
41 202.2733
42 225.6648
43 258.6371
44 311.3088
45 353.7403
46 379.1805
47 377.0829
48 390.8645
49 433.2292
50 453.203
51 470.3582
52 474.5729
53 523.0982
54 541.859
55 587.3646
56 666.7761
57 681.6105
58 717.0311
59 790.8887
60 930.9051
61 925.6777
62 947.1144
63 1030.2493
64 1105.9073
65 1172.1029
66 1169.5282
67 1231.4436
68 1284.4171
69 1343.5938
70 1397.0845
71 1513.1719
72 1613.5498
73 1589.9041
74 1636.4946
75 1643.1241
76 1709.1415
77 1796.4336
78 1813.8821
79 1874.2964
80 2008.7043
81 2098.8547
82 2162.7283
83 2267.998
84 2247.5327
85 2241.0669
86 2310.4431
87 2212.3601
88 2296.6829
89 2375.3359
