-90 1369.8773
-89 1359.3094
-88 1393.1229
-87 1380.525
-86 1385.0081
-85 1414.8101
-84 1436.8857
-83 1440.3302
-82 1459.2233
-81 1477.6943
-80 1449.0359
-79 1462.7335
-78 1527.7621
-77 1554.9778
-76 1574.9735
-75 1517.8976
-74 1578.6682
-73 1664.9094
-72 1658.4769
-71 1640.4138
-70 1609.8256
-69 1623.8685
-68 1634.0476
-67 1673.1333
-66 1566.4729
-65 1574.7365
-64 1598.1978
-63 1608.7002
-62 1577.5026
-61 1592.0094
-60 1596.0482
-59 1565.7277
-58 1550.231
-57 1556.8435
-56 1564.4041
-55 1569.1782
-54 1503.8553
-53 1459.8499
-52 1455.4728
-51 1560.2242
-50 1608.3009
-49 1515.2711
-48 1391.191
-47 1378.557
-46 1406.2438
-45 1400.5615
-44 1330.6404
-43 1275.9158
-42 1256.1365
-41 1238.4637
-40 1272.6279
-39 1263.2382
-38 1277.4287
-37 1292.5356
-36 1278.5516
-35 1229.5902
-34 1241.283
-33 1212.944
-32 1177.5941
-31 1175.3768
-30 1173.6442
-29 1223.006
-28 1180.8937
-27 1095.4265
-26 1087.661
-25 1070.1865
-24 1030.6195
-23 1073.3776
-22 996.9725
-21 1039.1982
-20 1042.6808
-19 1019.4314
-18 1060.4392
-17 1059.7338
-16 1090.3663
-15 1114.9259
-14 1117.8665
-13 1053.6554
-12 1068.6893
-11 1041.6448
-10 1036.9034
-9 1019.3211
-8 982.5856
-7 1007.0336
-6 1037.631
-5 1014.7761
-4 1024.0773
-3 1039.5337
-2 1029.9269
-1 989.7177
0 1048.2697
1 983.8145
2 959.304
3 947.2448
4 892.2413
5 914.1824
6 899.3745
7 876.144
8 845.2338
9 831.9347
10 833.7654
11 806.1179
12 806.2925
13 823.1556
14 799.6733
15 804.1102
16 812.6716
17 745.3358
18 739.0613
19 723.4915
20 739.9053
21 740.6131
22 701.8439
23 673.0399
24 635.0289
25 633.3514
26 672.7226
27 693.6492
28 684.2332
29 656.0885
30 685.1917
31 732.9073
32 697.6836
33 704.509
34 724.1163
35 686.9166
36 729.1122
37 706.5881
38 679.9005
39 671.5526
40 686.8415
41 678.7679
42 690.5368
43 683.0259
44 677.6412
45 616.6655
46 612.3331
47 638.1497
48 618.2263
49 616.5358
50 640.3643
51 661.1819
52 628.666
53 604.5004
54 577.7275
55 617.4628
56 663.1606
57 659.0778
58 637.8652
59 637.6662
60 670.3483
61 709.0394
62 753.3788
63 737.9294
64 760.8126
65 774.1678
66 773.319
67 765.37
68 773.5789
69 815.3722
70 840.9818
71 863.6395
72 875.9631
73 950.6693
74 986.062
75 979.4752
76 1042.8682
77 1095.6329
78 1122.873
79 1153.7977
80 1191.6855
81 1163.709
82 1175.2019
83 1215.0747
84 1185.371
85 1186.7142
86 1220.1061
87 1250.2023
88 1328.3483
89 1324.3539
