-90 1813.464
-89 1834.7289
-88 1752.5709
-87 1758.288
-86 1759.1866
-85 1641.5597
-84 1657.6538
-83 1725.7878
-82 1646.3772
-81 1657.4196
-80 1684.2207
-79 1691.4386
-78 1710.1104
-77 1671.4698
-76 1615.6881
-75 1631.4845
-74 1589.4413
-73 1581.7186
-72 1539.9348
-71 1479.9867
-70 1479.0734
-69 1444.8429
-68 1495.6807
-67 1474.4823
-66 1496.3132
-65 1374.2013
-64 1341.4187
-63 1357.8972
-62 1314.8823
-61 1324.9379
-60 1308.8453
-59 1242.7272
-58 1201.5472
-57 1094.9316
-56 1044.2242
-55 988.7542
-54 1048.2948
-53 1063.2625
-52 1010.8746
-51 1026.2721
-50 1039.8988
-49 1009.5713
-48 1000.4021
-47 952.3581
-46 916.3373
-45 931.41
-44 908.467
-43 818.5883
-42 784.1088
-41 778.3345
-40 752.7089
-39 673.8973
-38 673.1323
-37 647.2835
-36 626.3856
-35 604.416
-34 577.7378
-33 558.0349
-32 568.0771
-31 564.4286
-30 528.0346
-29 547.1998
-28 510.4231
-27 510.0824
-26 484.6223
-25 492.1164
-24 473.0222
-23 481.0819
-22 497.7114
-21 538.3971
-20 499.082
-19 461.2038
-18 464.5687
-17 463.8002
-16 453.4567
-15 437.6714
-14 411.4206
-13 418.1582
-12 404.1764
-11 387.0302
-10 383.7284
-9 379.1158
-8 375.468
-7 391.6172
-6 397.4148
-5 388.965
-4 397.9255
-3 381.9822
-2 394.1292
-1 392.9215
0 387.2646
1 379.8438
2 401.8299
3 401.1264
4 421.4895
5 391.3664
6 397.8675
7 393.8708
8 402.7864
9 406.9383
10 417.8175
11 435.7403
12 431.3008
13 456.0116
14 435.3204
15 442.7037
16 448.7211
17 426.5006
18 439.9478
19 446.4302
20 467.4177
21 473.4271
22 448.4052
23 444.5743
24 486.8173
25 529.619
26 539.4243
27 570.9504
28 538.4092
29 538.6448
30 549.3214
31 592.3718
32 553.7549
33 577.2594
34 594.2717
35 627.3745
36 648.0508
37 703.0124
38 707.3486
39 722.9958
40 781.7709
41 822.9453
42 833.3685
43 832.9423
44 881.5071
45 943.3536
46 961.8448
47 991.6912
48 1012.1324
49 1072.4213
50 1046.0365
51 994.2188
52 1043.7577
53 1057.1564
54 1116.1412
55 1134.0422
56 1226.9856
57 1270.9631
58 1313.6674
59 1317.8434
60 1387.3782
61 1447.8529
62 1475.985
63 1493.0897
64 1554.9106
65 1585.9023
66 1566.9607
67 1598.7361
68 1613.9823
69 1670.0322
70 1707.0605
71 1711.208
72 1685.674
73 1684.3278
74 1703.1997
75 1696.8888
76 1705.4607
77 1733.8317
78 1735.1996
79 1824.1353
80 1769.0406
81 1802.9723
82 1856.8868
83 1837.2925
84 1769.4025
85 1794.0341
86 1846.7849
87 1843.9337
88 1834.7344
89 1875.7972
