-90 1652.9548
-89 1636.578
-88 1648.6621
-87 1644.1697
-86 1675.7845
-85 1643.9296
-84 1732.1649
-83 1731.7263
-82 1681.7786
-81 1732.0652
-80 1690.4546
-79 1717.9058
-78 1756.1232
-77 1701.2334
-76 1726.5542
-75 1672.6559
-74 1684.4558
-73 1704.4807
-72 1729.0865
-71 1742.9547
-70 1791.3101
-69 1800.0599
-68 1787.1116
-67 1770.2357
-66 1823.3247
-65 1799.6493
-64 1757.3114
-63 1807.8737
-62 1763.3729
-61 1749.1326
-60 1640.4645
-59 1609.1782
-58 1649.9458
-57 1664.984
-56 1662.3755
-55 1696.8489
-54 1585.09
-53 1556.9481
-52 1572.7008
-51 1536.4946
-50 1528.9767
-49 1594.6025
-48 1562.6305
-47 1520.7946
-46 1515.6471
-45 1476.3878
-44 1448.5637
-43 1444.5626
-42 1395.5968
-41 1372.4292
-40 1357.8636
-39 1352.8488
-38 1316.5831
-37 1247.0057
-36 1252.618
-35 1255.4141
-34 1201.6827
-33 1200.1399
-32 1147.2657
-31 1199.7902
-30 1217.616
-29 1201.8893
-28 1208.1019
-27 1216.6708
-26 1256.1051
-25 1283.9055
-24 1267.3503
-23 1227.9296
-22 1238.4979
-21 1281.7632
-20 1268.6064
-19 1298.9388
-18 1245.7122
-17 1196.061
-16 1212.9915
-15 1176.8085
-14 1197.7467
-13 1240.2246
-12 1212.9014
-11 1278.4055
-10 1316.9395
-9 1280.2974
-8 1325.2174
-7 1290.1877
-6 1316.1995
-5 1241.952
-4 1282.4208
-3 1198.1102
-2 1225.0621
-1 1204.9949
0 1231.0017
1 1244.7805
2 1248.1534
3 1257.6443
4 1293.0835
5 1296.4269
6 1319.692
7 1306.959
8 1358.8517
9 1361.9922
10 1346.7102
11 1376.0983
12 1459.6743
13 1480.4697
14 1460.411
15 1458.939
16 1444.7393
17 1485.3925
18 1493.4764
19 1478.5671
20 1516.0525
21 1431.7991
22 1410.1187
23 1400.3615
24 1445.1697
25 1508.0232
26 1510.4001
27 1513.9834
28 1470.674
29 1380.1577
30 1355.7341
31 1338.9878
32 1361.0989
33 1348.9843
34 1339.3402
35 1259.2012
36 1213.6465
37 1193.5549
38 1259.6279
39 1222.1469
40 1179.3918
41 1211.6669
42 1270.5559
43 1233.6536
44 1184.3484
45 1219.5551
46 1224.9501
47 1142.4685
48 1171.6841
49 1170.5311
50 1163.8406
51 1132.7473
52 1123.1345
53 1126.8232
54 1168.901
55 1200.2332
56 1150.4907
57 1179.1172
58 1167.7665
59 1133.6462
60 1107.0345
61 1130.6045
62 1125.099
63 1168.5699
64 1180.1437
65 1227.5309
66 1217.9882
67 1173.9497
68 1158.8369
69 1247.5015
70 1288.6273
71 1290.8142
72 1285.2025
73 1325.5483
74 1390.0623
75 1431.6105
76 1388.6068
77 1381.1605
78 1435.3496
79 1398.0387
80 1364.5824
81 1405.3914
82 1432.5289
83 1498.1185
84 1487.3046
85 1484.9288
86 1550.5448
87 1608.1251
88 1621.1504
89 1605.2396
