-90 1747.6461
-89 1762.3102
-88 1759.5717
-87 1687.9661
-86 1680.1992
-85 1728.0233
-84 1714.0654
-83 1729.4871
-82 1617.0933
-81 1528.3391
-80 1589.3597
-79 1590.4833
-78 1540.1737
-77 1477.5524
-76 1504.3226
-75 1455.6227
-74 1439.0861
-73 1469.127
-72 1498.3208
-71 1527.1067
-70 1519.551
-69 1542.8126
-68 1499.1973
-67 1434.4529
-66 1443.1553
-65 1416.1512
-64 1380.0858
-63 1316.5902
-62 1274.2128
-61 1303.6273
-60 1237.9589
-59 1249.4319
-58 1232.5696
-57 1218.4768
-56 1179.6575
-55 1132.1943
-54 1152.8121
-53 1102.7513
-52 1115.4363
-51 1072.76
-50 1036.1007
-49 1046.4659
-48 987.3636
-47 946.7481
-46 996.2628
-45 1025.8447
-44 1002.3498
-43 961.2997
-42 909.2401
-41 905.0606
-40 883.5734
-39 848.7218
-38 843.6645
-37 848.8443
-36 911.3531
-35 881.8378
-34 832.1133
-33 833.9092
-32 838.9279
-31 865.4059
-30 821.0944
-29 795.8913
-28 809.7239
-27 760.1309
-26 787.7147
-25 756.2828
-24 710.9532
-23 724.5065
-22 681.9421
-21 706.7004
-20 728.1713
-19 695.0167
-18 692.1303
-17 716.1528
-16 720.3273
-15 698.3366
-14 720.5282
-13 701.6315
-12 732.1899
-11 687.3282
-10 672.0266
-9 699.5562
-8 707.8181
-7 711.0353
-6 707.2766
-5 723.769
-4 755.0849
-3 757.6183
-2 730.4025
-1 743.3907
0 675.7531
1 668.2004
2 691.7516
3 669.2974
4 726.6047
5 669.5131
6 690.8546
7 737.4165
8 708.6105
9 678.268
10 650.5773
11 628.1792
12 668.0582
13 646.9558
14 633.2035
15 617.379
16 624.2919
17 651.9397
18 663.0533
19 699.7606
20 672.8914
21 659.9537
22 665.0799
23 683.9409
24 667.5336
25 672.1815
26 637.0073
27 626.3367
28 645.1282
29 616.9609
30 625.9957
31 630.0305
32 607.0566
33 586.2819
34 595.2885
35 620.3779
36 619.2062
37 577.9853
38 630.3348
39 607.4858
40 645.6337
41 657.5792
42 659.2543
43 639.2941
44 641.7554
45 673.2059
46 668.0745
47 687.4068
48 697.922
49 741.9442
50 712.7642
51 720.746
52 782.106
53 878.5798
54 848.0554
55 907.7493
56 857.2332
57 859.4704
58 940.213
59 972.8112
60 955.3554
61 971.9033
62 1025.0612
63 1107.7411
64 1112.0396
65 1127.4412
66 1140.5669
67 1105.1858
68 1171.3428
69 1234.2412
70 1219.2162
71 1252.7816
72 1232.5206
73 1304.5294
74 1335.6581
75 1342.9325
76 1434.8099
77 1470.8805
78 1495.272
79 1522.4064
80 1531.8
81 1515.9177
82 1531.4457
83 1536.7083
84 1610.7671
85 1621.4801
86 1648.7367
87 1657.8582
88 1691.0836
89 1670.3979
