-90 2099.4797
-89 2061.5752
-88 2023.1824
-87 2016.1946
-86 1942.6383
-85 1944.0665
-84 1921.5293
-83 1820.6168
-82 1747.1293
-81 1697.9124
-80 1685.682
-79 1620.3485
-78 1619.0276
-77 1565.9912
-76 1551.0774
-75 1467.1406
-74 1467.3806
-73 1400.6274
-72 1347.0648
-71 1298.4432
-70 1298.2839
-69 1237.198
-68 1140.5649
-67 1123.1947
-66 1106.991
-65 1047.9617
-64 1027.4211
-63 983.835
-62 945.9031
-61 852.2461
-60 837.6327
-59 783.0378
-58 747.6058
-57 729.1302
-56 732.6569
-55 659.4389
-54 659.63
-53 647.4755
-52 616.2264
-51 583.5004
-50 560.0568
-49 563.2996
-48 540.0967
-47 505.1389
-46 478.2165
-45 439.3903
-44 453.9086
-43 421.081
-42 398.775
-41 407.7493
-40 396.1894
-39 362.5257
-38 365.4726
-37 354.0018
-36 374.7667
-35 374.6537
-34 338.0467
-33 344.2447
-32 323.1619
-31 315.8636
-30 332.425
-29 309.1007
-28 317.5467
-27 305.8408
-26 297.8465
-25 269.412
-24 268.8179
-23 305.7361
-22 312.6016
-21 304.966
-20 304.716
-19 308.0265
-18 339.656
-17 340.0558
-16 320.5268
-15 328.5204
-14 323.306
-13 345.5097
-12 327.6611
-11 323.9426
-10 324.7238
-9 349.3251
-8 316.0363
-7 330.1231
-6 356.9743
-5 347.4686
-4 355.436
-3 356.1814
-2 337.5833
-1 357.1528
0 358.2288
1 304.235
2 324.0197
3 311.0545
4 347.8599
5 340.9885
6 340.932
7 330.1408
8 338.6809
9 348.8628
10 353.4102
11 361.3874
12 394.4092
13 377.1896
14 391.7499
15 394.8051
16 394.3524
17 404.111
18 403.1247
19 418.6279
20 414.3232
21 439.8119
22 408.559
23 405.4759
24 420.2615
25 453.9755
26 469.429
27 491.2517
28 525.618
29 561.1606
30 548.67
31 563.5436
32 538.831
33 545.5102
34 563.2029
35 582.5758
36 607.6511
37 602.2784
38 631.6407
39 654.9875
40 674.0507
41 691.0075
42 674.5387
43 738.1362
44 760.7964
45 843.4946
46 865.9026
47 890.1515
48 960.79
49 995.7752
50 994.7862
51 948.0782
52 979.8846
53 969.2401
54 1029.6976
55 1049.2338
56 1070.8091
57 1130.7626
58 1152.3346
59 1169.6013
60 1118.6154
61 1173.8212
62 1242.0786
63 1225.8016
64 1278.1162
65 1343.7185
66 1435.2861
67 1438.2091
68 1454.0598
69 1508.8396
70 1502.9348
71 1594.6725
72 1684.1892
73 1691.2261
74 1747.0592
75 1800.965
76 1822.5541
77 1870.5306
78 1860.2881
79 1826.903
80 1951.1818
81 2018.038
82 1982.2031
83 1938.7698
84 2063.4026
85 2076.9968
86 2041.5865
87 2023.9147
88 1987.7477
89 2002.662
