-90 2507.6033
-89 2418.8118
-88 2484.9045
-87 2392.4514
-86 2304.3394
-85 2312.3958
-84 2221.9712
-83 2226.314
-82 2130.4795
-81 2086.7065
-80 2006.2146
-79 2021.2988
-78 1907.0487
-77 1882.5925
-76 1746.8098
-75 1785.7494
-74 1700.6019
-73 1642.6742
-72 1590.5342
-71 1497.0786
-70 1452.014
-69 1427.9137
-68 1408.3101
-67 1389.3241
-66 1272.5449
-65 1223.8761
-64 1137.9036
-63 1069.5757
-62 1040.2422
-61 967.0056
-60 892.4019
-59 865.6864
-58 853.8519
-57 829.8414
-56 812.0295
-55 744.8042
-54 706.2156
-53 649.4028
-52 667.5783
-51 597.5728
-50 570.5609
-49 563.9053
-48 599.4397
-47 524.7609
-46 522.2228
-45 526.2424
-44 492.1016
-43 475.2704
-42 438.0976
-41 449.0958
-40 425.9677
-39 420.8396
-38 412.5294
-37 383.9542
-36 366.0552
-35 378.52
-34 356.0556
-33 348.9092
-32 361.8271
-31 350.9475
-30 335.595
-29 327.5801
-28 305.8782
-27 294.9036
-26 308.1834
-25 307.6762
-24 299.3701
-23 302.3239
-22 308.9437
-21 298.3658
-20 297.486
-19 288.5786
-18 302.623
-17 278.3253
-16 284.16
-15 281.2167
-14 267.5289
-13 288.8603
-12 327.4352
-11 304.1194
-10 306.8966
-9 299.9762
-8 303.785
-7 327.6713
-6 318.5943
-5 318.6814
-4 317.7928
-3 305.9668
-2 308.2812
-1 289.0175
0 285.3383
1 304.604
2 323.1331
3 316.6204
4 330.3181
5 369.6731
6 338.4301
7 328.0978
8 336.6217
9 331.6907
10 315.8763
11 342.0503
12 321.5629
13 327.9661
14 328.3871
15 359.2674
16 366.7522
17 363.4689
18 375.6175
19 392.6217
20 396.2812
21 382.6123
22 355.5962
23 391.1137
24 397.8867
25 417.2248
26 447.62
27 446.0104
28 472.5441
29 488.389
30 535.455
31 546.8446
32 550.9101
33 571.0482
34 603.7218
35 616.7314
36 659.2823
37 656.7939
38 668.2411
39 705.8966
40 677.0908
41 699.1317
42 762.5593
43 791.0413
44 805.0687
45 856.1813
46 853.8531
47 917.3721
48 960.9883
49 1027.6975
50 1066.4557
51 1160.6897
52 1235.7949
53 1339.1309
54 1350.7628
55 1396.3862
56 1525.6909
57 1577.9121
58 1640.0316
59 1728.4607
60 1771.5649
61 1875.3546
62 1944.1373
63 1989.2307
64 2024.3796
65 2151.709
66 2160.6868
67 2260.3662
68 2303.0435
69 2351.5391
70 2384.3474
71 2419.1909
72 2502.4978
73 2554.8789
74 2506.9067
75 2550.1562
76 2492.8523
77 2613.1279
78 2540.4492
79 2590.8457
80 2687.0815
81 2694.5381
82 2652.5864
83 2639.6582
84 2606.0972
85 2617.1409
86 2544.325
87 2544.3398
88 2516.2231
89 2521.8274
