-90 1252.8647
-89 1268.0743
-88 1267.203
-87 1286.8757
-86 1243.1337
-85 1276.1013
-84 1229.8912
-83 1186.8959
-82 1188.7793
-81 1144.0426
-80 1106.1414
-79 1158.0992
-78 1112.2092
-77 1034.6129
-76 1023.7731
-75 978.6833
-74 913.5889
-73 928.3038
-72 934.0371
-71 916.1196
-70 881.6426
-69 860.8356
-68 803.0718
-67 825.4248
-66 795.5291
-65 785.353
-64 731.797
-63 744.0288
-62 773.1298
-61 710.5233
-60 676.1843
-59 701.4666
-58 721.7682
-57 734.8682
-56 668.7322
-55 633.0129
-54 580.642
-53 566.563
-52 544.241
-51 487.1521
-50 494.3469
-49 470.0315
-48 453.8334
-47 450.0597
-46 459.5144
-45 448.0186
-44 420.7956
-43 444.0186
-42 428.4924
-41 390.286
-40 360.8667
-39 347.2177
-38 353.3101
-37 341.2531
-36 350.203
-35 328.2748
-34 342.1074
-33 340.5881
-32 352.0129
-31 356.0555
-30 332.0663
-29 343.0437
-28 327.8073
-27 300.5774
-26 308.9191
-25 292.5483
-24 281.1718
-23 282.8949
-22 285.4792
-21 283.6071
-20 299.1424
-19 305.0606
-18 316.1333
-17 322.6637
-16 312.3327
-15 304.6168
-14 316.7409
-13 311.9051
-12 298.1303
-11 295.2486
-10 333.4046
-9 348.1058
-8 361.1563
-7 375.1308
-6 363.6073
-5 366.7832
-4 349.5768
-3 387.1075
-2 365.3162
-1 365.1046
0 358.1678
1 386.3454
2 402.9033
3 420.4793
4 429.5393
5 437.8129
6 439.4934
7 451.9453
8 446.7252
9 456.1796
10 502.199
11 533.8771
12 501.5676
13 527.6307
14 545.6509
15 570.4443
16 543.371
17 616.0938
18 653.6264
19 639.2614
20 640.9114
21 653.4117
22 650.9552
23 644.2972
24 664.0912
25 686.6519
26 707.8917
27 708.2852
28 722.1659
29 722.1207
30 721.7389
31 752.5123
32 767.2928
33 760.9667
34 765.3048
35 779.8709
36 801.6695
37 828.403
38 798.4442
39 850.4275
40 825.3189
41 800.4442
42 785.4763
43 845.9642
44 872.2453
45 887.0947
46 866.1885
47 950.593
48 950.5702
49 976.0623
50 1011.4356
51 1028.8719
52 1033.4067
53 1043.463
54 1053.095
55 1033.7249
56 1082.278
57 1059.6007
58 1061.6067
59 1122.1392
60 1173.1068
61 1189.4611
62 1214.4106
63 1211.6542
64 1235.7993
65 1243.7191
66 1334.1792
67 1377.2461
68 1334.0862
69 1292.6112
70 1309.2856
71 1255.6808
72 1288.744
73 1302.4031
74 1358.4257
75 1360.4517
76 1348.7791
77 1338.7195
78 1386.619
79 1413.2781
80 1412.5688
81 1407.5985
82 1410.8242
83 1390.7828
84 1365.4764
85 1331.5979
86 1363.2452
87 1331.8013
88 1293.3553
89 1250.8132
