-90 1254.9126
-89 1240.9801
-88 1244.473
-87 1231.3872
-86 1224.6707
-85 1202.5831
-84 1111.6504
-83 1091.465
-82 1094.782
-81 1089.0916
-80 1124.353
-79 1122.505
-78 1132.959
-77 1131.8389
-76 1088.6747
-75 1086.9342
-74 1102.653
-73 1085.6636
-72 1033.7478
-71 1021.5049
-70 950.3932
-69 921.2804
-68 879.6221
-67 882.3306
-66 872.1586
-65 827.1369
-64 769.0177
-63 782.6342
-62 737.3851
-61 796.88
-60 838.7194
-59 829.1208
-58 815.7561
-57 743.7684
-56 739.9595
-55 699.2065
-54 690.41
-53 663.9582
-52 651.0547
-51 612.5186
-50 602.5318
-49 544.5209
-48 562.7502
-47 541.3829
-46 539.0165
-45 525.3004
-44 544.1593
-43 553.8758
-42 518.3042
-41 549.8444
-40 572.5759
-39 569.5933
-38 555.0554
-37 517.3259
-36 548.8409
-35 565.5376
-34 512.9877
-33 533.523
-32 512.9837
-31 481.5763
-30 462.0519
-29 464.6699
-28 455.884
-27 478.405
-26 464.6577
-25 469.8125
-24 419.9152
-23 387.0436
-22 366.9424
-21 391.8793
-20 400.2906
-19 398.8264
-18 399.843
-17 392.9367
-16 387.3233
-15 423.7797
-14 454.9412
-13 433.4772
-12 443.4662
-11 441.8599
-10 428.0426
-9 450.7395
-8 442.304
-7 442.499
-6 445.6244
-5 444.471
-4 464.6208
-3 460.3095
-2 493.0415
-1 454.2228
0 470.9631
1 443.7294
2 392.3469
3 386.6824
4 391.202
5 427.2256
6 413.2337
7 405.1347
8 444.7486
9 454.0668
10 493.0296
11 478.5406
12 507.2794
13 498.6765
14 498.1302
15 508.3408
16 543.6296
17 556.1868
18 562.5305
19 552.8624
20 559.9114
21 571.2468
22 572.5673
23 579.243
24 626.9098
25 648.7351
26 647.2693
27 686.7034
28 720.9626
29 718.8992
30 730.4347
31 735.7839
32 750.1928
33 712.8331
34 733.5502
35 753.8695
36 707.3606
37 729.2183
38 717.3518
39 719.3215
40 732.5498
41 730.0867
42 737.9026
43 747.5818
44 760.7101
45 770.7197
46 784.8678
47 814.4549
48 804.6827
49 804.8575
50 819.6949
51 788.4335
52 778.1478
53 770.1859
54 803.7035
55 852.8302
56 847.181
57 870.5
58 894.3187
59 944.1898
60 939.5519
61 979.2705
62 1007.9915
63 1001.3674
64 974.6363
65 1006.7448
66 1027.3855
67 1068.1927
68 1089.806
69 1108.454
70 1162.411
71 1149.1841
72 1250.5447
73 1221.4877
74 1270.8357
75 1244.1907
76 1212.1085
77 1244.9972
78 1288.6907
79 1252.0826
80 1208.2134
81 1299.1555
82 1332.8092
83 1275.4559
84 1298.9258
85 1274.8345
86 1335.3253
87 1331.2548
88 1263.1088
89 1247.8234
