-90 1425.803
-89 1372.505
-88 1385.9177
-87 1353.4062
-86 1351.1344
-85 1397.5863
-84 1413.3784
-83 1389.3632
-82 1403.8547
-81 1360.9484
-80 1356.4012
-79 1316.1077
-78 1317.3569
-77 1273.3378
-76 1255.1658
-75 1194.3997
-74 1145.1034
-73 1026.349
-72 937.7729
-71 904.3696
-70 922.7941
-69 870.4626
-68 840.0323
-67 716.5583
-66 623.8981
-65 574.7619
-64 543.515
-63 503.8008
-62 462.9204
-61 470.7536
-60 430.2411
-59 381.4597
-58 336.2669
-57 274.3458
-56 247.9228
-55 231.9686
-54 179.9649
-53 145.3479
-52 157.5657
-51 150.5919
-50 156.7475
-49 142.3517
-48 109.8244
-47 116.9685
-46 95.1533
-45 82.8808
-44 89.8554
-43 80.4131
-42 88.5026
-41 82.2773
-40 75.8954
-39 90.9355
-38 68.2472
-37 61.4078
-36 52.4864
-35 52.0528
-34 56.5005
-33 52.8246
-32 54.2054
-31 52.1498
-30 56.2261
-29 49.7638
-28 45.5566
-27 56.6848
-26 49.7423
-25 54.5257
-24 62.3396
-23 50.9513
-22 54.2097
-21 51.3571
-20 58.5812
-19 48.103
-18 51.5832
-17 39.7275
-16 47.5839
-15 58.83
-14 54.3279
-13 38.558
-12 53.4408
-11 45.2512
-10 47.6971
-9 50.0611
-8 49.0352
-7 39.2445
-6 41.5961
-5 33.5221
-4 39.5072
-3 45.0747
-2 40.7252
-1 43.7001
0 44.7004
1 42.9739
2 46.8528
3 47.1937
4 60.7432
5 61.504
6 64.8201
7 59.6697
8 53.8017
9 64.8279
10 77.0103
11 76.5612
12 99.6961
13 82.0589
14 73.1474
15 87.4287
16 84.6889
17 66.5876
18 61.3522
19 65.9819
20 68.5793
21 66.2616
22 66.8865
23 59.4446
24 59.0123
25 54.315
26 52.8397
27 53.3489
28 48.4497
29 51.5265
30 54.1218
31 48.7484
32 62.0615
33 54.189
34 64.2849
35 72.1643
36 68.8748
37 81.487
38 86.8366
39 100.7607
40 91.7526
41 84.8889
42 85.6171
43 93.1872
44 96.177
45 106.8058
46 117.3843
47 120.5253
48 129.8145
49 146.4611
50 189.6541
51 209.2257
52 228.1109
53 235.7645
54 229.8392
55 265.4049
56 279.361
57 276.2133
58 328.926
59 338.411
60 383.39
61 428.0667
62 468.6512
63 467.8665
64 489.1268
65 518.4606
66 583.3624
67 633.6885
68 657.943
69 675.327
70 690.675
71 733.7743
72 786.641
73 842.3423
74 947.0297
75 944.3194
76 949.6085
77 1025.0991
78 1104.7185
79 1143.9781
80 1189.0197
81 1268.0684
82 1350.4124
83 1338.6702
84 1510.1948
85 1514.8829
86 1435.4951
87 1393.8843
88 1407.7379
89 1442.6385
