-90 432.8498
-89 456.6017
-88 479.7689
-87 468.6416
-86 484.4467
-85 524.1059
-84 557.4899
-83 595.6049
-82 612.3403
-81 663.7001
-80 692.6453
-79 811.7257
-78 873.9124
-77 867.9901
-76 927.6058
-75 956.9983
-74 1034.1903
-73 1109.7855
-72 1146.9952
-71 1174.7094
-70 1177.017
-69 1234.6998
-68 1273.9393
-67 1299.776
-66 1304.0981
-65 1364.6718
-64 1376.9399
-63 1403.6656
-62 1397.6189
-61 1382.4249
-60 1387.6033
-59 1367.3433
-58 1354.1406
-57 1303.3763
-56 1321.4904
-55 1202.4832
-54 1111.8486
-53 1030.5027
-52 1010.2822
-51 969.367
-50 897.0013
-49 846.7428
-48 818.5938
-47 723.7628
-46 714.0663
-45 690.5045
-44 644.8483
-43 618.1859
-42 618.6409
-41 550.2196
-40 520.5988
-39 484.9129
-38 526.5345
-37 498.2878
-36 432.9912
-35 415.7474
-34 376.8894
-33 363.0962
-32 340.5141
-31 308.9911
-30 308.6661
-29 276.2409
-28 263.6591
-27 236.504
-26 247.8099
-25 254.0122
-24 229.7534
-23 197.4841
-22 196.4486
-21 188.6754
-20 188.4358
-19 191.7592
-18 168.7849
-17 180.3782
-16 170.0539
-15 189.3345
-14 160.0482
-13 149.1259
-12 156.0945
-11 151.7266
-10 155.8356
-9 150.1526
-8 117.8202
-7 132.3488
-6 124.0889
-5 114.3219
-4 132.5894
-3 104.052
-2 110.411
-1 110.073
0 100.6599
1 93.9333
2 97.1046
3 111.8072
4 108.7334
5 88.8916
6 96.5524
7 89.9709
8 91.6241
9 93.9905
10 96.8701
11 100.233
12 82.7529
13 98.78
14 87.2345
15 106.2072
16 112.2935
17 98.499
18 103.8985
19 96.1558
20 104.5379
21 99.6275
22 112.1442
23 123.2558
24 130.1348
25 111.4851
26 123.493
27 125.198
28 121.1506
29 137.8506
30 147.3596
31 142.3028
32 135.5678
33 121.0914
34 119.6821
35 147.1912
36 141.3067
37 114.8732
38 97.1399
39 97.852
40 104.29
41 117.0327
42 97.3015
43 92.2209
44 106.1244
45 110.3311
46 125.6335
47 109.0227
48 118.0729
49 105.4842
50 102.8496
51 116.6513
52 122.3219
53 126.9923
54 132.5588
55 134.1855
56 147.3426
57 142.3589
58 134.6451
59 122.2224
60 145.1038
61 144.846
62 136.4921
63 145.408
64 161.4038
65 173.4039
66 177.6183
67 165.6861
68 169.6058
69 153.3602
70 186.5064
71 180.0552
72 181.3704
73 216.4417
74 229.0309
75 231.7768
76 229.2032
77 228.7234
78 256.4467
79 272.4341
80 301.032
81 335.3658
82 324.0638
83 346.9688
84 356.0387
85 366.4992
86 367.4464
87 381.9502
88 420.6281
89 439.5692
