-90 887.5712
-89 906.3056
-88 955.3327
-87 955.152
-86 948.3365
-85 940.0221
-84 941.5219
-83 899.343
-82 889.9486
-81 925.8243
-80 940.554
-79 971.213
-78 924.6868
-77 937.3745
-76 910.7694
-75 914.4044
-74 910.9398
-73 966.2615
-72 1022.9075
-71 1024.6776
-70 1055.5522
-69 1095.8597
-68 1095.7506
-67 1140.0385
-66 1100.2112
-65 1155.3669
-64 1116.2412
-63 1111.3762
-62 1132.8297
-61 1128.1842
-60 1089.7983
-59 1129.3872
-58 1060.4574
-57 968.4538
-56 936.6388
-55 941.5002
-54 887.4077
-53 828.2782
-52 795.7633
-51 773.2891
-50 733.173
-49 671.6773
-48 606.1497
-47 553.0497
-46 528.3387
-45 486.9171
-44 466.8481
-43 434.0918
-42 430.8885
-41 443.558
-40 398.6593
-39 399.4233
-38 315.5152
-37 299.7478
-36 294.8307
-35 286.8549
-34 292.7752
-33 279.7662
-32 245.7026
-31 258.7263
-30 246.4636
-29 222.8115
-28 220.0993
-27 182.7605
-26 185.0719
-25 166.1076
-24 160.1961
-23 167.0148
-22 165.8778
-21 166.1664
-20 168.0785
-19 147.0817
-18 140.1471
-17 135.9843
-16 141.5999
-15 162.672
-14 151.8106
-13 143.9341
-12 139.1716
-11 118.317
-10 134.6949
-9 152.3809
-8 144.836
-7 159.5924
-6 133.3482
-5 120.0817
-4 119.4624
-3 124.7173
-2 108.0613
-1 119.0878
0 122.845
1 112.4301
2 122.6666
3 98.449
4 99.5878
5 97.0744
6 95.666
7 96.5137
8 95.1682
9 98.7193
10 100.1239
11 112.4105
12 98.0833
13 101.9892
14 98.5635
15 105.1944
16 117.236
17 117.0585
18 111.2592
19 108.5403
20 105.7972
21 109.905
22 116.2794
23 109.6008
24 105.4866
25 92.9066
26 94.1616
27 108.9498
28 98.5031
29 100.2585
30 88.226
31 103.1178
32 113.156
33 136.339
34 142.2006
35 135.3764
36 124.7001
37 121.2811
38 118.4339
39 130.0387
40 136.4227
41 140.9381
42 131.3671
43 133.3017
44 121.5736
45 144.1533
46 144.3435
47 135.4821
48 153.5984
49 153.4957
50 170.8029
51 159.1361
52 158.0828
53 174.8547
54 184.6288
55 203.0172
56 233.8603
57 236.4362
58 245.4129
59 260.7104
60 304.1458
61 313.6273
62 306.4644
63 333.969
64 367.9723
65 386.3175
66 427.7349
67 431.1327
68 451.3895
69 489.8271
70 539.058
71 511.1412
72 542.6592
73 594.7269
74 610.509
75 614.9447
76 670.1796
77 711.6178
78 699.6411
79 719.5749
80 783.171
81 790.3454
82 805.7026
83 797.7474
84 797.58
85 860.0288
86 877.5866
87 890.4645
88 875.6006
89 917.1252
