-90 892.3987
-89 914.3016
-88 1005.8694
-87 1065.5381
-86 1100.9769
-85 1148.0347
-84 1270.6133
-83 1306.4606
-82 1318.5314
-81 1371.5027
-80 1455.4246
-79 1513.5614
-78 1575.3766
-77 1593.8368
-76 1721.1001
-75 1738.0953
-74 1786.9882
-73 1867.8943
-72 2001.8141
-71 1969.7504
-70 1994.535
-69 2031.8961
-68 2093.6394
-67 2127.4875
-66 2121.5273
-65 2075.5859
-64 2062.1589
-63 2023.1514
-62 1938.5385
-61 1950.103
-60 1928.2069
-59 1933.8011
-58 1899.7216
-57 1869.9702
-56 1861.3228
-55 1895.6123
-54 1876.4154
-53 1843.585
-52 1704.3053
-51 1635.4059
-50 1647.2692
-49 1562.1953
-48 1532.2117
-47 1456.9161
-46 1390.6843
-45 1282.7955
-44 1237.5529
-43 1173.7686
-42 1114.996
-41 1038.0986
-40 981.924
-39 954.309
-38 881.6822
-37 844.8764
-36 778.6929
-35 735.5614
-34 707.3071
-33 680.0676
-32 680.6965
-31 645.3607
-30 621.3361
-29 571.0423
-28 594.6546
-27 519.921
-26 493.0021
-25 453.7299
-24 423.7371
-23 420.499
-22 384.0399
-21 373.6879
-20 359.1476
-19 337.2477
-18 320.8475
-17 309.4871
-16 311.5933
-15 297.4381
-14 271.1855
-13 254.9251
-12 239.549
-11 216.2762
-10 239.2249
-9 224.5011
-8 204.7474
-7 209.9781
-6 179.259
-5 180.5294
-4 146.1113
-3 141.7563
-2 135.2179
-1 127.244
0 128.5115
1 115.6427
2 120.446
3 109.8234
4 101.8344
5 105.17
6 109.1922
7 97.6901
8 83.7919
9 88.4172
10 87.5308
11 74.2873
12 77.4165
13 77.2943
14 79.3717
15 76.7497
16 65.7063
17 67.9674
18 66.3387
19 62.361
20 64.9379
21 71.8119
22 64.553
23 71.6298
24 65.8878
25 66.6619
26 71.6903
27 78.8704
28 89.6401
29 80.3629
30 79.9106
31 75.9761
32 81.2603
33 84.3548
34 87.1666
35 86.1279
36 92.3838
37 96.3375
38 84.6936
39 86.0635
40 91.556
41 89.5644
42 96.3382
43 89.7952
44 109.5497
45 94.9967
46 96.1528
47 98.9152
48 104.9778
49 106.5231
50 102.7725
51 108.7551
52 109.3692
53 121.155
54 121.0689
55 129.245
56 128.1574
57 134.7782
58 157.9716
59 165.1945
60 168.8866
61 167.4135
62 191.2639
63 212.5162
64 228.4227
65 227.561
66 240.8949
67 229.2609
68 222.1124
69 266.7918
70 292.6706
71 313.4659
72 326.9224
73 323.3477
74 337.7779
75 403.0636
76 407.3516
77 425.6851
78 452.1252
79 446.2673
80 489.1364
81 516.4705
82 565.1551
83 562.5191
84 572.1192
85 618.5527
86 662.557
87 711.068
88 759.7694
89 848.2364
