-90 1528.5317
-89 1513.8545
-88 1547.2656
-87 1465.6719
-86 1468.256
-85 1441.8409
-84 1391.6086
-83 1320.9327
-82 1269.1547
-81 1250.9816
-80 1218.9286
-79 1181.8492
-78 1162.0911
-77 1115.7128
-76 993.1009
-75 965.7939
-74 880.2287
-73 854.2408
-72 844.8193
-71 812.7729
-70 778.7286
-69 744.507
-68 721.3824
-67 657.3096
-66 600.3939
-65 589.3853
-64 536.7048
-63 499.4023
-62 531.3251
-61 530.8362
-60 539.4281
-59 499.2624
-58 510.9613
-57 501.531
-56 472.3623
-55 438.0876
-54 400.4384
-53 383.5884
-52 367.2736
-51 366.2123
-50 348.0651
-49 344.6957
-48 327.7632
-47 296.3934
-46 260.7461
-45 243.3137
-44 249.1549
-43 238.9455
-42 196.8941
-41 211.773
-40 208.9217
-39 203.3248
-38 187.9143
-37 186.325
-36 186.2468
-35 193.8265
-34 188.9937
-33 181.1428
-32 153.1456
-31 148.7239
-30 149.9429
-29 145.851
-28 156.0048
-27 176.7809
-26 151.824
-25 149.7152
-24 142.8687
-23 127.629
-22 125.6362
-21 119.8948
-20 132.7991
-19 120.4517
-18 116.0666
-17 125.8022
-16 108.1835
-15 117.0573
-14 113.1382
-13 126.7268
-12 135.6751
-11 122.8169
-10 119.2908
-9 123.6834
-8 109.7301
-7 128.0395
-6 119.1163
-5 136.6093
-4 125.046
-3 104.0265
-2 101.8956
-1 105.0978
0 107.7147
1 107.2085
2 107.0189
3 114.1176
4 108.0152
5 121.9747
6 115.5285
7 111.2804
8 99.0115
9 103.028
10 109.0319
11 114.4466
12 136.4795
13 131.5912
14 116.3718
15 128.5486
16 121.82
17 117.3949
18 134.7393
19 153.3039
20 163.2037
21 158.1835
22 160.3023
23 179.4456
24 181.5258
25 198.2636
26 206.7627
27 195.7931
28 225.3625
29 236.1085
30 251.7878
31 274.1736
32 284.6856
33 273.1108
34 299.1269
35 319.5951
36 347.0344
37 349.845
38 364.2037
39 360.2231
40 383.2983
41 419.9562
42 453.5848
43 511.6119
44 567.8603
45 621.7469
46 654.1612
47 662.3516
48 706.0111
49 740.0934
50 745.3563
51 806.3516
52 810.1047
53 828.0792
54 895.0225
55 912.5542
56 964.2494
57 1030.9594
58 1067.4353
59 1114.7734
60 1229.5751
61 1269.3629
62 1338.0741
63 1443.4479
64 1450.7784
65 1498.3942
66 1497.8057
67 1591.9791
68 1643.1422
69 1654.801
70 1676.4537
71 1719.636
72 1705.4707
73 1713.6912
74 1696.9429
75 1778.6582
76 1792.8195
77 1787.1899
78 1747.146
79 1765.3612
80 1741.0931
81 1749.7118
82 1774.0092
83 1804.1348
84 1776.7498
85 1711.7255
86 1650.8552
87 1601.5533
88 1617.4388
89 1576.2289
