-90 1713.5342
-89 1762.2207
-88 1732.5538
-87 1675.3882
-86 1597.3546
-85 1654.3815
-84 1672.9309
-83 1635.3545
-82 1660.9961
-81 1681.1084
-80 1664.2854
-79 1724.5079
-78 1724.0479
-77 1749.3761
-76 1792.9652
-75 1693.7118
-74 1653.4938
-73 1649.9982
-72 1591.7018
-71 1565.7618
-70 1601.1625
-69 1496.9113
-68 1474.5974
-67 1536.0387
-66 1477.2585
-65 1456.7738
-64 1357.0946
-63 1337.1194
-62 1306.6283
-61 1291.9166
-60 1285.688
-59 1259.712
-58 1239.635
-57 1193.3756
-56 1151.863
-55 1159.3068
-54 1098.4747
-53 1036.8124
-52 962.8787
-51 945.231
-50 894.5596
-49 825.6009
-48 824.1214
-47 822.6532
-46 780.0555
-45 781.9223
-44 695.8408
-43 700.8029
-42 717.1211
-41 649.9016
-40 655.7224
-39 627.2667
-38 622.3378
-37 611.5753
-36 611.3212
-35 575.3879
-34 553.2166
-33 560.7701
-32 571.5737
-31 578.9873
-30 521.5809
-29 527.9553
-28 510.5553
-27 501.6653
-26 482.8488
-25 498.0835
-24 499.3635
-23 523.3492
-22 492.2928
-21 470.4445
-20 474.0715
-19 482.3848
-18 446.2527
-17 402.056
-16 389.6627
-15 377.3842
-14 363.2661
-13 375.6142
-12 402.1354
-11 366.2764
-10 406.3725
-9 391.289
-8 400.2956
-7 413.4276
-6 410.2054
-5 392.8244
-4 347.2146
-3 324.3196
-2 326.5437
-1 320.1862
0 343.3008
1 326.378
2 318.6458
3 317.7953
4 307.0512
5 287.9018
6 254.0547
7 264.3405
8 279.6783
9 268.6324
10 268.9822
11 261.9667
12 254.3621
13 272.9894
14 247.5388
15 259.1165
16 273.2406
17 273.853
18 268.1658
19 257.4711
20 261.6599
21 260.3091
22 263.0035
23 300.8373
24 261.4861
25 260.0179
26 277.8862
27 301.5135
28 276.3838
29 277.6186
30 270.7097
31 271.4716
32 259.0497
33 272.3896
34 263.5355
35 281.3582
36 328.1699
37 345.7745
38 343.3499
39 305.3668
40 313.2282
41 309.7122
42 323.4064
43 333.2257
44 345.9315
45 380.9804
46 397.7587
47 378.6057
48 410.0061
49 421.4331
50 424.8096
51 448.249
52 464.7437
53 466.9766
54 496.6233
55 516.8232
56 530.2538
57 547.2686
58 595.038
59 633.5278
60 646.7004
61 647.2759
62 634.6935
63 683.2582
64 678.0189
65 719.8784
66 762.3362
67 763.1259
68 781.2815
69 790.416
70 848.9587
71 900.4899
72 951.909
73 1011.3449
74 1028.7065
75 1106.7969
76 1192.9974
77 1248.2563
78 1261.0439
79 1313.2781
80 1292.6521
81 1300.5469
82 1409.5166
83 1458.9017
84 1541.3076
85 1622.7239
86 1670.667
87 1684.6836
88 1637.095
89 1664.4091
