-90 1405.2574
-89 1423.6873
-88 1354.5798
-87 1381.849
-86 1409.3545
-85 1400.4263
-84 1393.4429
-83 1363.6138
-82 1401.3367
-81 1392.8824
-80 1378.23
-79 1375.3762
-78 1321.9799
-77 1313.999
-76 1336.7052
-75 1355.0637
-74 1321.8022
-73 1340.839
-72 1440.6162
-71 1456.7992
-70 1424.9785
-69 1423.319
-68 1404.3903
-67 1444.5549
-66 1505.1238
-65 1523.1674
-64 1484.0652
-63 1456.0284
-62 1455.005
-61 1497.4918
-60 1492.4541
-59 1398.7944
-58 1478.8699
-57 1406.4723
-56 1292.2896
-55 1313.0193
-54 1255.4843
-53 1249.616
-52 1186.7351
-51 1179.425
-50 1166.6168
-49 1119.6156
-48 1054.8938
-47 1031.3066
-46 968.2208
-45 917.1582
-44 901.7396
-43 931.6806
-42 850.9944
-41 786.9585
-40 771.3469
-39 773.4891
-38 712.6415
-37 746.1229
-36 761.4879
-35 742.5746
-34 679.2078
-33 673.5605
-32 634.1121
-31 625.7711
-30 582.3181
-29 571.217
-28 532.0521
-27 505.5711
-26 493.1257
-25 457.1115
-24 456.3308
-23 436.6601
-22 440.8029
-21 415.6872
-20 383.3337
-19 361.572
-18 385.4135
-17 367.113
-16 350.1627
-15 345.2724
-14 331.207
-13 338.5577
-12 337.8866
-11 318.4474
-10 327.1832
-9 288.0242
-8 276.5405
-7 283.1947
-6 274.0079
-5 271.402
-4 278.0392
-3 276.5499
-2 266.1526
-1 300.9707
0 275.4841
1 251.4649
2 265.1959
3 261.0286
4 257.9499
5 259.2984
6 284.6662
7 294.5071
8 274.1208
9 285.2356
10 288.0994
11 289.7392
12 272.0823
13 294.2443
14 287.1237
15 295.1762
16 286.7894
17 282.2073
18 277.6907
19 287.778
20 281.3975
21 271.0866
22 289.0113
23 290.3527
24 290.7612
25 273.5038
26 280.4894
27 278.7701
28 272.0002
29 279.8494
30 286.9093
31 300.0349
32 294.6928
33 292.1185
34 304.7879
35 294.156
36 280.0367
37 271.7146
38 305.9004
39 315.6172
40 334.1064
41 333.3234
42 319.4617
43 331.6881
44 364.546
45 369.0223
46 358.6009
47 367.1771
48 387.3062
49 427.6383
50 430.3321
51 424.2704
52 447.6733
53 462.4194
54 506.7032
55 529.9873
56 575.3687
57 537.9704
58 564.4642
59 562.8858
60 623.6368
61 618.3944
62 634.5799
63 671.3848
64 708.6237
65 739.8495
66 749.3856
67 736.0509
68 799.5405
69 818.9951
70 797.4963
71 830.1409
72 901.0663
73 903.349
74 985.9751
75 1080.3455
76 1075.8691
77 1055.0907
78 1121.4346
79 1127.578
80 1174.8031
81 1225.6299
82 1253.494
83 1282.8376
84 1317.0355
85 1327.7994
86 1359.6873
87 1316.7467
88 1359.2458
89 1372.6407
