-90 1973.1215
-89 1916.3472
-88 1915.3633
-87 1965.1948
-86 1972.8286
-85 2001.3507
-84 1913.2982
-83 1857.5587
-82 1890.9724
-81 1920.9125
-80 1915.4707
-79 1933.0751
-78 1898.5577
-77 1816.8446
-76 1712.4694
-75 1688.6824
-74 1667.7129
-73 1613.354
-72 1570.4194
-71 1496.9491
-70 1497.0347
-69 1487.5902
-68 1502.3794
-67 1474.115
-66 1444.8101
-65 1389.0643
-64 1293.4452
-63 1221.0204
-62 1167.924
-61 1080.42
-60 1005.3502
-59 915.4305
-58 835.5081
-57 887.1395
-56 854.6876
-55 866.6454
-54 817.3557
-53 779.2951
-52 688.226
-51 590.7958
-50 542.6318
-49 443.1163
-48 475.549
-47 434.4933
-46 414.0766
-45 367.8687
-44 356.3008
-43 340.1737
-42 314.9876
-41 275.6293
-40 291.8138
-39 267.8087
-38 244.4631
-37 240.5907
-36 227.3397
-35 226.4102
-34 206.7109
-33 192.2085
-32 159.868
-31 162.8737
-30 154.3542
-29 128.6621
-28 126.1272
-27 124.2652
-26 110.0072
-25 118.0617
-24 103.9933
-23 110.9098
-22 108.092
-21 108.5381
-20 97.8107
-19 85.7143
-18 92.9985
-17 92.0748
-16 118.0135
-15 118.6771
-14 103.2798
-13 107.3378
-12 89.5637
-11 92.981
-10 87.7823
-9 78.9867
-8 78.9178
-7 91.4145
-6 71.8443
-5 83.1385
-4 80.4898
-3 91.7351
-2 69.4374
-1 90.4516
0 77.6711
1 76.8626
2 82.8515
3 81.4122
4 71.5081
5 61.4006
6 67.496
7 70.8697
8 78.027
9 66.7733
10 71.3176
11 74.9272
12 71.1661
13 77.4148
14 72.6332
15 70.2282
16 75.2629
17 64.3643
18 69.97
19 66.4898
20 65.9208
21 70.0348
22 56.8576
23 61.8137
24 57.9952
25 58.2488
26 69.3675
27 65.4963
28 62.5161
29 64.4665
30 74.5507
31 69.1238
32 72.6339
33 78.0103
34 80.716
35 77.3222
36 73.2181
37 75.7373
38 79.9516
39 81.7619
40 85.499
41 96.9746
42 103.9621
43 122.0963
44 129.2993
45 132.3791
46 132.8023
47 123.9539
48 129.3051
49 137.4612
50 126.7485
51 140.9548
52 166.5445
53 175.0335
54 186.9429
55 202.5059
56 219.4449
57 242.8197
58 263.0767
59 252.827
60 291.7746
61 300.3283
62 329.2761
63 361.2958
64 358.4645
65 401.516
66 462.9494
67 483.2712
68 520.1439
69 576.3896
70 661.4714
71 695.3848
72 801.7111
73 873.5027
74 893.8977
75 901.5607
76 943.6886
77 1040.9769
78 1154.7261
79 1185.2307
80 1206.947
81 1291.4984
82 1409.7899
83 1445.7087
84 1476.5782
85 1605.2802
86 1689.3065
87 1649.6075
88 1743.1594
89 1853.498
