-90 2715.9082
-89 2809.0376
-88 2904.1465
-87 2954.8423
-86 2989.8723
-85 3089.9199
-84 3322.3206
-83 3296.1758
-82 3258.2073
-81 3145.0593
-80 3327.3755
-79 3426.2952
-78 3372.9492
-77 3393.5447
-76 3312.7439
-75 3101.6069
-74 2984.4417
-73 2873.8489
-72 2805.9946
-71 2576.3259
-70 2371.5818
-69 2204.3552
-68 1939.4222
-67 1785.3131
-66 1611.6366
-65 1493.99
-64 1318.7617
-63 1166.5027
-62 1007.0123
-61 934.5459
-60 811.598
-59 768.1033
-58 658.9359
-57 595.6299
-56 562.9944
-55 508.4058
-54 485.3998
-53 449.6562
-52 422.2446
-51 372.428
-50 347.6779
-49 321.2624
-48 266.0881
-47 245.4611
-46 227.7374
-45 225.1862
-44 203.3453
-43 172.85
-42 172.7301
-41 151.739
-40 123.6533
-39 102.3641
-38 86.8618
-37 97.4192
-36 89.2406
-35 90.566
-34 89.5808
-33 91.6328
-32 73.6442
-31 69.5102
-30 69.2374
-29 62.1643
-28 67.6166
-27 70.9995
-26 72.5867
-25 67.9977
-24 63.3258
-23 67.7676
-22 52.968
-21 44.7894
-20 45.882
-19 43.5761
-18 37.4535
-17 47.7119
-16 58.9366
-15 46.7956
-14 46.582
-13 46.1588
-12 44.1338
-11 50.3689
-10 33.8371
-9 33.7456
-8 28.1257
-7 37.0958
-6 36.5803
-5 40.9834
-4 41.4287
-3 36.0895
-2 34.0836
-1 42.8854
0 48.0818
1 43.2051
2 37.4864
3 42.3282
4 31.7993
5 32.8338
6 38.8048
7 35.412
8 36.8723
9 35.0605
10 29.9498
11 51.8653
12 38.2888
13 44.5027
14 45.375
15 44.3493
16 41.1692
17 45.1122
18 48.6758
19 56.0402
20 49.5323
21 45.1114
22 57.7358
23 58.1684
24 42.5212
25 48.079
26 41.739
27 34.3228
28 42.6913
29 55.2289
30 54.3074
31 52.8193
32 50.9399
33 58.694
34 59.6641
35 70.8865
36 70.6417
37 79.0551
38 83.5191
39 69.132
40 80.3805
41 90.7011
42 77.9873
43 92.1701
44 80.6097
45 80.4331
46 76.3919
47 78.6146
48 117.7924
49 104.1406
50 110.9129
51 114.4867
52 131.0634
53 139.154
54 156.4493
55 167.0931
56 167.1927
57 163.3297
58 171.4877
59 193.9045
60 227.9988
61 249.046
62 271.2645
63 342.1625
64 392.3802
65 432.8214
66 432.7446
67 501.7837
68 550.3984
69 565.2275
70 632.1273
71 689.9365
72 752.6382
73 855.0541
74 955.0071
75 1070.5316
76 1208.4124
77 1314.0522
78 1426.0048
79 1495.0459
80 1643.9399
81 1773.3505
82 1930.5939
83 2013.1697
84 2118.3184
85 2199.3113
86 2285.4277
87 2315.123
88 2581.0938
89 2644.3208
