-90 1836.5538
-89 1850.472
-88 1924.2546
-87 1928.3904
-86 2014.9546
-85 2128.2935
-84 2177.8308
-83 2217.3276
-82 2061.2793
-81 2082.7766
-80 2101.7317
-79 2052.4924
-78 2083.2551
-77 2053.0085
-76 2039.5964
-75 1915.5233
-74 1756.8578
-73 1722.6575
-72 1625.1692
-71 1611.3972
-70 1588.3007
-69 1541.8693
-68 1506.7192
-67 1461.2626
-66 1441.3434
-65 1462.1088
-64 1458.4934
-63 1382.5409
-62 1255.1152
-61 1292.0364
-60 1252.1921
-59 1156.5876
-58 1155.0677
-57 1134.9668
-56 1090.8213
-55 984.9689
-54 981.5273
-53 955.9317
-52 928.6049
-51 816.809
-50 788.3369
-49 754.0739
-48 649.5151
-47 618.2459
-46 587.488
-45 550.1412
-44 561.263
-43 527.1527
-42 477.3862
-41 407.332
-40 375.5128
-39 364.0143
-38 308.4572
-37 273.8571
-36 258.9655
-35 246.3955
-34 246.0003
-33 235.0461
-32 215.3629
-31 205.1637
-30 172.9073
-29 157.7154
-28 140.0289
-27 133.2067
-26 137.0926
-25 134.0268
-24 150.9155
-23 136.6804
-22 114.1661
-21 106.9944
-20 93.6233
-19 93.4505
-18 95.4657
-17 85.502
-16 75.1115
-15 72.2903
-14 80.9481
-13 69.3768
-12 59.9328
-11 59.0595
-10 44.1727
-9 42.5312
-8 38.6192
-7 35.2393
-6 35.611
-5 31.6111
-4 29.9946
-3 32.2378
-2 31.2194
-1 28.5638
0 30.1909
1 29.0443
2 38.0482
3 28.8303
4 39.589
5 35.3618
6 35.2102
7 24.0867
8 31.364
9 38.5309
10 30.719
11 35.9095
12 25.5388
13 35.6157
14 33.9901
15 33.6774
16 24.2815
17 20.9128
18 18.1597
19 19.237
20 16.8087
21 19.7007
22 19.5703
23 27.1035
24 23.8896
25 21.1261
26 22.5569
27 31.1661
28 31.1052
29 29.404
30 30.0698
31 22.3725
32 29.3362
33 23.4195
34 24.1567
35 21.4736
36 24.8543
37 17.4716
38 20.4763
39 28.8007
40 34.2284
41 33.3524
42 34.8096
43 43.2209
44 38.9805
45 45.1255
46 51.6227
47 61.0998
48 66.992
49 64.7606
50 74.9608
51 79.0956
52 93.9678
53 81.9053
54 91.9705
55 96.241
56 115.1843
57 134.5313
58 141.3949
59 134.0486
60 150.9372
61 189.3959
62 195.9787
63 212.6446
64 233.8171
65 280.312
66 274.8211
67 296.2921
68 328.5319
69 388.8237
70 427.9171
71 443.13
72 456.7331
73 555.1155
74 684.8514
75 731.0466
76 770.3972
77 798.7505
78 851.2448
79 913.2921
80 986.9047
81 1071.7733
82 1147.9194
83 1213.0967
84 1244.2004
85 1395.3833
86 1487.5491
87 1624.9016
88 1725.5585
89 1794.6785
