-90 1891.5999
-89 1877.9802
-88 1969.6154
-87 2008.9801
-86 2082.832
-85 2221.5156
-84 2277.1367
-83 2351.7791
-82 2505.0061
-81 2520.7673
-80 2591.7097
-79 2521.3616
-78 2461.2686
-77 2573.1978
-76 2484.2451
-75 2510.4834
-74 2492.2478
-73 2453.6943
-72 2329.999
-71 2240.0073
-70 2109.0261
-69 1980.6924
-68 1888.7854
-67 1861.049
-66 1708.9382
-65 1556.7285
-64 1467.5068
-63 1393.3888
-62 1247.1642
-61 1253.1903
-60 1121.6647
-59 1060.9344
-58 1008.1571
-57 904.6137
-56 840.0718
-55 785.1564
-54 725.3319
-53 668.2305
-52 613.2018
-51 556.3757
-50 540.5968
-49 515.2353
-48 475.9435
-47 454.4363
-46 444.6818
-45 384.4749
-44 328.0258
-43 328.8016
-42 285.6887
-41 255.4917
-40 239.0782
-39 204.7376
-38 216.8698
-37 203.3933
-36 200.0277
-35 160.1626
-34 148.2052
-33 144.0131
-32 140.1094
-31 138.7219
-30 120.0581
-29 124.3675
-28 100.2656
-27 97.9124
-26 102.5189
-25 78.7297
-24 80.2575
-23 76.2637
-22 67.0502
-21 63.0792
-20 67.407
-19 68.4376
-18 64.5938
-17 53.3865
-16 43.2481
-15 41.6441
-14 39.7848
-13 37.1391
-12 40.1786
-11 36.6901
-10 34.0822
-9 32.9509
-8 34.8831
-7 34.6879
-6 33.2583
-5 23.9813
-4 24.0993
-3 29.1248
-2 29.724
-1 29.1221
0 27.4301
1 22.7031
2 23.4427
3 23.2287
4 26.8108
5 25.4684
6 23.1796
7 24.4478
8 27.1058
9 14.8183
10 23.9753
11 32.6452
12 24.3544
13 18.5402
14 14.3763
15 16.792
16 24.336
17 20.9036
18 19.8805
19 28.0952
20 26.7901
21 21.5566
22 15.6125
23 19.9005
24 27.6293
25 29.1683
26 29.2797
27 25.304
28 27.1648
29 23.4712
30 21.9346
31 25.735
32 29.9141
33 43.6076
34 40.9297
35 40.874
36 47.5116
37 39.5769
38 40.88
39 43.8176
40 41.3108
41 41.5523
42 51.5765
43 51.0691
44 49.918
45 55.4509
46 51.6559
47 64.3149
48 59.3914
49 71.4787
50 82.441
51 98.9648
52 110.5832
53 134.8102
54 142.3114
55 159.3508
56 146.0512
57 185.3882
58 187.1624
59 196.6231
60 218.7193
61 235.8662
62 289.7091
63 289.1966
64 281.052
65 300.5462
66 372.3301
67 386.0858
68 420.8026
69 495.2328
70 560.1078
71 659.7901
72 758.7515
73 810.0122
74 858.6078
75 939.6339
76 998.598
77 1043.4434
78 1121.8126
79 1220.4871
80 1327.4336
81 1394.6383
82 1490.2648
83 1503.4517
84 1433.077
85 1531.2832
86 1602.1698
87 1598.3828
88 1599.7531
89 1744.2635
