-90 1133.8652
-89 1076.7815
-88 1100.2837
-87 1063.7412
-86 1072.3641
-85 1112.5417
-84 1094.4442
-83 1102.4889
-82 1094.7445
-81 1106.3064
-80 1133.2524
-79 1135.8743
-78 1138.0364
-77 1095.2296
-76 1111.0071
-75 1141.5189
-74 1100.574
-73 1110.7697
-72 1095.2704
-71 1108.1676
-70 1080.9445
-69 1030.1115
-68 966.6365
-67 1013.8801
-66 949.9892
-65 922.4158
-64 887.5958
-63 913.7123
-62 911.0139
-61 865.1893
-60 862.3289
-59 844.8429
-58 772.1206
-57 719.8898
-56 666.9713
-55 644.195
-54 629.1405
-53 580.6417
-52 564.1576
-51 524.5565
-50 524.7854
-49 541.1226
-48 556.8167
-47 538.4466
-46 538.6976
-45 507.9384
-44 488.4963
-43 501.3013
-42 463.1639
-41 454.2013
-40 438.8568
-39 378.9448
-38 354.3216
-37 357.3841
-36 350.0388
-35 367.2101
-34 358.9308
-33 336.3871
-32 336.7958
-31 307.2172
-30 259.5155
-29 273.0726
-28 263.276
-27 245.5654
-26 243.886
-25 226.6172
-24 189.1872
-23 201.6272
-22 187.286
-21 170.5807
-20 167.529
-19 174.0176
-18 168.7754
-17 177.6096
-16 162.1912
-15 169.69
-14 147.1034
-13 153.9791
-12 148.2162
-11 140.2783
-10 148.658
-9 139.2995
-8 127.5012
-7 130.3264
-6 140.5211
-5 134.4477
-4 114.3286
-3 124.0424
-2 132.8156
-1 123.5172
0 118.597
1 105.9343
2 115.7403
3 113.3739
4 113.9159
5 109.6146
6 117.7118
7 107.7206
8 110.4826
9 128.1044
10 144.188
11 133.3605
12 102.4856
13 96.6102
14 84.9152
15 80.3554
16 64.8942
17 75.6756
18 75.3339
19 65.4669
20 78.9115
21 97.0563
22 95.1701
23 87.1102
24 98.918
25 117.2939
26 123.4275
27 101.4458
28 115.1637
29 125.9618
30 109.2189
31 109.0363
32 119.5713
33 148.2482
34 144.5783
35 151.4419
36 141.799
37 165.8127
38 162.3862
39 145.8359
40 141.5904
41 145.7465
42 154.917
43 163.8942
44 167.0365
45 175.7969
46 177.4263
47 198.4911
48 189.3124
49 203.2008
50 214.1454
51 198.211
52 206.3841
53 227.3156
54 214.3209
55 251.757
56 263.0051
57 272.8241
58 296.9638
59 330.3504
60 331.8618
61 331.222
62 348.9197
63 371.1852
64 387.6015
65 381.0913
66 437.6416
67 458.6592
68 427.6291
69 451.4197
70 483.3798
71 495.5091
72 527.2
73 499.7637
74 573.9815
75 613.374
76 622.7081
77 671.6432
78 667.8741
79 689.3278
80 780.7383
81 814.8398
82 888.0607
83 877.0427
84 911.7255
85 973.6424
86 994.6075
87 1010.1545
88 1060.7303
89 1119.428
