-90 1272.6265
-89 1215.116
-88 1228.4788
-87 1203.0316
-86 1191.8474
-85 1174.7543
-84 1175.1871
-83 1198.0946
-82 1203.8004
-81 1187.6573
-80 1162.4863
-79 1109.688
-78 1099.3755
-77 1154.0381
-76 1103.4902
-75 1040.578
-74 1028.2281
-73 931.3672
-72 900.5744
-71 831.7646
-70 800.1078
-69 723.5677
-68 675.1713
-67 632.0305
-66 666.3294
-65 645.4985
-64 638.8037
-63 642.6794
-62 575.9988
-61 545.8825
-60 523.9076
-59 495.2036
-58 461.5955
-57 432.3296
-56 427.6285
-55 398.4442
-54 376.3832
-53 364.3164
-52 334.0567
-51 346.6424
-50 342.2356
-49 303.3824
-48 267.013
-47 236.2779
-46 225.5352
-45 252.9814
-44 222.0373
-43 189.3242
-42 194.0392
-41 193.8279
-40 186.5808
-39 193.8403
-38 183.4417
-37 173.2235
-36 200.2772
-35 183.5751
-34 185.5651
-33 169.6524
-32 158.2719
-31 145.4844
-30 139.009
-29 141.0757
-28 133.3684
-27 112.4856
-26 103.5791
-25 103.5415
-24 99.5722
-23 97.4081
-22 113.9005
-21 104.478
-20 106.4383
-19 95.3523
-18 102.4993
-17 98.2449
-16 112.0878
-15 135.9157
-14 147.8274
-13 156.1314
-12 146.0189
-11 128.7032
-10 123.8232
-9 124.1189
-8 136.3199
-7 127.933
-6 132.2473
-5 122.2233
-4 125.6047
-3 149.0797
-2 153.8209
-1 162.7819
0 141.3907
1 135.0748
2 126.0485
3 130.1407
4 124.6293
5 117.0516
6 121.413
7 122.3617
8 122.1217
9 108.6941
10 90.2686
11 102.6749
12 112.1157
13 107.1761
14 121.4713
15 107.1011
16 129.7179
17 117.6964
18 124.1239
19 151.732
20 162.3775
21 163.2623
22 192.2239
23 182.7082
24 153.0863
25 188.7299
26 200.4442
27 178.5595
28 171.9905
29 182.071
30 183.756
31 202.4097
32 245.9438
33 232.1871
34 237.3701
35 264.6323
36 262.3972
37 267.1481
38 270.8972
39 255.8809
40 235.6927
41 215.3121
42 239.8564
43 267.0579
44 292.3635
45 305.0751
46 324.0407
47 332.2704
48 384.2063
49 454.4059
50 458.0641
51 487.9892
52 471.909
53 501.6822
54 536.8184
55 529.1837
56 533.7982
57 553.4636
58 583.1833
59 565.699
60 558.317
61 592.8432
62 613.6235
63 618.4484
64 656.6397
65 680.4216
66 726.0017
67 753.8422
68 759.5015
69 770.1105
70 830.2997
71 868.1287
72 904.9141
73 957.4772
74 993.4193
75 988.7971
76 994.6083
77 976.6933
78 1074.9146
79 1097.3109
80 1158.6967
81 1118.6801
82 1181.8021
83 1262.5486
84 1241.7209
85 1336.9867
86 1354.7606
87 1376.6726
88 1317.9022
89 1319.9175
