-90 2036.314
-89 2092.6509
-88 2198.238
-87 2119.0557
-86 2035.4994
-85 2002.3038
-84 1934.8779
-83 1908.4719
-82 1916.9492
-81 1918.7573
-80 1881.4716
-79 1774.5376
-78 1804.3301
-77 1814.1478
-76 1884.7572
-75 1828.8483
-74 1736.6102
-73 1641.0703
-72 1528.9036
-71 1511.449
-70 1439.1737
-69 1434.3969
-68 1295.125
-67 1202.6526
-66 1180.3511
-65 1114.0118
-64 1016.364
-63 967.2769
-62 929.6743
-61 872.4507
-60 821.1691
-59 778.1085
-58 742.7307
-57 689.8037
-56 675.1603
-55 692.4559
-54 661.5377
-53 595.5742
-52 593.6155
-51 559.9238
-50 467.1667
-49 463.6544
-48 438.6489
-47 407.7383
-46 392.2227
-45 366.6898
-44 372.7461
-43 367.8564
-42 336.7265
-41 337.008
-40 327.9297
-39 293.4524
-38 287.375
-37 267.6246
-36 288.2818
-35 278.4896
-34 256.9952
-33 248.7673
-32 231.5349
-31 239.7261
-30 225.6709
-29 221.7124
-28 209.5409
-27 211.1789
-26 192.0454
-25 196.8199
-24 195.3259
-23 207.5796
-22 185.1289
-21 191.2364
-20 197.3634
-19 200.136
-18 170.9198
-17 169.129
-16 177.9958
-15 163.4569
-14 146.2547
-13 153.1686
-12 151.5974
-11 149.9193
-10 168.156
-9 165.0363
-8 162.4203
-7 167.4258
-6 177.2628
-5 188.5281
-4 190.8928
-3 187.089
-2 188.0515
-1 169.0157
0 194.325
1 195.9688
2 186.3274
3 183.8328
4 195.1708
5 180.668
6 205.0682
7 206.6243
8 221.9048
9 221.7109
10 231.9414
11 233.7991
12 245.0269
13 232.5959
14 218.9402
15 238.2435
16 238.2508
17 240.5472
18 262.2621
19 255.8864
20 265.9366
21 245.5437
22 267.6315
23 247.9031
24 260.9763
25 278.9322
26 287.7885
27 307.6895
28 323.7093
29 340.9016
30 354.0314
31 344.5449
32 338.7484
33 362.8152
34 340.7127
35 350.2122
36 403.6749
37 402.8434
38 411.1056
39 438.9707
40 452.684
41 454.3801
42 475.3922
43 518.3074
44 564.7665
45 568.6483
46 589.6502
47 616.6788
48 669.2631
49 660.7148
50 692.3423
51 768.5825
52 777.0259
53 808.6608
54 829.1183
55 869.7695
56 894.6884
57 993.8636
58 1004.4582
59 1114.1571
60 1140.7048
61 1218.1594
62 1221.4733
63 1273.7223
64 1293.4379
65 1359.0861
66 1402.1526
67 1441.1285
68 1541.8617
69 1589.7562
70 1598.3921
71 1670.9901
72 1737.9667
73 1734.7876
74 1824.4784
75 1907.3152
76 1882.0107
77 1937.4608
78 1956.5536
79 2019.308
80 2077.105
81 2183.8696
82 2211.4353
83 2191.4644
84 2173.0632
85 2213.3345
86 2158.1917
87 2161.4329
88 2194.1382
89 2172.9094
