-90 1968.9526
-89 2007.5586
-88 2013.712
-87 2022.5945
-86 2077.553
-85 2131.834
-84 2093.1487
-83 2107.1042
-82 2068.4771
-81 1987.3251
-80 1945.4202
-79 1887.8783
-78 1799.9635
-77 1786.2329
-76 1749.481
-75 1651.4993
-74 1669.3221
-73 1568.3518
-72 1508.7435
-71 1466.6219
-70 1336.4767
-69 1255.5443
-68 1266.613
-67 1252.9889
-66 1203.9163
-65 1074.871
-64 1051.8955
-63 931.48
-62 850.5697
-61 813.6786
-60 751.8787
-59 732.2637
-58 705.2535
-57 640.7747
-56 567.5029
-55 564.2192
-54 540.8082
-53 496.1916
-52 498.3491
-51 445.3991
-50 394.8767
-49 356.8542
-48 365.9354
-47 377.6578
-46 319.2336
-45 270.5661
-44 259.3313
-43 255.1938
-42 229.0628
-41 211.8195
-40 211.3561
-39 209.1964
-38 194.9992
-37 175.6301
-36 167.8347
-35 169.2571
-34 165.5805
-33 160.0007
-32 161.8442
-31 131.2219
-30 138.0721
-29 131.8159
-28 142.3003
-27 145.2812
-26 118.6925
-25 105.0329
-24 97.2457
-23 101.2407
-22 97.4698
-21 84.7178
-20 82.0105
-19 82.2187
-18 80.8165
-17 64.3782
-16 71.636
-15 69.4343
-14 79.9502
-13 67.9229
-12 70.7494
-11 69.205
-10 73.5616
-9 71.6276
-8 75.3527
-7 79.808
-6 79.0286
-5 79.4769
-4 78.0956
-3 71.7501
-2 56.1059
-1 44.9828
0 45.0063
1 56.3966
2 67.0444
3 63.3774
4 59.3988
5 55.4552
6 61.076
7 55.0424
8 52.8447
9 56.825
10 59.1654
11 73.2449
12 80.014
13 76.1374
14 81.5406
15 75.0211
16 87.7841
17 79.9364
18 75.1406
19 78.9163
20 78.0636
21 77.2285
22 82.2069
23 75.9602
24 81.3341
25 74.4657
26 90.285
27 89.2143
28 89.8294
29 83.0982
30 102.0429
31 108.9056
32 112.1385
33 132.5066
34 146.1722
35 141.3992
36 133.7725
37 122.3036
38 119.8239
39 150.9976
40 150.2845
41 149.8414
42 166.2077
43 209.9051
44 199.1306
45 224.6273
46 224.4964
47 229.0413
48 252.3645
49 255.4518
50 263.5122
51 291.4243
52 313.7108
53 323.0826
54 337.3557
55 355.4127
56 380.806
57 430.8261
58 430.1416
59 394.2108
60 456.2893
61 507.344
62 527.244
63 557.986
64 637.7936
65 654.4975
66 753.2027
67 775.8484
68 791.3821
69 866.2345
70 860.5659
71 947.2233
72 993.1401
73 1111.7358
74 1176.7894
75 1256.3315
76 1264.0535
77 1311.5618
78 1414.4078
79 1480.6447
80 1544.2477
81 1605.6364
82 1751.9148
83 1770.1766
84 1828.7657
85 1887.9735
86 1990.3188
87 1987.1093
88 2009.4445
89 1957.98
