-90 2174.7358
-89 2234.4636
-88 2296.8918
-87 2328.7478
-86 2252.3088
-85 2273.4343
-84 2293.0662
-83 2333.7092
-82 2318.0649
-81 2296.5945
-80 2159.5552
-79 2071.6477
-78 1986.6379
-77 1913.7714
-76 1834.2179
-75 1797.2563
-74 1757.7554
-73 1682.4189
-72 1590.2916
-71 1490.665
-70 1424.6522
-69 1322.1837
-68 1262.1309
-67 1157.3811
-66 1185.1959
-65 1093.7694
-64 1022.6718
-63 976.4968
-62 900.2031
-61 855.1275
-60 841.5997
-59 812.6673
-58 762.709
-57 725.6842
-56 652.2439
-55 617.4459
-54 599.2562
-53 569.2759
-52 572.8382
-51 503.2492
-50 485.3507
-49 461.3285
-48 439.9042
-47 390.9855
-46 336.0366
-45 295.4724
-44 262.2257
-43 247.3156
-42 231.9348
-41 222.5453
-40 200.7966
-39 205.4625
-38 187.5162
-37 191.3246
-36 184.2923
-35 200.7966
-34 177.3959
-33 157.6631
-32 140.1398
-31 143.7803
-30 123.3082
-29 122.0985
-28 132.3703
-27 115.9389
-26 113.9717
-25 119.9239
-24 123.3511
-23 103.4675
-22 100.8495
-21 91.6737
-20 98.5494
-19 84.1165
-18 108.6524
-17 101.7353
-16 95.4871
-15 89.6696
-14 72.3817
-13 82.4
-12 91.4947
-11 69.5596
-10 84.8222
-9 90.2898
-8 81.3531
-7 84.787
-6 81.0078
-5 90.9596
-4 95.8744
-3 87.6935
-2 95.6435
-1 101.5341
0 92.1547
1 82.841
2 82.5652
3 90.6982
4 81.592
5 77.7332
6 77.4006
7 67.8275
8 61.6926
9 55.7147
10 62.9379
11 77.9026
12 87.1147
13 72.9156
14 80.0535
15 78.6952
16 82.8383
17 82.3036
18 93.0813
19 84.6429
20 77.2723
21 87.7299
22 116.5965
23 97.0136
24 97.8803
25 102.6184
26 97.0064
27 98.1645
28 87.2717
29 104.059
30 108.6298
31 99.6501
32 96.8595
33 116.9352
34 124.5826
35 148.0704
36 151.8168
37 151.1172
38 133.5123
39 156.7908
40 165.0907
41 189.4315
42 191.443
43 184.2312
44 188.3192
45 197.5516
46 208.0085
47 209.2669
48 224.2166
49 255.9719
50 273.8986
51 303.763
52 326.2425
53 317.6156
54 347.2589
55 383.8463
56 389.1759
57 423.3031
58 477.7778
59 510.0244
60 496.5883
61 568.3392
62 613.9448
63 655.6907
64 686.3517
65 786.9023
66 877.0383
67 931.2691
68 983.4374
69 1093.2463
70 1183.0778
71 1271.4423
72 1357.9337
73 1455.2802
74 1501.5873
75 1656.4725
76 1750.7325
77 1907.671
78 1992.5011
79 2066.2551
80 2168.5771
81 2193.0342
82 2232.2244
83 2217.7869
84 2208.7993
85 2223.0125
86 2250.8364
87 2383.5801
88 2322.0459
89 2232.4609
