-90 1607.8223
-89 1676.1938
-88 1742.6254
-87 1768.7417
-86 1705.6587
-85 1655.4679
-84 1669.7916
-83 1562.4149
-82 1620.5179
-81 1625.0673
-80 1623.736
-79 1617.088
-78 1635.8672
-77 1622.5948
-76 1645.1414
-75 1590.2496
-74 1594.7399
-73 1539.9833
-72 1543.2545
-71 1481.6223
-70 1470.6946
-69 1405.8542
-68 1356.4337
-67 1348.7131
-66 1273.4904
-65 1172.3114
-64 1129.962
-63 1115.2051
-62 1119.1888
-61 1084.954
-60 1112.5929
-59 1001.124
-58 963.2986
-57 872.3215
-56 859.7917
-55 801.4679
-54 678.6377
-53 627.9349
-52 633.9611
-51 593.3951
-50 531.3165
-49 471.8969
-48 456.1057
-47 436.2035
-46 419.6926
-45 397.4307
-44 398.0121
-43 375.591
-42 348.0177
-41 364.9556
-40 322.0433
-39 308.6754
-38 295.3257
-37 327.9458
-36 290.4457
-35 263.5792
-34 269.7079
-33 251.392
-32 217.8577
-31 222.2118
-30 228.7201
-29 226.1808
-28 214.7353
-27 221.0022
-26 200.1824
-25 187.0169
-24 197.477
-23 204.2527
-22 198.1417
-21 195.0626
-20 208.2049
-19 203.6712
-18 194.9201
-17 176.9046
-16 164.3722
-15 154.5957
-14 168.2364
-13 166.6016
-12 153.9126
-11 153.7978
-10 121.9183
-9 117.3463
-8 123.5492
-7 110.7407
-6 125.7012
-5 144.4048
-4 118.6608
-3 126.8458
-2 129.6204
-1 115.6563
0 110.2048
1 111.1982
2 116.2602
3 115.9209
4 115.9938
5 131.6428
6 111.4477
7 111.3652
8 110.2043
9 97.9107
10 112.9699
11 108.215
12 109.8877
13 97.1379
14 96.4121
15 110.6998
16 108.4609
17 128.4286
18 123.5992
19 143.2707
20 157.2236
21 151.9865
22 149.3287
23 160.055
24 170.1089
25 185.0426
26 178.2538
27 175.6828
28 184.4129
29 187.8219
30 177.8963
31 202.3056
32 188.4099
33 188.5465
34 186.6054
35 190.3637
36 194.2659
37 204.0684
38 192.8934
39 219.2793
40 249.0746
41 254.6834
42 266.9114
43 308.6181
44 349.4839
45 387.9058
46 371.5943
47 359.8795
48 413.0982
49 421.663
50 449.8848
51 451.2685
52 500.0478
53 517.1268
54 526.3955
55 506.4967
56 521.9963
57 531.7309
58 580.5248
59 582.1305
60 591.9053
61 619.0477
62 684.893
63 768.7271
64 794.6936
65 806.6837
66 844.2827
67 883.9877
68 904.5671
69 858.7435
70 955.1606
71 1024.1923
72 1074.5701
73 1141.3737
74 1189.1827
75 1212.8868
76 1247.515
77 1306.5509
78 1373.3301
79 1344.0277
80 1386.0055
81 1365.1427
82 1449.3221
83 1497.6735
84 1465.5728
85 1581.2605
86 1616.5353
87 1635.3611
88 1633.4615
89 1642.3724
