-90 1885.2274
-89 1959.5132
-88 1926.0181
-87 1844.8865
-86 1917.6903
-85 1949.6145
-84 1893.8197
-83 1913.1744
-82 1949.4727
-81 1932.1188
-80 1815.5454
-79 1806.2147
-78 1675.6538
-77 1597.6803
-76 1587.2776
-75 1517.3794
-74 1410.8536
-73 1439.9409
-72 1452.0933
-71 1334.6754
-70 1263.5236
-69 1254.4341
-68 1176.4753
-67 1089.6481
-66 1039.3033
-65 986.595
-64 953.0427
-63 950.1622
-62 872.7824
-61 866.0469
-60 807.7207
-59 722.2624
-58 713.1608
-57 629.6328
-56 586.98
-55 532.2737
-54 514.9246
-53 523.2039
-52 472.0135
-51 448.6327
-50 447.6096
-49 399.3128
-48 371.7156
-47 341.1948
-46 319.6117
-45 284.7607
-44 280.3748
-43 247.0124
-42 243.21
-41 231.4932
-40 221.5642
-39 210.9115
-38 226.9171
-37 209.4731
-36 199.9009
-35 193.8543
-34 180.7015
-33 177.2991
-32 178.9037
-31 157.9123
-30 145.7909
-29 130.0701
-28 126.0926
-27 122.0438
-26 110.5869
-25 96.1983
-24 109.4694
-23 120.8474
-22 120.9036
-21 130.5835
-20 123.8869
-19 99.548
-18 119.041
-17 95.6162
-16 101.5021
-15 97.3032
-14 101.0441
-13 75.6951
-12 88.1923
-11 62.6443
-10 84.2499
-9 75.9039
-8 70.0204
-7 70.8122
-6 74.4843
-5 98.6527
-4 101.4021
-3 90.3946
-2 104.886
-1 111.3557
0 112.3318
1 109.7791
2 112.7922
3 113.5565
4 97.7239
5 97.2326
6 92.6541
7 84.6434
8 88.3789
9 88.9839
10 79.5984
11 94.0218
12 80.896
13 95.8593
14 95.9385
15 97.5287
16 88.5984
17 77.069
18 71.6812
19 80.1137
20 83.4417
21 84.8194
22 96.5319
23 71.5916
24 86.9236
25 80.0238
26 92.043
27 91.818
28 94.7548
29 100.0185
30 109.1818
31 98.4897
32 100.3548
33 103.8158
34 117.3482
35 114.9663
36 122.3379
37 120.9468
38 133.1359
39 146.5612
40 152.746
41 128.9515
42 138.0271
43 148.7516
44 176.8496
45 196.2172
46 206.059
47 212.3757
48 234.0573
49 256.8504
50 285.0429
51 250.681
52 252.5117
53 267.5803
54 268.9341
55 313.468
56 354.4796
57 361.2129
58 368.6554
59 397.4439
60 399.605
61 425.4642
62 455.1784
63 497.7462
64 573.053
65 570.9907
66 626.9368
67 622.8208
68 709.7022
69 772.509
70 821.0833
71 853.3911
72 945.3182
73 933.5577
74 997.1251
75 1140.5953
76 1201.813
77 1250.8215
78 1322.6558
79 1372.5658
80 1465.2539
81 1577.0105
82 1623.5209
83 1653.1812
84 1713.9976
85 1841.1964
86 1845.0417
87 1884.7253
88 1849.0231
89 1847.6254
