-90 1966.3163
-89 1942.2126
-88 2051.0522
-87 1992.051
-86 1989.3447
-85 1901.9636
-84 1944.3831
-83 1935.9075
-82 1900.4406
-81 1875.3438
-80 1821.0079
-79 1777.6614
-78 1729.1794
-77 1741.1879
-76 1684.2891
-75 1636.9187
-74 1541.4777
-73 1537.6411
-72 1513.8309
-71 1515.241
-70 1466.5713
-69 1463.5464
-68 1449.157
-67 1355.5416
-66 1307.4769
-65 1290.7996
-64 1283.1923
-63 1235.1387
-62 1143.7782
-61 1107.2002
-60 1034.2294
-59 1003.592
-58 958.3685
-57 927.7345
-56 924.275
-55 852.883
-54 787.4969
-53 699.9022
-52 672.0391
-51 667.3051
-50 596.2008
-49 577.8781
-48 508.7918
-47 475.0275
-46 469.1974
-45 440.0433
-44 416.3857
-43 389.1842
-42 389.1414
-41 375.6992
-40 353.7255
-39 334.1971
-38 315.1484
-37 336.1652
-36 326.9973
-35 322.7676
-34 325.1465
-33 295.605
-32 294.9934
-31 275.2626
-30 277.0109
-29 242.234
-28 231.1069
-27 221.299
-26 209.1731
-25 215.1373
-24 206.4061
-23 219.9089
-22 213.6112
-21 199.2
-20 222.8284
-19 227.7418
-18 208.1025
-17 199.4769
-16 202.7305
-15 246.5835
-14 229.6521
-13 217.6349
-12 211.142
-11 209.4992
-10 203.0751
-9 203.6092
-8 209.1542
-7 217.5706
-6 217.0816
-5 214.5184
-4 219.4329
-3 228.8502
-2 240.3158
-1 250.914
0 228.8902
1 215.7221
2 228.8491
3 233.6751
4 252.5421
5 286.7214
6 269.2731
7 252.367
8 257.1908
9 273.7213
10 255.985
11 270.3529
12 266.697
13 268.4027
14 255.2683
15 274.6011
16 265.239
17 287.4767
18 323.7779
19 283.9686
20 294.6206
21 336.3873
22 326.3878
23 315.6316
24 312.746
25 312.7114
26 309.2584
27 335.4399
28 356.5541
29 377.3568
30 407.9709
31 427.1807
32 453.0368
33 479.0629
34 467.4925
35 489.167
36 508.3305
37 559.4475
38 572.6671
39 526.6526
40 543.1971
41 609.9669
42 580.3166
43 585.9828
44 597.1127
45 598.9256
46 642.6036
47 646.2393
48 639.0129
49 693.0874
50 734.8943
51 736.9373
52 774.1053
53 831.1312
54 889.1267
55 946.9154
56 926.6559
57 896.8973
58 960.1528
59 1017.8077
60 1054.9424
61 1050.0458
62 1135.4764
63 1173.6454
64 1214.5042
65 1193.4929
66 1192.5742
67 1220.4941
68 1228.8964
69 1339.413
70 1399.9902
71 1484.1895
72 1538.1602
73 1549.3644
74 1647.6603
75 1778.1108
76 1791.0212
77 1750.7206
78 1757.1161
79 1749.5221
80 1762.3342
81 1881.0371
82 1922.8695
83 1956.491
84 1965.9718
85 2036.051
86 2010.4479
87 1994.1389
88 2047.4854
89 1970.0446
