-90 469.4635
-89 426.6439
-88 419.832
-87 452.2066
-86 460.9143
-85 404.7155
-84 380.7794
-83 369.7868
-82 380.9953
-81 401.7398
-80 378.0476
-79 369.6059
-78 304.4991
-77 298.0236
-76 290.1477
-75 287.8815
-74 286.8431
-73 300.8401
-72 275.5146
-71 290.2931
-70 275.3267
-69 226.5493
-68 206.2951
-67 194.9298
-66 190.842
-65 204.8287
-64 194.2128
-63 181.3503
-62 187.9077
-61 163.0571
-60 154.4858
-59 135.3635
-58 117.789
-57 102.5484
-56 106.4074
-55 88.0215
-54 94.0115
-53 90.9536
-52 94.164
-51 78.1377
-50 70.6901
-49 65.5027
-48 64.7252
-47 70.7286
-46 75.5816
-45 78.2596
-44 56.191
-43 61.6695
-42 62.2495
-41 63.4522
-40 62.6355
-39 60.7575
-38 57.8492
-37 49.8584
-36 57.6035
-35 55.1375
-34 60.0315
-33 53.6222
-32 72.3143
-31 68.498
-30 64.0162
-29 52.7807
-28 52.8706
-27 61.0193
-26 62.7333
-25 55.2865
-24 70.0488
-23 64.6246
-22 68.4925
-21 69.6591
-20 77.3685
-19 80.343
-18 56.8464
-17 68.5725
-16 55.148
-15 53.4943
-14 52.1042
-13 57.4454
-12 51.0116
-11 64.3472
-10 58.5816
-9 49.9448
-8 48.2663
-7 70.1003
-6 78.0196
-5 81.0563
-4 79.9791
-3 84.627
-2 78.3942
-1 84.9878
0 97.8293
1 106.4555
2 121.7405
3 114.6352
4 99.0998
5 102.9283
6 110.173
7 121.5562
8 104.6642
9 108.3733
10 116.3214
11 112.2978
12 103.4551
13 117.7918
14 120.2013
15 122.8912
16 107.0311
17 105.7856
18 116.2473
19 97.2735
20 102.9588
21 100.1878
22 101.8165
23 113.6362
24 119.0819
25 126.3994
26 121.4158
27 146.7683
28 151.8025
29 160.1378
30 152.2844
31 145.1266
32 158.1175
33 167.3282
34 164.749
35 174.0081
36 165.2364
37 149.9359
38 173.6595
39 179.2873
40 185.0098
41 166.6226
42 183.9415
43 178.3996
44 208.6273
45 205.2906
46 223.6397
47 252.4448
48 268.0577
49 273.5321
50 288.1818
51 316.5269
52 334.9837
53 357.1709
54 360.5398
55 357.9694
56 350.3253
57 334.2811
58 351.5339
59 374.5735
60 417.3846
61 460.0045
62 472.2175
63 496.8816
64 490.6828
65 474.7813
66 515.0072
67 510.5139
68 519.9091
69 561.5327
70 559.0165
71 586.7968
72 617.366
73 605.2167
74 615.6578
75 632.7601
76 612.7696
77 584.1849
78 573.4949
79 575.4636
80 514.9855
81 537.316
82 508.8036
83 494.289
84 532.9784
85 553.7924
86 500.326
87 510.126
88 516.2173
89 496.674
