-90 869.1811
-89 826.015
-88 840.9843
-87 853.9742
-86 843.9521
-85 857.0587
-84 766.1733
-83 778.2142
-82 757.7188
-81 791.6077
-80 783.0552
-79 667.1732
-78 681.237
-77 658.0421
-76 610.2191
-75 599.678
-74 606.1337
-73 545.4918
-72 518.0331
-71 508.5371
-70 478.033
-69 415.2799
-68 439.878
-67 428.0231
-66 428.7082
-65 419.668
-64 417.4688
-63 407.1228
-62 382.0498
-61 356.9081
-60 336.2191
-59 340.3507
-58 387.574
-57 357.6814
-56 352.5597
-55 348.1586
-54 356.0085
-53 327.0993
-52 319.9991
-51 286.9843
-50 272.8848
-49 248.2786
-48 247.455
-47 197.5927
-46 203.4256
-45 207.8513
-44 208.2931
-43 191.6103
-42 188.1038
-41 192.7159
-40 167.8238
-39 162.5329
-38 180.8208
-37 181.1636
-36 185.6647
-35 171.097
-34 171.9235
-33 164.6838
-32 160.5273
-31 142.8246
-30 137.6938
-29 131.1769
-28 127.1281
-27 136.3735
-26 127.8069
-25 114.835
-24 112.5462
-23 116.4135
-22 114.4666
-21 107.7448
-20 112.544
-19 117.9654
-18 110.9594
-17 110.628
-16 130.0177
-15 138.6423
-14 100.7745
-13 109.9943
-12 122.7289
-11 111.7187
-10 135.764
-9 142.1331
-8 128.108
-7 126.2037
-6 125.605
-5 116.6468
-4 115.3796
-3 127.0794
-2 113.5531
-1 110.8043
0 117.4096
1 124.8392
2 123.4101
3 128.3374
4 122.9109
5 123.658
6 141.5967
7 142.2094
8 134.6778
9 135.7231
10 130.1075
11 127.5378
12 140.3517
13 143.8371
14 127.5518
15 132.7997
16 121.1389
17 124.8446
18 135.543
19 132.4521
20 134.9886
21 124.1703
22 116.1349
23 141.6274
24 130.7519
25 144.6866
26 127.7914
27 139.0971
28 128.3968
29 130.297
30 121.2734
31 110.1087
32 107.3185
33 106.616
34 101.7746
35 116.8268
36 108.478
37 132.7243
38 118.8828
39 132.0991
40 134.3208
41 142.1916
42 150.8284
43 145.9382
44 152.7391
45 169.4739
46 188.4838
47 183.5374
48 189.1986
49 209.5116
50 243.0963
51 247.3547
52 253.7932
53 266.7079
54 295.4903
55 303.9308
56 318.3985
57 320.3639
58 311.986
59 335.8405
60 357.2307
61 386.5221
62 431.0426
63 441.9595
64 484.8749
65 520.7448
66 548.1802
67 566.5641
68 550.4603
69 586.8202
70 585.3922
71 613.1091
72 597.4476
73 645.7679
74 695.5353
75 704.6027
76 706.6921
77 710.8493
78 727.0046
79 721.6573
80 725.4487
81 727.3441
82 721.3463
83 780.8306
84 845.8477
85 913.3648
86 883.2642
87 871.1017
88 936.7094
89 922.2014
