-90 2149.6199
-89 2222.989
-88 2288.5972
-87 2287.7734
-86 2371.8528
-85 2317.5647
-84 2266.5552
-83 2272.0879
-82 2173.1191
-81 2136.8752
-80 2106.3672
-79 2122.865
-78 2148.8367
-77 2095.2329
-76 2054.9685
-75 1975.0225
-74 1955.2729
-73 1948.2698
-72 1765.298
-71 1707.5835
-70 1638.9133
-69 1477.0775
-68 1368.3337
-67 1315.3008
-66 1221.5931
-65 1139.6381
-64 1004.7984
-63 864.8236
-62 850.9365
-61 782.9623
-60 697.2406
-59 662.5705
-58 636.6056
-57 572.2758
-56 513.5677
-55 454.1493
-54 435.0251
-53 430.0138
-52 431.1625
-51 407.4116
-50 384.9562
-49 342.5428
-48 341.3405
-47 298.5267
-46 254.121
-45 257.4174
-44 257.669
-43 197.4207
-42 183.6798
-41 174.0592
-40 161.4161
-39 171.3455
-38 164.0656
-37 139.957
-36 124.8915
-35 124.6989
-34 108.4145
-33 106.3447
-32 99.3181
-31 98.6019
-30 89.5649
-29 80.5855
-28 68.3924
-27 75.4092
-26 63.9669
-25 68.1535
-24 66.3894
-23 60.6036
-22 74.3758
-21 71.8995
-20 67.3213
-19 60.2938
-18 70.6624
-17 73.3625
-16 64.6365
-15 58.6745
-14 46.398
-13 34.0398
-12 34.8956
-11 47.1112
-10 33.314
-9 36.8106
-8 39.7021
-7 31.1808
-6 29.8852
-5 28.2708
-4 30.0296
-3 28.9784
-2 24.6892
-1 29.2514
0 33.02
1 28.4421
2 24.4589
3 28.853
4 34.1924
5 31.9193
6 39.3997
7 36.4211
8 36.0371
9 29.1347
10 28.2585
11 34.1322
12 33.8557
13 26.2333
14 27.3554
15 30.4011
16 19.2304
17 28.2247
18 37.7681
19 43.244
20 43.4341
21 45.4317
22 40.8017
23 37.7382
24 44.3996
25 52.6098
26 48.792
27 62.4189
28 56.7515
29 51.3461
30 47.6623
31 57.0209
32 51.9483
33 54.114
34 50.06
35 53.7037
36 49.1101
37 56.5948
38 57.9141
39 65.8492
40 70.6836
41 75.1425
42 68.6958
43 80.5405
44 84.6051
45 83.5452
46 97.5059
47 101.0203
48 105.6548
49 116.879
50 139.1736
51 128.9568
52 118.0815
53 146.141
54 134.7791
55 126.1882
56 144.9258
57 158.6734
58 176.4737
59 203.7069
60 219.7314
61 236.8015
62 271.5859
63 299.2979
64 325.5587
65 372.9371
66 385.7051
67 465.9024
68 511.2524
69 550.5512
70 606.5934
71 626.2562
72 693.4958
73 701.504
74 835.6882
75 931.7781
76 938.36
77 1033.7534
78 1145.0441
79 1252.6827
80 1377.3358
81 1440.0431
82 1560.1149
83 1617.6594
84 1690.2823
85 1758.556
86 1871.9716
87 1956.0752
88 2073.4158
89 2111.634
