-90 1230.9015
-89 1258.0774
-88 1346.9283
-87 1327.6473
-86 1299.5223
-85 1305.5297
-84 1263.6149
-83 1177.587
-82 1128.1071
-81 1029.3984
-80 958.1801
-79 949.869
-78 893.5901
-77 770.3217
-76 721.7323
-75 646.0126
-74 599.078
-73 526.3245
-72 499.8389
-71 461.4243
-70 430.2866
-69 412.4619
-68 383.847
-67 388.0667
-66 342.9018
-65 347.774
-64 351.2231
-63 306.6615
-62 279.2654
-61 269.8188
-60 258.1751
-59 229.5199
-58 231.1182
-57 195.642
-56 198.8791
-55 181.081
-54 166.7201
-53 155.0915
-52 136.0493
-51 124.8069
-50 145.4849
-49 122.6674
-48 123.5028
-47 119.1736
-46 121.8198
-45 114.3666
-44 92.7388
-43 76.2201
-42 69.3127
-41 60.4265
-40 59.8151
-39 60.8507
-38 53.5665
-37 64.4404
-36 64.2272
-35 61.6926
-34 55.4266
-33 57.6543
-32 66.8715
-31 74.1164
-30 51.4714
-29 65.5588
-28 56.4365
-27 50.7962
-26 48.5964
-25 52.6655
-24 54.6038
-23 44.3685
-22 47.8237
-21 48.6423
-20 44.9349
-19 49.384
-18 47.8031
-17 45.9782
-16 41.8912
-15 35.3444
-14 34.1285
-13 34.5846
-12 27.5802
-11 32.6563
-10 42.3471
-9 38.8224
-8 39.4637
-7 30.6562
-6 27.4042
-5 32.9054
-4 29.2151
-3 30.4573
-2 33.5242
-1 33.8227
0 46.6942
1 50.1901
2 45.5574
3 49.8801
4 49.9741
5 52.2411
6 41.0371
7 40.0075
8 39.4627
9 43.5842
10 40.5629
11 33.5916
12 24.9655
13 35.1534
14 35.268
15 28.8255
16 27.3128
17 31.8789
18 32.7785
19 34.2378
20 40.7292
21 43.9054
22 54.2749
23 58.5778
24 66.5594
25 55.1387
26 77.5565
27 63.983
28 66.8508
29 67.5095
30 59.5809
31 55.4176
32 61.5591
33 69.988
34 70.438
35 77.9357
36 85.6927
37 90.3734
38 95.448
39 101.3323
40 98.055
41 91.2155
42 110.8694
43 128.3429
44 129.4055
45 148.8157
46 160.1957
47 164.079
48 168.258
49 178.5318
50 201.2345
51 221.7365
52 228.4596
53 238.1141
54 258.6819
55 296.5297
56 322.1086
57 348.0408
58 361.0345
59 368.5142
60 412.0047
61 449.0803
62 502.7301
63 534.9387
64 590.202
65 642.0994
66 719.9781
67 761.8903
68 841.995
69 913.8757
70 976.7349
71 1020.0601
72 1054.9596
73 1050.3218
74 1117.5859
75 1129.7849
76 1215.1221
77 1255.3556
78 1251.9479
79 1218.0929
80 1228.1328
81 1329.4689
82 1365.6555
83 1363.9244
84 1359.9608
85 1311.9585
86 1307.0239
87 1378.6578
88 1286.303
89 1247.3718
