-90 890.629
-89 922.113
-88 892.3964
-87 892.1942
-86 915.3752
-85 927.5228
-84 906.4511
-83 904.6487
-82 915.2611
-81 812.3527
-80 742.3662
-79 757.1075
-78 674.7037
-77 672.9258
-76 652.9825
-75 646.4352
-74 595.8231
-73 530.0758
-72 491.3852
-71 486.8289
-70 467.2657
-69 485.3406
-68 468.8179
-67 430.4082
-66 436.8636
-65 405.36
-64 383.6162
-63 389.8849
-62 361.5515
-61 336.3145
-60 291.4287
-59 267.8992
-58 246.0692
-57 222.824
-56 201.4873
-55 166.3058
-54 148.6053
-53 127.9826
-52 113.16
-51 113.479
-50 106.821
-49 92.7703
-48 85.934
-47 94.9631
-46 75.617
-45 72.6503
-44 76.3786
-43 72.8533
-42 78.1117
-41 74.1964
-40 60.5588
-39 64.4282
-38 51.4851
-37 52.3044
-36 55.0357
-35 50.508
-34 40.8665
-33 36.9946
-32 31.6095
-31 36.2307
-30 37.852
-29 28.0396
-28 45.8284
-27 45.5685
-26 50.2462
-25 45.6087
-24 43.0824
-23 25.5384
-22 29.7709
-21 18.4034
-20 21.8221
-19 27.8693
-18 27.4723
-17 23.5308
-16 23.2473
-15 16.7455
-14 24.6897
-13 14.8786
-12 20.4842
-11 13.5135
-10 15.761
-9 14.8327
-8 12.5001
-7 8.6023
-6 7.2564
-5 10.5842
-4 8.2254
-3 8.0243
-2 7.156
-1 5.7945
0 11.0587
1 9.3863
2 10.0848
3 9.5029
4 14.1349
5 17.6663
6 19.5479
7 14.6284
8 8.8927
9 12.8297
10 14.7404
11 21.6377
12 25.5675
13 21.6248
14 16.3932
15 15.5154
16 9.4358
17 14.2143
18 21.9403
19 22.2213
20 18.7835
21 25.2459
22 20.1437
23 21.5098
24 15.5324
25 20.0524
26 22.6465
27 16.3854
28 22.6039
29 31.3537
30 25.6578
31 29.1355
32 32.6033
33 31.6132
34 42.6219
35 44.7697
36 50.3974
37 66.8008
38 55.1173
39 48.2753
40 59.9835
41 68.5883
42 70.2883
43 79.6494
44 91.6456
45 99.8054
46 110.6055
47 129.9219
48 142.6939
49 149.8648
50 184.4346
51 209.6608
52 219.6728
53 239.6411
54 241.4647
55 249.315
56 255.8731
57 312.8067
58 337.7282
59 417.4578
60 409.8019
61 439.232
62 422.8664
63 449.4601
64 445.5372
65 511.946
66 615.087
67 669.3914
68 719.1383
69 744.4108
70 778.9342
71 761.9045
72 778.8214
73 780.3348
74 904.0744
75 964.3496
76 980.5183
77 1008.8081
78 933.783
79 913.644
80 926.529
81 873.4171
82 829.0978
83 899.9824
84 967.0872
85 1015.233
86 1001.3642
87 1013.1878
88 987.172
89 930.3961
