-90 740.7248
-89 720.9372
-88 719.0725
-87 746.2557
-86 737.8352
-85 768.999
-84 743.3656
-83 769.5537
-82 735.5313
-81 746.2946
-80 745.98
-79 739.8674
-78 706.9661
-77 707.2485
-76 678.3998
-75 639.4512
-74 590.3982
-73 501.3101
-72 478.5294
-71 516.1362
-70 555.1757
-69 490.9173
-68 484.0267
-67 473.7368
-66 482.0355
-65 515.6537
-64 487.1571
-63 506.0766
-62 492.6349
-61 507.7615
-60 528.2159
-59 437.0497
-58 413.1811
-57 378.3375
-56 371.1613
-55 418.166
-54 419.8994
-53 435.9049
-52 419.8422
-51 402.1856
-50 370.1451
-49 319.7969
-48 293.7186
-47 320.0105
-46 255.7807
-45 263.9388
-44 261.1506
-43 247.0279
-42 212.0368
-41 201.9211
-40 186.5436
-39 179.0557
-38 166.5246
-37 187.5006
-36 174.7919
-35 151.2274
-34 162.5988
-33 162.718
-32 173.0687
-31 173.4215
-30 128.285
-29 139.9717
-28 117.8646
-27 116.7353
-26 127.3983
-25 137.2075
-24 144.2163
-23 146.7969
-22 141.5893
-21 133.8553
-20 138.0344
-19 141.7544
-18 136.8945
-17 139.9839
-16 137.3257
-15 143.568
-14 160.4943
-13 144.7925
-12 137.3237
-11 150.1994
-10 130.0916
-9 134.5825
-8 117.3438
-7 117.2525
-6 103.9774
-5 117.0831
-4 116.0997
-3 109.648
-2 103.2975
-1 95.75
0 96.0485
1 94.9488
2 87.0673
3 92.239
4 82.3114
5 66.0699
6 54.4671
7 47.4812
8 47.5715
9 50.4304
10 56.2244
11 52.0432
12 58.9839
13 50.6616
14 45.8826
15 58.0476
16 59.6589
17 54.0708
18 51.6941
19 48.4898
20 46.6554
21 40.0895
22 43.9811
23 45.1829
24 42.3317
25 47.8437
26 51.4715
27 57.677
28 57.5205
29 67.5827
30 70.904
31 86.8668
32 80.5974
33 93.0901
34 90.4253
35 88.5575
36 101.5372
37 106.1046
38 96.9864
39 96.5499
40 112.3952
41 150.9754
42 162.1602
43 186.065
44 180.1487
45 185.574
46 183.9327
47 195.7294
48 187.7402
49 227.626
50 264.5823
51 268.4929
52 288.1593
53 290.9815
54 308.8197
55 322.1297
56 341.942
57 361.3472
58 395.973
59 333.0457
60 352.2177
61 362.333
62 373.2626
63 396.0945
64 403.7349
65 414.6591
66 467.2055
67 474.474
68 530.2145
69 559.8777
70 579.0158
71 550.1957
72 568.0491
73 580.8323
74 576.7308
75 616.4918
76 647.5437
77 607.468
78 632.7316
79 636.2155
80 562.545
81 586.8881
82 577.6655
83 630.7122
84 661.9603
85 687.3005
86 738.5186
87 723.2405
88 727.107
89 734.0836
