-90 512.5545
-89 447.9361
-88 425.1374
-87 397.1497
-86 350.8946
-85 311.8411
-84 264.3609
-83 239.4449
-82 212.0174
-81 218.4981
-80 204.6412
-79 198.1152
-78 184.796
-77 157.6728
-76 174.7364
-75 158.9431
-74 173.1039
-73 159.2965
-72 128.2381
-71 148.2738
-70 159.5617
-69 166.8203
-68 162.7347
-67 165.0287
-66 177.2092
-65 188.5491
-64 179.1042
-63 150.6181
-62 144.9893
-61 152.7115
-60 140.7942
-59 176.3802
-58 152.2773
-57 147.5973
-56 168.882
-55 190.9107
-54 197.2463
-53 191.6066
-52 218.3818
-51 219.5945
-50 209.0869
-49 200.3618
-48 209.0126
-47 200.8801
-46 203.9327
-45 228.3848
-44 217.7888
-43 214.0649
-42 201.879
-41 199.3438
-40 227.4409
-39 267.5484
-38 279.1286
-37 260.0477
-36 268.1478
-35 243.1831
-34 251.4844
-33 289.2482
-32 318.36
-31 285.7797
-30 283.9883
-29 305.2141
-28 333.2182
-27 315.2116
-26 345.9117
-25 349.7529
-24 376.5028
-23 367.9254
-22 351.4322
-21 390.1146
-20 394.1678
-19 369.1638
-18 382.5419
-17 400.3552
-16 412.0966
-15 392.014
-14 388.9468
-13 402.4738
-12 373.3556
-11 375.6665
-10 352.7396
-9 353.3951
-8 349.6252
-7 365.429
-6 386.3141
-5 393.8884
-4 370.9168
-3 402.6694
-2 388.1836
-1 357.2726
0 377.4524
1 357.2011
2 329.9834
3 332.1845
4 381.2436
5 372.9325
6 327.9326
7 273.7357
8 250.243
9 238.3877
10 269.6855
11 233.9028
12 239.8919
13 253.7503
14 249.9653
15 260.4727
16 272.5111
17 268.3634
18 269.654
19 304.6464
20 274.4863
21 265.1664
22 252.8406
23 256.6623
24 254.8567
25 268.8623
26 256.5466
27 250.244
28 270.7872
29 292.1212
30 322.2939
31 331.9246
32 336.784
33 347.1284
34 394.514
35 420.2098
36 383.849
37 399.8083
38 405.8938
39 426.009
40 474.8307
41 462.8239
42 462.6942
43 458.9017
44 456.9694
45 495.6418
46 556.4178
47 597.9335
48 559.3383
49 541.0851
50 508.6913
51 536.5206
52 547.0763
53 573.2603
54 597.3047
55 648.0533
56 669.5764
57 688.1161
58 717.5754
59 735.6112
60 757.8915
61 774.2051
62 829.5617
63 839.8032
64 897.6805
65 910.0433
66 891.1384
67 889.6245
68 872.5397
69 873.9741
70 841.9996
71 820.6558
72 848.2198
73 859.3158
74 823.1895
75 790.8459
76 779.3742
77 769.2366
78 782.5502
79 742.8519
80 745.1886
81 720.6534
82 691.1504
83 672.1382
84 605.6132
85 631.5238
86 655.7494
87 578.2571
88 522.6094
89 509.2697
