-90 911.2654
-89 900.9525
-88 886.7795
-87 926.9108
-86 969.1868
-85 950.5607
-84 930.964
-83 898.1597
-82 892.635
-81 981.6832
-80 980.7419
-79 922.595
-78 867.6324
-77 792.3457
-76 820.7599
-75 785.7614
-74 760.5836
-73 725.7098
-72 678.836
-71 620.3415
-70 623.2468
-69 609.8046
-68 594.7171
-67 570.3114
-66 572.4273
-65 527.256
-64 487.5762
-63 510.5349
-62 477.7112
-61 403.3249
-60 395.3976
-59 366.4718
-58 343.5827
-57 318.6932
-56 291.255
-55 280.9662
-54 212.9816
-53 187.6441
-52 167.6164
-51 135.3591
-50 138.2245
-49 128.2789
-48 117.8196
-47 114.4686
-46 104.8711
-45 87.6205
-44 83.7018
-43 70.7141
-42 62.3072
-41 59.0565
-40 61.2246
-39 46.962
-38 55.5269
-37 55.764
-36 58.9056
-35 48.433
-34 43.8788
-33 41.8807
-32 40.1905
-31 34.7492
-30 34.0672
-29 29.0031
-28 32.1936
-27 29.5902
-26 31.896
-25 37.9138
-24 27.1992
-23 33.9892
-22 26.6301
-21 21.7663
-20 28.7595
-19 26.2345
-18 21.9366
-17 22.9716
-16 19.1308
-15 18.792
-14 20.7636
-13 24.0056
-12 20.0223
-11 17.1548
-10 15.4979
-9 12.2317
-8 13.4952
-7 10.3603
-6 7.7233
-5 11.9192
-4 9.6031
-3 7.0251
-2 10.3855
-1 14.7272
0 17.2425
1 10.7028
2 12.9652
3 9.0362
4 17.299
5 18.3866
6 13.8162
7 9.2351
8 9.5409
9 9.7357
10 15.4697
11 27.3783
12 22.9613
13 21.6304
14 14.2402
15 12.3873
16 13.601
17 14.1146
18 20.7187
19 21.2658
20 17.1629
21 19.175
22 21.1645
23 21.9705
24 22.499
25 16.3536
26 15.2234
27 19.5109
28 28.5814
29 21.6205
30 25.3597
31 29.5555
32 25.5372
33 25.2699
34 40.2442
35 39.1909
36 40.6064
37 41.8039
38 46.2905
39 43.0866
40 55.1918
41 60.8146
42 75.7342
43 73.2346
44 89.1934
45 82.4147
46 108.0018
47 118.2156
48 111.5754
49 106.2145
50 119.5043
51 144.9482
52 182.417
53 194.7366
54 233.3307
55 239.6292
56 229.654
57 250.2995
58 258.625
59 289.2845
60 312.2696
61 371.4394
62 356.3701
63 345.8077
64 384.1873
65 444.9594
66 497.8557
67 531.433
68 582.7783
69 626.291
70 612.7042
71 702.7049
72 689.946
73 717.2983
74 780.6829
75 799.1656
76 851.2764
77 889.2883
78 903.101
79 878.0991
80 859.7349
81 829.7794
82 832.5644
83 829.3985
84 812.6778
85 877.108
86 915.4571
87 892.8716
88 892.1733
89 877.9963
