-90 1642.8528
-89 1658.4512
-88 1671.3185
-87 1644.1603
-86 1649.3442
-85 1683.639
-84 1567.0635
-83 1571.606
-82 1574.1848
-81 1516.9355
-80 1468.8629
-79 1413.5068
-78 1320.0437
-77 1261.8551
-76 1284.3125
-75 1218.696
-74 1190.3158
-73 1150.908
-72 1165.8043
-71 1094.9144
-70 1106.5875
-69 1095.2349
-68 1067.2233
-67 1046.657
-66 1049.2239
-65 976.6179
-64 970.8748
-63 907.0341
-62 830.0125
-61 849.8595
-60 841.8384
-59 782.8416
-58 720.2455
-57 658.3618
-56 616.9987
-55 604.9465
-54 599.2246
-53 539.6997
-52 501.824
-51 468.6869
-50 435.2932
-49 390.2234
-48 330.5242
-47 310.0155
-46 304.1645
-45 285.1284
-44 267.0886
-43 262.9832
-42 244.7408
-41 215.3289
-40 206.7484
-39 199.1124
-38 191.1317
-37 155.0145
-36 197.9141
-35 200.3352
-34 187.992
-33 173.894
-32 163.9758
-31 160.8233
-30 161.3012
-29 138.6716
-28 138.9081
-27 146.4665
-26 134.2363
-25 122.6466
-24 124.5543
-23 108.1754
-22 118.5482
-21 98.7069
-20 99.2899
-19 104.4854
-18 116.2908
-17 101.95
-16 129.6822
-15 101.3109
-14 102.7575
-13 100.1919
-12 89.7112
-11 98.834
-10 90.2275
-9 89.3652
-8 94.6603
-7 102.6577
-6 103.7525
-5 96.965
-4 97.6919
-3 97.1408
-2 87.6798
-1 95.1301
0 84.1761
1 66.1314
2 71.0026
3 71.0396
4 70.2569
5 75.5854
6 88.5597
7 77.9255
8 77.5409
9 83.172
10 72.8757
11 77.0663
12 71.0367
13 82.1644
14 105.5867
15 104.7004
16 106.0381
17 96.4222
18 106.6457
19 105.2723
20 111.6095
21 117.3447
22 130.7159
23 147.2018
24 112.9841
25 113.0824
26 126.1275
27 122.4747
28 131.7837
29 133.7875
30 160.0766
31 167.7534
32 158.9865
33 172.9855
34 185.2214
35 186.6449
36 198.3689
37 213.2207
38 216.9709
39 207.5155
40 198.1102
41 210.5451
42 234.5223
43 231.2153
44 227.1817
45 219.4116
46 241.0341
47 279.5101
48 327.8702
49 326.1085
50 352.187
51 371.5445
52 405.9371
53 411.1732
54 439.4204
55 463.5312
56 505.1713
57 512.817
58 546.5043
59 599.168
60 646.0901
61 655.035
62 693.6978
63 698.8773
64 761.8086
65 823.4645
66 858.0135
67 908.4954
68 950.0649
69 959.7204
70 1041.5236
71 1097.937
72 1185.8712
73 1202.6718
74 1219.0875
75 1263.4008
76 1264.8503
77 1306.4448
78 1376.2274
79 1382.1816
80 1428.5714
81 1425.3347
82 1486.0627
83 1511.2684
84 1559.3516
85 1596.1116
86 1608.1031
87 1594.9169
88 1657.0756
89 1718.5333
