-90 1325.1842
-89 1406.7858
-88 1457.626
-87 1463.6078
-86 1375.8643
-85 1314.4302
-84 1270.4124
-83 1276.8107
-82 1285.1863
-81 1222.8613
-80 1127.2854
-79 1142.4036
-78 1182.6219
-77 1208.9769
-76 1158.8142
-75 1163.3844
-74 1076.722
-73 1041.8364
-72 1039.1802
-71 981.5944
-70 937.7456
-69 871.1516
-68 821.3011
-67 767.7433
-66 804.4719
-65 725.6245
-64 729.2386
-63 676.8859
-62 652.3005
-61 646.9923
-60 658.7087
-59 623.2505
-58 572.4102
-57 508.6667
-56 461.4694
-55 421.9484
-54 382.4074
-53 370.0716
-52 365.0305
-51 389.6126
-50 377.4721
-49 367.9712
-48 353.7114
-47 347.1445
-46 343.987
-45 322.149
-44 272.5252
-43 285.3512
-42 288.1251
-41 278.7674
-40 277.3312
-39 259.8628
-38 219.5319
-37 190.0501
-36 207.5706
-35 242.8513
-34 212.7621
-33 192.6999
-32 189.8378
-31 184.1181
-30 161.9843
-29 171.2981
-28 166.1415
-27 149.2298
-26 169.671
-25 166.1499
-24 161.1349
-23 161.3708
-22 158.8457
-21 173.3635
-20 181.3023
-19 173.8407
-18 177.9429
-17 168.5748
-16 170.7399
-15 158.1787
-14 153.4834
-13 126.9997
-12 134.3208
-11 133.3682
-10 131.18
-9 121.0904
-8 122.4347
-7 119.5015
-6 108.6536
-5 112.3098
-4 104.3013
-3 107.7517
-2 115.9295
-1 105.2289
0 83.6616
1 93.0282
2 106.2962
3 119.2112
4 106.1567
5 96.3427
6 113.7554
7 103.8582
8 92.2514
9 84.1473
10 90.6105
11 93.3593
12 95.8619
13 79.3268
14 76.6852
15 68.833
16 84.3001
17 84.0234
18 99.3657
19 95.7137
20 84.3379
21 83.8216
22 90.5169
23 87.744
24 99.7033
25 94.6567
26 102.3322
27 100.5022
28 100.6528
29 95.7972
30 112.3963
31 112.5733
32 125.8949
33 124.7465
34 127.8695
35 142.8459
36 147.3799
37 118.646
38 116.7518
39 115.4924
40 132.8972
41 137.5099
42 147.7672
43 129.8839
44 148.0351
45 150.5921
46 157.9942
47 170.3319
48 173.3956
49 197.2617
50 190.679
51 190.5803
52 225.4608
53 242.7059
54 235.1495
55 249.7341
56 261.4402
57 283.2648
58 299.8117
59 334.6122
60 364.9362
61 382.7067
62 381.5143
63 396.8477
64 449.9965
65 470.8559
66 519.2549
67 539.4466
68 567.7608
69 551.1888
70 626.0273
71 738.0429
72 766.6071
73 848.438
74 785.0386
75 837.8915
76 892.1688
77 938.0669
78 945.9714
79 1052.181
80 995.5729
81 1034.6812
82 1079.6516
83 1106.4637
84 1115.4376
85 1191.0331
86 1167.8578
87 1190.7563
88 1235.3452
89 1287.2921
