-90 754.1351
-89 659.9585
-88 683.9178
-87 639.527
-86 641.886
-85 613.4431
-84 580.1915
-83 610.1486
-82 552.5781
-81 519.5674
-80 509.6386
-79 480.1843
-78 483.8972
-77 450.1433
-76 447.1742
-75 440.0774
-74 445.1174
-73 459.0323
-72 437.9802
-71 394.8936
-70 366.1252
-69 339.8021
-68 318.9307
-67 298.0868
-66 277.6068
-65 291.4604
-64 287.6555
-63 280.2373
-62 249.8366
-61 264.3089
-60 279.5961
-59 257.2569
-58 258.1423
-57 220.8377
-56 213.7521
-55 185.5222
-54 172.7258
-53 166.6114
-52 159.6688
-51 164.8006
-50 157.139
-49 141.0409
-48 158.2748
-47 128.5029
-46 143.258
-45 132.2806
-44 129.646
-43 133.3246
-42 125.2984
-41 124.5915
-40 121.3704
-39 128.0923
-38 137.7662
-37 138.3471
-36 138.8933
-35 156.5219
-34 127.7769
-33 138.9628
-32 130.782
-31 128.3142
-30 117.771
-29 108.5107
-28 96.0897
-27 95.4311
-26 77.8257
-25 83.7625
-24 80.1106
-23 86.3615
-22 79.4413
-21 83.59
-20 88.6498
-19 90.8213
-18 93.2021
-17 91.6065
-16 103.3708
-15 84.7315
-14 87.1902
-13 86.7967
-12 94.7727
-11 98.4731
-10 83.4019
-9 74.985
-8 75.8851
-7 85.1281
-6 73.5762
-5 76.5548
-4 84.7197
-3 70.1017
-2 79.8641
-1 68.3036
0 69.1389
1 83.2185
2 86.8811
3 79.2464
4 72.8329
5 70.1783
6 62.9482
7 56.8777
8 65.4834
9 64.4939
10 85.4041
11 80.1993
12 76.1432
13 79.5955
14 66.1211
15 72.1482
16 76.7306
17 74.8299
18 75.3227
19 69.0612
20 79.3581
21 80.2974
22 76.369
23 83.8936
24 85.8187
25 99.8979
26 93.9545
27 105.7655
28 123.2747
29 134.1593
30 133.01
31 132.5325
32 150.2156
33 146.1915
34 152.4323
35 179.2264
36 193.4176
37 203.5558
38 214.9835
39 229.8142
40 241.2077
41 231.009
42 250.7009
43 263.7682
44 269.605
45 270.3105
46 286.2687
47 280.0318
48 332.326
49 357.1528
50 396.5421
51 423.5385
52 454.6253
53 479.7785
54 488.3006
55 499.1197
56 545.9326
57 612.6816
58 618.5278
59 668.8844
60 724.2366
61 738.8751
62 757.8024
63 737.278
64 816.5252
65 824.1078
66 828.7574
67 819.2043
68 850.9885
69 886.1815
70 920.9132
71 924.1246
72 918.4344
73 955.4879
74 977.1917
75 1001.5151
76 995.7426
77 1046.2643
78 1008.213
79 985.4135
80 920.7888
81 877.9146
82 931.7657
83 877.7636
84 882.0659
85 809.2568
86 829.0336
87 849.8349
88 752.0493
89 753.3906
