-90 898.6225
-89 921.4818
-88 882.8864
-87 883.8961
-86 855.6379
-85 861.5627
-84 884.5403
-83 821.1722
-82 794.171
-81 763.3801
-80 712.0592
-79 658.7292
-78 630.4023
-77 618.4171
-76 609.6695
-75 545.0302
-74 544.5314
-73 545.5931
-72 500.4174
-71 543.372
-70 575.652
-69 555.2861
-68 533.356
-67 527.5538
-66 504.8771
-65 467.998
-64 449.4235
-63 450.2694
-62 411.4793
-61 422.8271
-60 380.8246
-59 337.7237
-58 364.2476
-57 343.0135
-56 327.3018
-55 328.1327
-54 344.8864
-53 311.2706
-52 290.0751
-51 268.366
-50 281.6963
-49 301.4223
-48 299.0509
-47 271.0081
-46 267.6685
-45 233.1393
-44 209.2681
-43 212.9506
-42 226.5522
-41 223.8979
-40 246.9257
-39 210.7468
-38 192.0532
-37 172.6761
-36 172.7788
-35 163.9048
-34 161.7487
-33 133.6884
-32 151.9263
-31 156.6864
-30 153.8996
-29 142.5005
-28 110.806
-27 107.0723
-26 119.4536
-25 103.2094
-24 99.3859
-23 100.0349
-22 95.9286
-21 88.0624
-20 79.2824
-19 81.7467
-18 72.319
-17 66.3612
-16 66.7913
-15 57.2983
-14 55.6709
-13 54.182
-12 63.6288
-11 69.2999
-10 66.5673
-9 62.6087
-8 71.1885
-7 60.8428
-6 61.249
-5 72.4274
-4 74.759
-3 71.5011
-2 72.3961
-1 75.1991
0 77.9804
1 74.1158
2 70.3651
3 72.9812
4 74.1593
5 67.7451
6 85.6044
7 90.6481
8 100.9335
9 108.0713
10 110.0589
11 108.5015
12 121.7572
13 124.7193
14 120.0128
15 130.29
16 121.3717
17 127.8332
18 140.1483
19 131.958
20 138.0401
21 149.2454
22 155.0214
23 189.7443
24 231.5443
25 211.9346
26 206.2108
27 209.2112
28 218.964
29 250.4839
30 251.8824
31 238.3589
32 275.0453
33 259.9149
34 256.4101
35 273.0433
36 294.5483
37 320.4213
38 322.1293
39 314.8044
40 311.6547
41 297.6791
42 287.9053
43 291.113
44 318.9166
45 317.8416
46 321.6013
47 314.6109
48 338.2725
49 327.1055
50 350.3695
51 350.2858
52 383.7327
53 438.459
54 439.7988
55 434.773
56 449.6561
57 474.0613
58 508.4659
59 476.6657
60 477.2993
61 463.498
62 534.1562
63 496.9739
64 551.0978
65 583.222
66 628.3771
67 646.1349
68 669.7407
69 674.9951
70 627.5411
71 609.6029
72 628.0107
73 657.8722
74 713.3656
75 712.0562
76 713.0468
77 770.8011
78 760.1121
79 790.3588
80 845.1897
81 844.614
82 845.9407
83 828.9277
84 849.8039
85 922.8151
86 910.0915
87 861.5078
88 869.4094
89 907.6401
