-90 1670.6998
-89 1686.1033
-88 1719.0098
-87 1744.7606
-86 1792.033
-85 1918.9161
-84 1945.7642
-83 1892.5619
-82 1913.5603
-81 1915.8513
-80 1937.3027
-79 1984.4044
-78 1946.6246
-77 1915.0071
-76 1907.4883
-75 1880.1844
-74 1791.5989
-73 1746.6805
-72 1701.2417
-71 1694.9147
-70 1662.7124
-69 1643.1367
-68 1602.8602
-67 1572.5804
-66 1439.7754
-65 1313.3748
-64 1243.5382
-63 1152.4122
-62 1119.3425
-61 1044.0446
-60 965.5715
-59 868.0234
-58 838.8524
-57 781.532
-56 724.5759
-55 709.5857
-54 716.5253
-53 639.7904
-52 555.869
-51 540.6329
-50 500.0477
-49 454.0652
-48 401.2651
-47 376.562
-46 359.4858
-45 324.003
-44 294.8075
-43 296.7285
-42 298.998
-41 289.5983
-40 286.7347
-39 257.3378
-38 256.0683
-37 230.7306
-36 235.159
-35 197.5644
-34 195.8478
-33 202.0925
-32 167.398
-31 145.575
-30 150.1566
-29 149.372
-28 147.2558
-27 128.5895
-26 130.089
-25 122.3817
-24 101.2588
-23 130.3378
-22 116.8434
-21 111.1411
-20 103.8394
-19 121.5447
-18 111.8967
-17 122.0269
-16 122.1004
-15 119.4918
-14 112.0305
-13 107.4316
-12 107.6211
-11 103.9115
-10 109.5687
-9 123.0476
-8 111.1897
-7 103.6918
-6 108.3578
-5 98.3137
-4 90.8598
-3 98.2485
-2 105.1968
-1 119.7667
0 109.708
1 108.4932
2 119.4346
3 116.5564
4 115.4476
5 114.3429
6 125.4803
7 121.288
8 118.8531
9 119.1273
10 104.2049
11 104.9548
12 108.4599
13 106.7975
14 123.5693
15 121.4822
16 139.1828
17 131.132
18 143.5095
19 135.6504
20 141.6031
21 147.2001
22 142.5132
23 156.2345
24 147.6417
25 143.9422
26 170.4618
27 143.9836
28 165.4308
29 139.1164
30 157.3725
31 158.7659
32 162.0318
33 154.0236
34 168.3658
35 167.9723
36 173.7063
37 171.0362
38 185.8243
39 200.7496
40 194.2707
41 198.0955
42 210.4255
43 221.4629
44 232.5956
45 233.8569
46 254.8246
47 258.6219
48 236.16
49 238.6379
50 252.2352
51 260.4919
52 281.7498
53 301.6887
54 323.0373
55 350.7864
56 387.3608
57 428.0917
58 455.3731
59 487.7323
60 512.2141
61 533.9213
62 580.3595
63 603.9229
64 655.5775
65 712.1066
66 738.672
67 762.9504
68 787.15
69 815.5767
70 807.4601
71 843.4571
72 860.3108
73 916.6062
74 963.1646
75 979.7561
76 949.7141
77 998.0249
78 1080.2916
79 1141.4557
80 1153.0304
81 1153.8091
82 1186.3203
83 1245.7802
84 1287.8699
85 1280.1711
86 1404.5789
87 1484.5242
88 1632.816
89 1596.9504
