-90 3202.5938
-89 3346.1069
-88 3353.6104
-87 3432.5149
-86 3478.7993
-85 3400.2412
-84 3480.8149
-83 3468.8528
-82 3366.71
-81 3307.0046
-80 3238.6594
-79 3178.2473
-78 3099.0466
-77 3015.7769
-76 2910.3533
-75 2812.1482
-74 2692.0122
-73 2573.5437
-72 2487.1372
-71 2396.1968
-70 2270.9819
-69 2073.7476
-68 2017.8091
-67 1896.3918
-66 1756.6777
-65 1523.8201
-64 1433.9034
-63 1351.0056
-62 1231.3926
-61 1108.5034
-60 1043.4861
-59 1006.3981
-58 977.306
-57 908.9332
-56 857.3932
-55 803.8081
-54 798.8605
-53 728.9081
-52 669
-51 612.1144
-50 561.8881
-49 533.8354
-48 542.7708
-47 530.3975
-46 497.6123
-45 445.6477
-44 409.6553
-43 378.0777
-42 403.7507
-41 403.8141
-40 354.7363
-39 351.5495
-38 300.9817
-37 304.9969
-36 317.8663
-35 294.0599
-34 280.0864
-33 263.8723
-32 252.0764
-31 261.041
-30 242.6996
-29 222.3028
-28 207.0047
-27 207.1215
-26 207.544
-25 185.0932
-24 175.7473
-23 177.4501
-22 154.888
-21 136.9557
-20 124.4812
-19 122.6164
-18 114.6864
-17 132.6958
-16 142.7072
-15 136.2731
-14 129.2677
-13 108.9646
-12 106.8867
-11 141.2899
-10 161.3751
-9 151.5541
-8 116.4118
-7 97.1716
-6 117.0665
-5 109.5664
-4 99.8518
-3 98.6984
-2 96.5881
-1 93.249
0 90.3145
1 83.8605
2 97.1993
3 88.8448
4 96.5339
5 88.5038
6 98.6211
7 110.4596
8 97.0766
9 105.5361
10 103.1384
11 102.7714
12 111.9345
13 109.2532
14 113.2454
15 111.2044
16 106.5034
17 115.4007
18 107.6631
19 129.3076
20 117.1085
21 115.2716
22 117.8925
23 118.4158
24 129.6926
25 115.8919
26 114.5887
27 119.0779
28 116.321
29 105.0054
30 136.753
31 126.0645
32 120.6899
33 124.8592
34 137.1138
35 146.2388
36 154.7382
37 161.9373
38 159.0427
39 147.5739
40 135.366
41 142.7932
42 131.1383
43 153.2526
44 145.2588
45 142.2291
46 168.1301
47 167.3023
48 179.9083
49 178.7239
50 191.8821
51 219.2932
52 245.2971
53 244.2976
54 248.2411
55 261.6417
56 274.4954
57 292.0964
58 312.9976
59 328.0593
60 347.0477
61 365.9854
62 354.0223
63 389.9003
64 437.3859
65 466.4146
66 521.7099
67 603.2323
68 665.2846
69 684.4194
70 724.6039
71 815.24
72 923.9588
73 979.3469
74 1029.239
75 1195.895
76 1271.5177
77 1334.8622
78 1455.6844
79 1571.8655
80 1650.6552
81 1769.1501
82 1913.7958
83 2090.5203
84 2285.5186
85 2284.6145
86 2437.6992
87 2676.6614
88 2878.1206
89 3025.7715
