-90 1996.7386
-89 1945.7968
-88 1930.0592
-87 1967.8347
-86 1857.968
-85 1806.0195
-84 1804.5726
-83 1746.7131
-82 1644.8999
-81 1599.1376
-80 1467.4191
-79 1293.8049
-78 1262.0448
-77 1198.5288
-76 1162.8014
-75 1099.9044
-74 958.984
-73 890.47
-72 836.996
-71 719.8182
-70 675.9882
-69 596.9026
-68 545.7476
-67 532.1345
-66 487.7647
-65 441.2388
-64 370.5369
-63 338.0665
-62 317.2176
-61 310.2533
-60 284.3905
-59 241.6871
-58 233.1824
-57 212.83
-56 189.2869
-55 182.3312
-54 174.0519
-53 166.1794
-52 164.571
-51 159.5476
-50 157.3462
-49 140.4516
-48 143.0719
-47 136.51
-46 134.4676
-45 126.8051
-44 104.3666
-43 108.423
-42 109.2078
-41 81.4158
-40 78.5263
-39 83.3472
-38 86.3527
-37 81.5803
-36 66.4138
-35 76.2655
-34 84.8994
-33 74.4948
-32 72.8944
-31 81.7925
-30 77.3279
-29 65.804
-28 80.1345
-27 69.5995
-26 71.784
-25 73.5575
-24 73.9308
-23 77.2954
-22 72.3347
-21 75.8927
-20 91.6244
-19 82.3506
-18 65.5976
-17 59.1722
-16 58.4055
-15 51.1524
-14 46.7046
-13 48.7468
-12 54.8586
-11 58.8048
-10 60.6003
-9 56.7876
-8 59.2739
-7 53.1399
-6 42.7209
-5 39.6812
-4 33.2646
-3 38.7329
-2 41.3976
-1 45.4316
0 35.101
1 36.3783
2 50.2971
3 51.8399
4 50.8333
5 58.8521
6 56.5879
7 55.8292
8 52.2261
9 40.4764
10 39.9974
11 38.531
12 42.3128
13 43.6185
14 44.4488
15 52.3667
16 54.0423
17 53.2525
18 58.3809
19 57.7964
20 51.2419
21 63.1387
22 58.9028
23 54.7502
24 53.16
25 51.732
26 45.6145
27 56.7287
28 62.9427
29 64.3682
30 62.0305
31 81.0875
32 80.6901
33 90.1089
34 84.6876
35 100.611
36 117.8121
37 115.9159
38 113.7848
39 131.517
40 131.7557
41 124.9891
42 133.3966
43 155.7264
44 173.2259
45 168.4793
46 193.019
47 193.6062
48 200.9825
49 207.2999
50 224.5728
51 238.4632
52 271.4853
53 282.249
54 301.5388
55 351.3716
56 360.1848
57 397.6749
58 393.6937
59 435.9044
60 491.1003
61 501.9704
62 558.893
63 620.0333
64 709.5246
65 808.6874
66 932.7156
67 999.0558
68 1023.525
69 1075.2152
70 1185.1201
71 1312.4414
72 1398.9087
73 1534.1393
74 1665.1442
75 1669.5109
76 1756.3911
77 1758.4989
78 1728.5703
79 1822.5511
80 1875.9994
81 1916.0405
82 2047.1367
83 2173.7163
84 2166.0002
85 2187.1465
86 2179.1379
87 2231.7202
88 2086.8616
89 2053.877
