-90 1848.5022
-89 1994.1559
-88 2046.1082
-87 2086.6895
-86 2213.8406
-85 2293.3706
-84 2229.3921
-83 2334.356
-82 2365.1736
-81 2300.7483
-80 2278.6289
-79 2304.1611
-78 2276.7827
-77 2216.1875
-76 2172.6228
-75 2117.373
-74 2043.2607
-73 1991.9597
-72 1891.7389
-71 1816.1438
-70 1725.6482
-69 1671.0494
-68 1527.6476
-67 1423.1035
-66 1239.5
-65 1147.8417
-64 964.7975
-63 870.6848
-62 793.0535
-61 779.6412
-60 683.4455
-59 568.2662
-58 496.9688
-57 464.9974
-56 449.2708
-55 400.4639
-54 340.9573
-53 316.7119
-52 310.4235
-51 295.7184
-50 286.3734
-49 269.9079
-48 225.1326
-47 237.3178
-46 217.8577
-45 204.7278
-44 177.0945
-43 166.5099
-42 174.1918
-41 199.4067
-40 170.0964
-39 130.905
-38 122.3634
-37 132.7984
-36 123.5964
-35 119.7347
-34 106.546
-33 82.0353
-32 77.5391
-31 88.2566
-30 105.8123
-29 106.054
-28 95.5851
-27 90.9108
-26 95.4847
-25 94.1591
-24 81.3652
-23 82.2328
-22 88.2231
-21 100.7823
-20 72.5392
-19 72.6399
-18 71.8365
-17 69.4368
-16 73.3484
-15 72.528
-14 90.6001
-13 82.512
-12 87.8043
-11 89.672
-10 75.1487
-9 74.2738
-8 67.7417
-7 77.2055
-6 81.0961
-5 76.9231
-4 79.8608
-3 76.1604
-2 75.5505
-1 67.8865
0 85.0107
1 82.5981
2 83.249
3 90.4364
4 92.7323
5 97.0482
6 89.0525
7 72.7668
8 84.7445
9 73.5672
10 64.3395
11 78.7943
12 74.3886
13 87.2109
14 91.2696
15 76.8513
16 80.3439
17 83.8261
18 82.0846
19 78.742
20 67.1529
21 66.3272
22 61.1819
23 61.6375
24 76.9908
25 75.7329
26 83.2876
27 82.2077
28 73.8535
29 76.601
30 71.4887
31 67.4057
32 62.1977
33 65.0698
34 65.6459
35 65.5098
36 79.0969
37 79.0022
38 74.3236
39 72.0681
40 79.3349
41 85.3637
42 77.7443
43 78.5417
44 91.1197
45 90.638
46 106.8553
47 102.8615
48 120.5991
49 135.5341
50 136.0257
51 118.2133
52 122.2327
53 121.5973
54 127.7706
55 130.1961
56 128.2837
57 146.2583
58 162.0171
59 170.2006
60 196.8924
61 237.2346
62 248.813
63 261.1524
64 276.3189
65 321.4635
66 336.6183
67 366.2867
68 387.2456
69 438.0361
70 445.4622
71 500.2
72 528.7781
73 583.2059
74 636.4761
75 713.9154
76 779.1732
77 818.9488
78 832.5304
79 851.0969
80 948.0517
81 1014.69
82 1114.8722
83 1193.3259
84 1254.5347
85 1418.162
86 1420.3827
87 1508.3447
88 1631.3285
89 1675.7255
