-90 1860.7526
-89 1802.6357
-88 1820.4171
-87 1845.7577
-86 1782.1628
-85 1765.535
-84 1768.9175
-83 1869.2959
-82 1809.944
-81 1775.741
-80 1749.4319
-79 1712.8361
-78 1675.4745
-77 1644.705
-76 1618.0443
-75 1615.97
-74 1503.4297
-73 1420.9095
-72 1381.8464
-71 1280.2114
-70 1184.8219
-69 1115.1448
-68 1061.5879
-67 1055.7986
-66 976.0083
-65 879.1705
-64 798.2678
-63 698.1416
-62 641.6883
-61 602.0757
-60 523.4378
-59 471.3973
-58 434.6053
-57 390.8109
-56 344.9706
-55 313.5587
-54 301.0558
-53 260.4234
-52 258.9125
-51 233.5094
-50 213.3406
-49 186.952
-48 177.8196
-47 177.4557
-46 167.866
-45 143.6712
-44 131.0888
-43 128.0847
-42 120.8386
-41 108.1033
-40 88.2562
-39 79.6318
-38 71.7948
-37 78.1839
-36 69.1754
-35 52.938
-34 67.8216
-33 51.9866
-32 58.0468
-31 57.662
-30 63.7378
-29 52.9588
-28 66.0818
-27 55.819
-26 53.6408
-25 45.6627
-24 45.4946
-23 43.3766
-22 45.1888
-21 49.0293
-20 48.0478
-19 57.4024
-18 53.4567
-17 58.4652
-16 54.132
-15 56.8989
-14 57.4086
-13 65.0496
-12 52.5453
-11 59.9184
-10 59.7083
-9 60.8244
-8 66.3638
-7 59.4789
-6 46.3331
-5 59.4277
-4 66.6286
-3 60.7203
-2 62.4528
-1 65.93
0 74.6524
1 80.8755
2 72.1735
3 70.1735
4 72.1495
5 74.4132
6 75.6484
7 71.345
8 74.0954
9 87.2305
10 82.8802
11 89.2159
12 79.1479
13 85.1415
14 93.0607
15 102.6555
16 92.2715
17 104.822
18 127.8907
19 109.7704
20 139.8111
21 137.3171
22 171.2789
23 170.5683
24 173.8948
25 184.0211
26 202.8423
27 211.1269
28 209.523
29 231.1706
30 261.9588
31 270.9387
32 308.3372
33 351.5879
34 387.0593
35 429.5823
36 418.6969
37 434.9572
38 498.6286
39 530.5088
40 574.236
41 612.0032
42 681.1135
43 718.1391
44 757.6409
45 807.438
46 858.2626
47 946.1555
48 1010.0867
49 1123.3196
50 1197.8192
51 1208.5126
52 1238.5299
53 1236.089
54 1266.8694
55 1308.2653
56 1423.5685
57 1440.8577
58 1549.9211
59 1660.2466
60 1686.9879
61 1755.9615
62 1979.088
63 2022.8236
64 2065.2727
65 2099.5081
66 2086.1689
67 2055.731
68 2129.3054
69 2168.1072
70 2143.8523
71 2130.8445
72 2161.7444
73 2131.9966
74 2057.3525
75 2115.3379
76 2176.5149
77 2149.5088
78 2085.4004
79 2034.4891
80 1983.8246
81 2040.0471
82 2072.272
83 2038.9973
84 2023.2578
85 1968.3413
86 1941.3901
87 1942.7246
88 1961.9203
89 1892.6056
