-90 1989.8125
-89 1934.5388
-88 1935.0459
-87 1892.9064
-86 1867.8994
-85 1790.5513
-84 1776.394
-83 1801.6931
-82 1841.8376
-81 1721.6921
-80 1651.3972
-79 1652.2601
-78 1550.8771
-77 1474.6003
-76 1409.3015
-75 1362.4783
-74 1357.6609
-73 1233.1056
-72 1183.9205
-71 1111.9149
-70 1057.3181
-69 997.8822
-68 965.5917
-67 1014.7125
-66 922.904
-65 833.3768
-64 738.401
-63 647.3381
-62 576.1445
-61 530.6038
-60 461.065
-59 429.1864
-58 434.8134
-57 372.1191
-56 327.6011
-55 313.154
-54 297.7208
-53 253.078
-52 225.1067
-51 206.0442
-50 183.3618
-49 163.0284
-48 152.4986
-47 160.4608
-46 151.4554
-45 130.7865
-44 127.8551
-43 92.0163
-42 102.5298
-41 108.5714
-40 106.9795
-39 99.31
-38 78.2108
-37 69.376
-36 78.5144
-35 70.3856
-34 57.9914
-33 60.3038
-32 62.892
-31 66.6646
-30 59.8377
-29 54.1209
-28 46.4299
-27 44.8958
-26 54.2642
-25 47.1921
-24 50.6023
-23 48.6656
-22 47.1808
-21 52.0215
-20 45.2951
-19 43.1683
-18 44.8529
-17 49.6369
-16 47.6525
-15 55.4217
-14 51.7032
-13 40.7238
-12 39.8834
-11 29.2807
-10 39.1823
-9 39.9495
-8 35.7183
-7 39.3375
-6 33.5392
-5 32.2679
-4 36.8767
-3 40.2
-2 42.8414
-1 38.2235
0 38.0107
1 35.2274
2 37.1583
3 37.6373
4 41.1404
5 43.3423
6 40.1426
7 30.4285
8 39.2593
9 33.7648
10 36.7961
11 43.4549
12 44.4833
13 44.0487
14 31.3727
15 43.4272
16 44.8061
17 44.8468
18 54.0598
19 62.5883
20 64.0586
21 80.5518
22 87.2123
23 88.5526
24 88.9351
25 87.0141
26 109.6036
27 129.9197
28 135.7239
29 135.8939
30 143.4382
31 150.6814
32 172.5265
33 177.6936
34 181.0056
35 191.5508
36 220.597
37 222.1745
38 223.1114
39 249.8994
40 262.5679
41 280.648
42 279.863
43 292.7304
44 329.5825
45 387.8293
46 420.3096
47 446.3348
48 481.9093
49 544.6931
50 617.8907
51 651.1721
52 656.6392
53 700.8945
54 731.488
55 763.3559
56 838.6757
57 876.0751
58 883.0813
59 961.6068
60 1050.7524
61 1103.6393
62 1175.0905
63 1249.7163
64 1383.6611
65 1374.6566
66 1514.5829
67 1552.3052
68 1532.0715
69 1546.1522
70 1615.593
71 1635.6937
72 1635.4365
73 1637.9573
74 1765.5103
75 1816.5427
76 1911.1
77 1927.921
78 2053.47
79 2062.1797
80 2109.741
81 2231.759
82 2137.3354
83 2159.241
84 2084.8857
85 2016.1777
86 1996.1294
87 2094.4233
88 2117.834
89 2083.1411
