-90 1586.7185
-89 1620.855
-88 1693.9679
-87 1659.3605
-86 1670.1503
-85 1651.8367
-84 1624.6989
-83 1603.2699
-82 1605.0667
-81 1656.9634
-80 1579.7089
-79 1553.6655
-78 1511.349
-77 1494.1313
-76 1396.1477
-75 1332.3218
-74 1307.1047
-73 1220.4059
-72 1217.6968
-71 1169.4611
-70 1130.3579
-69 1094.8517
-68 962.6082
-67 922.2149
-66 938.0462
-65 864.0975
-64 847.9574
-63 835.7534
-62 777.979
-61 718.0946
-60 665.1038
-59 685.2371
-58 642.0334
-57 642.7393
-56 612.491
-55 564.332
-54 486.6273
-53 430.8903
-52 395.8703
-51 385.4854
-50 335.7679
-49 307.9475
-48 299.7739
-47 239.9881
-46 220.4109
-45 223.9652
-44 215.0363
-43 216.812
-42 200.2397
-41 179.2328
-40 155.005
-39 158.1658
-38 133.3619
-37 142.376
-36 141.7919
-35 127.511
-34 113.0954
-33 104.1652
-32 88.3417
-31 86.8316
-30 85.3077
-29 90.1797
-28 93.4593
-27 70.6802
-26 59.0903
-25 58.0086
-24 66.2
-23 55.4987
-22 54.1096
-21 51.3214
-20 54.3596
-19 47.4771
-18 35.0512
-17 30.3644
-16 36.3533
-15 38.3722
-14 35.3032
-13 36.3092
-12 37.8942
-11 36.079
-10 43.0032
-9 50.3972
-8 43.3987
-7 31.3908
-6 28.5788
-5 31.9594
-4 37.7251
-3 31.4734
-2 26.7658
-1 24.9015
0 28.0914
1 33.5409
2 27.7254
3 33.667
4 31.6005
5 32.5542
6 34.8935
7 31.0832
8 27.1501
9 28.8641
10 28.3936
11 25.2051
12 32.3779
13 39.5598
14 30.759
15 27.9197
16 39.2551
17 35.3493
18 30.8385
19 42.1573
20 36.8202
21 48.0556
22 49.7985
23 45.5979
24 48.8048
25 54.4094
26 72.9509
27 67.0948
28 68.9108
29 76.319
30 78.6759
31 74.5342
32 88.013
33 101.6944
34 103.1667
35 95.8515
36 108.3219
37 111.4853
38 106.7107
39 135.8217
40 156.9658
41 152.1434
42 172.2219
43 173.6462
44 198.6182
45 218.4091
46 245.1887
47 280.8583
48 317.8255
49 368.0284
50 418.7509
51 436.9478
52 477.0475
53 543.2726
54 597.0768
55 656.1372
56 691.9287
57 788.6333
58 799.5648
59 841.4713
60 885.7589
61 953.1072
62 1032.8839
63 1082.1357
64 1163.6636
65 1260.8109
66 1298.427
67 1319.9407
68 1310.6141
69 1442.775
70 1544.0187
71 1557.3939
72 1531.4816
73 1508.0394
74 1443.5862
75 1492.1659
76 1517.5204
77 1508.9391
78 1524.2201
79 1491.1857
80 1501.4606
81 1553.0955
82 1602.8469
83 1572.207
84 1543.8204
85 1607.6847
86 1653.0638
87 1648.634
88 1566.2074
89 1623.4677
