-90 1719.2821
-89 1624.0803
-88 1525.1862
-87 1412.63
-86 1376.9722
-85 1293.269
-84 1215.474
-83 1152.1931
-82 1095.4106
-81 985.4251
-80 914.7843
-79 860.157
-78 738.5124
-77 668.1348
-76 641.3252
-75 626.7503
-74 587.6676
-73 549.795
-72 520.0946
-71 483.1529
-70 458.5569
-69 392.7689
-68 344.6577
-67 317.4683
-66 311.9024
-65 271.5048
-64 253.6619
-63 239.9683
-62 226.7837
-61 213.7134
-60 207.4367
-59 172.9508
-58 152.5604
-57 153.9471
-56 133.8868
-55 126.6362
-54 122.8751
-53 114.7423
-52 96.8763
-51 112.239
-50 108.9416
-49 94.9848
-48 86.2954
-47 81.2128
-46 73.0306
-45 67.6877
-44 51.3811
-43 44.0952
-42 46.8666
-41 51.7072
-40 42.9525
-39 42.1151
-38 43.3278
-37 42.3379
-36 33.2614
-35 28.0354
-34 30.7785
-33 28.0139
-32 27.9998
-31 19.1578
-30 22.4096
-29 24.6096
-28 25.5646
-27 29.3419
-26 23.3869
-25 19.877
-24 24.4194
-23 23.9238
-22 20.8378
-21 11.6244
-20 15.954
-19 22.1169
-18 22.8284
-17 23.1338
-16 21.5206
-15 25.3885
-14 30.652
-13 22.2824
-12 19.9502
-11 23.0162
-10 20.2671
-9 26.8597
-8 18.9269
-7 16.9071
-6 26.0475
-5 24.7509
-4 21.4093
-3 22.0493
-2 28.3816
-1 25.5356
0 27.0191
1 29.8492
2 28.3506
3 28.7313
4 28.1013
5 27.2847
6 28.5152
7 33.0733
8 25.4549
9 28.3418
10 27.2763
11 30.9329
12 31.7879
13 24.3253
14 27.2619
15 28.9752
16 31.9896
17 38.8469
18 36.995
19 34.854
20 29.0436
21 37.347
22 41.3876
23 58.5438
24 49.8615
25 62.284
26 70.534
27 86.0576
28 90.0741
29 90.8735
30 98.6779
31 96.6865
32 122.9246
33 130.8619
34 142.6655
35 148.6054
36 172.7606
37 187.6146
38 207.3814
39 211.1113
40 234.9709
41 249.1038
42 271.9914
43 285.5084
44 316.3022
45 340.8841
46 376.1431
47 396.1373
48 451.6587
49 484.8193
50 552.4075
51 656.0732
52 674.8116
53 737.0062
54 825.057
55 874.7973
56 933.4109
57 1000.7307
58 1071.0519
59 1104.4324
60 1145.6205
61 1196.5796
62 1270.4537
63 1429.2072
64 1597.0243
65 1654.9968
66 1797.0309
67 1764.6713
68 1874.9531
69 1947.7495
70 2040.1261
71 2024.2117
72 2057.8286
73 2070.0068
74 2157.1885
75 2155.4688
76 2177.3574
77 2208.2791
78 2144.917
79 2172.6809
80 2094.8694
81 2088.7129
82 2094.6531
83 2057.6155
84 2043.505
85 1993.5991
86 2019.1127
87 1985.4541
88 1945.4852
89 1799.7678
