-90 869.5876
-89 854.866
-88 800.6956
-87 793.3525
-86 776.6307
-85 795.6356
-84 777.9778
-83 857.6162
-82 876.6124
-81 835.7855
-80 788.729
-79 766.9933
-78 744.8233
-77 831.0903
-76 867.4626
-75 929.33
-74 929.6562
-73 922.8973
-72 908.4133
-71 895.2429
-70 858.2536
-69 868.9459
-68 873.8176
-67 805.8433
-66 843.0287
-65 901.971
-64 883.5623
-63 843.7388
-62 863.9064
-61 905.3887
-60 841.8755
-59 820.2068
-58 810.4452
-57 790.8132
-56 746.7769
-55 695.2814
-54 699.3251
-53 674.8248
-52 649.8008
-51 665.6213
-50 589.9894
-49 563.5862
-48 562.5082
-47 536.153
-46 549.9965
-45 517.2462
-44 465.1247
-43 431.2574
-42 456.8947
-41 425.8837
-40 397.9871
-39 367.7727
-38 345.692
-37 312.3682
-36 317.8408
-35 309.318
-34 308.2351
-33 282.5773
-32 258.8666
-31 232.8958
-30 220.4777
-29 207.6438
-28 190.703
-27 204.5891
-26 201.7191
-25 206.7344
-24 195.3278
-23 172.9051
-22 204.3509
-21 203.8698
-20 186.0444
-19 167.4169
-18 167.0543
-17 170.6502
-16 170.8847
-15 157.0328
-14 158.1907
-13 137.0601
-12 150.0069
-11 142.6861
-10 162.1154
-9 153.9911
-8 143.8772
-7 144.0051
-6 149.0925
-5 159.215
-4 140.0269
-3 155.0278
-2 148.9308
-1 134.3733
0 142.6601
1 143.6275
2 147.3952
3 138.9019
4 135.4129
5 130.7168
6 117.569
7 105.1651
8 116.005
9 124.0451
10 126.2147
11 114.3295
12 135.6341
13 168.4168
14 149.657
15 140.2801
16 154.0278
17 149.3696
18 150.6071
19 159.534
20 168.8045
21 179.3811
22 190.4963
23 190.7491
24 198.5657
25 187.0601
26 178.1956
27 209.0587
28 197.262
29 212.8781
30 232.952
31 220.5347
32 239.1572
33 286.1776
34 297.6146
35 299.456
36 294.3202
37 310.1404
38 355.7262
39 387.3112
40 404.9626
41 449.5197
42 437.3791
43 469.0672
44 488.2281
45 534.1154
46 566.3619
47 597.903
48 599.8762
49 636.3098
50 705.9536
51 749.0523
52 767.0939
53 758.9845
54 783.9422
55 837.5448
56 834.2905
57 824.9276
58 868.2733
59 880.0355
60 912.4819
61 929.1667
62 924.5214
63 930.0359
64 971.676
65 992.6473
66 993.174
67 1020.7817
68 1010.465
69 1036.1874
70 997.4027
71 959.5326
72 1022.5165
73 1026.6252
74 985.4543
75 1011.4241
76 943.3154
77 935.6231
78 870.4141
79 819.3533
80 817.7038
81 836.6564
82 796.3686
83 845.3721
84 834.8417
85 772.2003
86 786.8073
87 791.7695
88 787.027
89 838.7884
