-90 1607.1066
-89 1600.9778
-88 1602.2234
-87 1536.6082
-86 1480.3567
-85 1444.772
-84 1325.3513
-83 1221.6564
-82 1285.9336
-81 1221.785
-80 1108.2155
-79 1150.1702
-78 1138.7269
-77 1023.0493
-76 961.4442
-75 955.9285
-74 925.9777
-73 928.2866
-72 828.8281
-71 767.5201
-70 713.884
-69 654.2386
-68 631.5887
-67 581.1956
-66 540.1021
-65 511.1117
-64 454.9958
-63 444.0478
-62 420.8416
-61 381.9184
-60 352.5734
-59 334.5676
-58 324.9907
-57 277.6049
-56 268.0096
-55 242.5064
-54 271.3976
-53 250.4257
-52 237.1582
-51 226.9395
-50 215.7823
-49 194.1354
-48 175.7075
-47 156.186
-46 151.9275
-45 147.3054
-44 157.2377
-43 157.2079
-42 163.5813
-41 125.0371
-40 137.9931
-39 136.9042
-38 140.8745
-37 119.204
-36 118.3261
-35 124.6794
-34 101.8542
-33 106.3742
-32 124.4969
-31 121.5547
-30 113.9996
-29 107.3373
-28 114.1173
-27 106.4612
-26 120.1507
-25 102.9337
-24 112.4157
-23 103.8446
-22 101.7702
-21 105.3161
-20 107.8706
-19 124.5848
-18 107.5612
-17 104.9581
-16 107.1756
-15 92.1025
-14 107.5869
-13 111.4351
-12 104.2977
-11 89.1441
-10 95.1353
-9 101.9504
-8 103.8559
-7 109.657
-6 95.4873
-5 110.1108
-4 95.9485
-3 119.108
-2 129.2668
-1 117.0153
0 113.3764
1 126.8198
2 127.4605
3 136.3689
4 134.0036
5 129.8015
6 122.4141
7 126.628
8 121.9349
9 123.0795
10 126.2451
11 127.1125
12 123.1697
13 126.142
14 155.1559
15 130.6398
16 130.3226
17 127.8922
18 112.3733
19 110.9762
20 122.745
21 113.9603
22 118.664
23 110.2929
24 128.0185
25 120.53
26 132.7822
27 136.1379
28 135.1875
29 149.2955
30 152.5342
31 139.3905
32 160.0011
33 159.2077
34 158.2473
35 164.8132
36 161.5403
37 185.8508
38 194.0531
39 185.2129
40 191.3889
41 222.8403
42 234.2416
43 254.7087
44 299.4584
45 305.1301
46 311.0245
47 351.9229
48 345.4632
49 338.4168
50 372.261
51 428.6737
52 505.4534
53 536.6716
54 549.6235
55 585.472
56 648.1503
57 629.9925
58 712.9594
59 756.5059
60 774.8715
61 832.1032
62 848.7453
63 839.1735
64 910.7158
65 962.6469
66 1020.0338
67 1102.9086
68 1091.2426
69 1149.7444
70 1223.282
71 1191.3669
72 1288.4091
73 1322.0873
74 1299.7001
75 1316.2686
76 1340.5762
77 1357.8993
78 1362.7821
79 1413.4811
80 1371.2335
81 1434.2968
82 1536.0974
83 1528.4915
84 1466.3605
85 1571.4041
86 1604.9517
87 1616.0662
88 1638.4968
89 1599.0236
