-90 1772.6409
-89 1880.533
-88 1998.7404
-87 1983.104
-86 1974.7678
-85 1982.1516
-84 1886.7971
-83 1875.8295
-82 1969.7797
-81 1944.7162
-80 1884.3136
-79 1893.5319
-78 1902.2153
-77 1889.5068
-76 1846.9557
-75 1737.5964
-74 1690.4015
-73 1678.4656
-72 1680.4833
-71 1566.1351
-70 1511.4423
-69 1486.4164
-68 1420.6078
-67 1415.9016
-66 1385.7888
-65 1287.7227
-64 1241.496
-63 1211.0732
-62 1129.3284
-61 1099.2766
-60 1039.6536
-59 992.6626
-58 912.5573
-57 845.9101
-56 838.6521
-55 767.0446
-54 720.9091
-53 688.6288
-52 697.4942
-51 654.0375
-50 623.1366
-49 607.6738
-48 600.9429
-47 568.8912
-46 536.9064
-45 473.4651
-44 416.4265
-43 369.8751
-42 314.6937
-41 329.0388
-40 325.1729
-39 298.5404
-38 257.7354
-37 217.9994
-36 222.9203
-35 219.2064
-34 212.5183
-33 200.2939
-32 194.5581
-31 200.4323
-30 183.9786
-29 162.8664
-28 175.5771
-27 169.4548
-26 172.8312
-25 158.4159
-24 166.282
-23 158.4579
-22 124.3018
-21 120.0009
-20 118.3393
-19 126.7291
-18 135.6958
-17 132.5508
-16 129.0736
-15 138.8268
-14 127.7434
-13 125.0699
-12 116.8664
-11 109.7027
-10 105.552
-9 102.6736
-8 109.8316
-7 108.3205
-6 120.6124
-5 118.6112
-4 128.3056
-3 114.0362
-2 117.0909
-1 126.6789
0 136.0908
1 122.3245
2 110.1499
3 92.712
4 87.9783
5 89.7619
6 81.9038
7 85.3053
8 72.6673
9 75.0363
10 77.9523
11 81.0678
12 81.6325
13 71.033
14 85.625
15 75.2839
16 71.4929
17 73.6334
18 96.1585
19 78.2287
20 74.49
21 74.5358
22 76.1225
23 85.094
24 84.8352
25 85.7951
26 89.0893
27 89.4904
28 99.0603
29 98.6866
30 82.5706
31 98.4779
32 92.5246
33 108.46
34 116.9789
35 114.8681
36 109.1229
37 118.0479
38 131.7442
39 131.6705
40 137.5596
41 127.8796
42 124.6253
43 132.3422
44 150.6489
45 178.8571
46 173.563
47 174.7446
48 172.5524
49 175.6103
50 176.684
51 183.1491
52 217.7649
53 220.7271
54 274.19
55 286.5524
56 337.3485
57 356.5427
58 356.9423
59 392.7723
60 417.8229
61 473.8016
62 513.6118
63 552.0032
64 584.6893
65 591.4425
66 642.4031
67 714.0137
68 778.55
69 775.5045
70 806.8068
71 915.9349
72 957.0165
73 1014.0626
74 1002.076
75 1073.0109
76 1118.8586
77 1159.0256
78 1229.7426
79 1310.1917
80 1378.0522
81 1498.5052
82 1599.7783
83 1663.551
84 1652.7726
85 1673.5255
86 1702.5336
87 1773.3347
88 1679.3842
89 1705.0543
