-90 573.5555
-89 544.2079
-88 561.7832
-87 549.2009
-86 562.0831
-85 548.1103
-84 562.2527
-83 503.4647
-82 509.3368
-81 507.1778
-80 510.4917
-79 516.3994
-78 528.4788
-77 569.4794
-76 567.9399
-75 538.7443
-74 530.5419
-73 525.381
-72 555.7144
-71 541.416
-70 516.6439
-69 530.8582
-68 527.0165
-67 513.2822
-66 471.8194
-65 481.5924
-64 456.927
-63 395.6956
-62 401.8547
-61 380.8657
-60 377.9121
-59 377.9636
-58 361.7004
-57 349.2995
-56 334.6677
-55 317.735
-54 302.7878
-53 308.7325
-52 319.9429
-51 310.0341
-50 292.9446
-49 284.2417
-48 267.8543
-47 253.7532
-46 242.7527
-45 235.2987
-44 241.2991
-43 228.829
-42 206.9452
-41 219.7654
-40 209.6551
-39 193.7693
-38 182.3734
-37 161.0136
-36 154.2505
-35 137.8597
-34 143.7051
-33 149.9196
-32 147.1381
-31 152.4638
-30 149.1152
-29 134.2077
-28 130.1465
-27 143.4088
-26 137.8181
-25 139.3531
-24 137.4695
-23 134.8676
-22 137.3499
-21 133.5093
-20 132.0029
-19 140.0158
-18 154.7103
-17 159.8553
-16 171.7354
-15 149.4588
-14 135.4583
-13 137.8856
-12 143.9415
-11 137.0727
-10 116.9217
-9 109.8092
-8 117.4208
-7 121.5729
-6 119.6807
-5 112.5731
-4 128.2655
-3 122.0875
-2 143.3595
-1 142.8745
0 148.5791
1 156.1781
2 147.5931
3 152.0015
4 144.7675
5 141.114
6 138.3274
7 137.0396
8 122.3737
9 119.4733
10 122.2133
11 132.5517
12 139.2788
13 145.065
14 158.3993
15 156.4477
16 142.6255
17 154.0956
18 161.7121
19 146.3851
20 157.0693
21 163.8255
22 170.0828
23 156.9521
24 160.3388
25 135.8257
26 130.6251
27 142.8877
28 150.5189
29 134.6854
30 135.7767
31 150.148
32 161.8078
33 160.3427
34 134.3874
35 144.4591
36 159.0615
37 180.1696
38 170.7728
39 150.4094
40 165.4328
41 166.9473
42 180.2541
43 200.8319
44 218.9062
45 219.0401
46 236.9638
47 260.3384
48 268.4428
49 271.3456
50 329.7673
51 369.9617
52 376.1593
53 379.2576
54 405.3347
55 431.7831
56 451.6347
57 469.8797
58 485.5448
59 469.6729
60 462.3173
61 485.9924
62 534.6724
63 555.6912
64 583.0784
65 596.7226
66 609.5612
67 580.5887
68 596.348
69 537.2782
70 571.6671
71 552.9449
72 543.2792
73 569.9132
74 616.6535
75 602.9044
76 587.0666
77 546.4516
78 567.5222
79 588.3212
80 594.1847
81 592.52
82 552.6238
83 542.2817
84 552.9893
85 536.8795
86 495.093
87 557.3036
88 533.957
89 516.4061
