-90 681.2985
-89 712.3981
-88 743.1536
-87 781.7961
-86 767.0316
-85 773.7508
-84 787.1776
-83 786.1268
-82 734.1281
-81 762.4886
-80 770.4232
-79 784.1693
-78 778.8704
-77 727.1617
-76 725.6041
-75 675.8949
-74 665.644
-73 642.2545
-72 618.2989
-71 621.6707
-70 631.4078
-69 523.0104
-68 526.9865
-67 566.9966
-66 572.3705
-65 573.6556
-64 538.7114
-63 548.674
-62 523.741
-61 469.364
-60 415.9267
-59 425.623
-58 404.1728
-57 358.2021
-56 340.5229
-55 336.5837
-54 334.9507
-53 316.9148
-52 312.4655
-51 279.0693
-50 266.78
-49 268.355
-48 309.9902
-47 313.1756
-46 297.0408
-45 324.3575
-44 319.5438
-43 279.9106
-42 275.5097
-41 271.2213
-40 258.6911
-39 260.476
-38 290.5102
-37 249.7283
-36 255.1292
-35 246.4799
-34 238.3792
-33 223.2635
-32 248.7349
-31 247.0136
-30 233.7818
-29 223.5426
-28 216.865
-27 219.1819
-26 221.2682
-25 236.6391
-24 239.6283
-23 262.5964
-22 253.7718
-21 243.5657
-20 263.5146
-19 266.1912
-18 254.6877
-17 215.7908
-16 238.369
-15 249.5397
-14 242.7881
-13 268.2661
-12 270.5804
-11 269.227
-10 289.3572
-9 255.8654
-8 263.9515
-7 267.0409
-6 254.7441
-5 258.9128
-4 266.4375
-3 291.3889
-2 291.8651
-1 298.239
0 324.4143
1 341.7412
2 341.2227
3 367.9477
4 361.6757
5 344.3653
6 338.0167
7 372.7722
8 388.3358
9 383.0432
10 366.4993
11 410.64
12 437.0205
13 452.148
14 450.8336
15 488.3434
16 507.3694
17 504.5536
18 523.7126
19 520.7401
20 553.9457
21 533.3271
22 504.33
23 504.4517
24 544.8899
25 571.1185
26 550.8178
27 572.1899
28 593.0151
29 609.9319
30 646.5225
31 667.2916
32 663.2225
33 684.8271
34 673.8489
35 670.5178
36 670.6064
37 694.5559
38 720.3643
39 701.6005
40 706.3442
41 684.4676
42 679.4744
43 643.5415
44 678.6949
45 683.338
46 690.0665
47 718.1525
48 706.1709
49 707.3253
50 698.326
51 750.2616
52 754.4736
53 775.9243
54 789.2201
55 738.0721
56 729.6572
57 727.5488
58 741.0366
59 746.9321
60 814.3234
61 817.9426
62 771.6832
63 761.946
64 771.2634
65 753.2223
66 761.0482
67 722.1503
68 693.9133
69 696.8237
70 689.7703
71 690.2573
72 722.2924
73 699.8247
74 708.1089
75 742.2424
76 700.9088
77 710.0558
78 723.3711
79 709.8682
80 732.7223
81 681.8062
82 706.166
83 714.3757
84 714.2501
85 673.9318
86 657.9675
87 669.1714
88 676.6738
89 687.7899
