-90 1584.8644
-89 1535.5588
-88 1449.6746
-87 1390.6173
-86 1391.2152
-85 1350.2595
-84 1330.0364
-83 1252.5061
-82 1218.0338
-81 1204.6132
-80 1164.6713
-79 1130.8973
-78 1062.4479
-77 1041.3553
-76 1019.4515
-75 1001.7053
-74 1026.4865
-73 983.939
-72 934.8677
-71 919.8885
-70 924.6289
-69 892.7547
-68 854.935
-67 865.6026
-66 883.7459
-65 886.1893
-64 813.0792
-63 806.4165
-62 813.2385
-61 761.0999
-60 765.7808
-59 762.4728
-58 759.7692
-57 741.3804
-56 735.8698
-55 746.4667
-54 676.722
-53 691.8826
-52 690.973
-51 648.91
-50 630.8601
-49 597.541
-48 584.3361
-47 552.8644
-46 531.8626
-45 519.656
-44 509.7697
-43 495.9227
-42 486.3542
-41 513.1622
-40 524.4953
-39 495.1736
-38 459.4898
-37 416.1487
-36 442.0996
-35 440.3695
-34 439.2954
-33 409.5336
-32 374.4256
-31 375.0232
-30 375.1727
-29 371.1759
-28 397.2859
-27 406.321
-26 397.1134
-25 393.0689
-24 355.9784
-23 361.5522
-22 350.1414
-21 338.9622
-20 348.4779
-19 341.5433
-18 343.1223
-17 361.4687
-16 342.5564
-15 322.081
-14 333.8514
-13 357.6848
-12 331.1779
-11 340.2586
-10 361.4692
-9 356.7274
-8 352.4747
-7 334.745
-6 321.873
-5 340.4356
-4 310.5601
-3 297.7776
-2 308.5338
-1 312.3587
0 323.6354
1 343.0565
2 309.4771
3 322.8101
4 359.4403
5 340.7489
6 296.4982
7 310.1381
8 305.2915
9 281.244
10 291.6466
11 303.9339
12 301.8647
13 287.7433
14 311.6274
15 319.6996
16 306.0797
17 310.1232
18 302.2843
19 344.633
20 306.8354
21 314.9594
22 285.0421
23 304.0487
24 288.2303
25 289.3474
26 299.2217
27 321.5596
28 323.3801
29 327.3928
30 321.0905
31 312.1875
32 321.5668
33 341.913
34 326.4671
35 327.8011
36 305.8119
37 350.9364
38 349.8309
39 349.1475
40 375.4615
41 393.9709
42 395.3414
43 417.5312
44 414.7734
45 422.6745
46 462.4424
47 510.355
48 531.0887
49 564.2951
50 554.3071
51 595.5007
52 654.3483
53 666.5777
54 716.7247
55 789.0676
56 864.4058
57 908.5869
58 946.0225
59 927.4604
60 919.1028
61 953.4875
62 1025.4615
63 1091.157
64 1043.9525
65 1100.6422
66 1169.1459
67 1148.0148
68 1212.5964
69 1251.1012
70 1311.4467
71 1410.9467
72 1490.5444
73 1538.8444
74 1504.965
75 1573.9238
76 1652.8655
77 1648.0515
78 1626.8809
79 1624.8309
80 1670.047
81 1722.8389
82 1693.0442
83 1606.9962
84 1696.2146
85 1729.2736
86 1730.5569
87 1782.783
88 1709.894
89 1606.04
