-90 562.8069
-89 555.4064
-88 517.6843
-87 481.2428
-86 493.4976
-85 515.8821
-84 528.9106
-83 531.666
-82 525.1947
-81 538.238
-80 540.4969
-79 490.302
-78 465.6056
-77 449.994
-76 429.5825
-75 433.7341
-74 431.6581
-73 426.8625
-72 409.8822
-71 377.2712
-70 378.3336
-69 361.8291
-68 342.2244
-67 333.03
-66 314.5675
-65 281.2087
-64 257.5789
-63 234.1066
-62 229.7225
-61 228.2153
-60 210.8501
-59 184.5519
-58 186.9328
-57 194.5517
-56 179.3779
-55 173.3206
-54 183.628
-53 153.3025
-52 139.8051
-51 150.8513
-50 129.2481
-49 120.289
-48 101.3871
-47 114.8664
-46 123.9803
-45 133.0531
-44 138.4635
-43 131.1681
-42 139.6254
-41 138.8333
-40 154.6879
-39 123.4753
-38 113.2935
-37 128.0227
-36 117.9892
-35 114.241
-34 115.6096
-33 116.2506
-32 134.4234
-31 106.2675
-30 117.5204
-29 114.5709
-28 120.245
-27 121.7402
-26 137.5504
-25 146.0087
-24 130.807
-23 119.1488
-22 105.6627
-21 121.3655
-20 106.1687
-19 117.6882
-18 108.015
-17 100.6208
-16 112.6687
-15 114.2314
-14 104.3902
-13 108.8193
-12 127.8112
-11 120.5513
-10 134.7925
-9 136.6358
-8 139.4987
-7 153.7081
-6 152.8102
-5 148.0032
-4 142.9806
-3 145.2986
-2 145.2366
-1 135.2169
0 137.2235
1 129.5469
2 149.8004
3 165.5628
4 128.5829
5 128.4172
6 140.445
7 135.327
8 150.7933
9 159.829
10 175.4323
11 147.951
12 193.3761
13 195.765
14 199.5123
15 227.121
16 254.6566
17 249.9612
18 253.1543
19 240.7105
20 260.859
21 256.4874
22 256.9809
23 280.2615
24 263.9179
25 305.1312
26 312.2388
27 293.8456
28 302.476
29 315.8459
30 304.9919
31 308.5966
32 293.8299
33 281.1197
34 286.4402
35 267.9805
36 287.8467
37 290.3522
38 292.5396
39 308.0334
40 330.1501
41 341.2212
42 339.0843
43 349.8862
44 371.2583
45 374.806
46 376.2223
47 370.3056
48 332.4516
49 345.2498
50 376.138
51 357.2584
52 367.5684
53 406.6082
54 428.3052
55 449.9832
56 457.0154
57 439.0616
58 424.4641
59 453.549
60 416.2723
61 420.5276
62 458.4453
63 475.5243
64 456.4742
65 471.6863
66 482.7004
67 483.8591
68 460.6725
69 462.4683
70 504.1142
71 504.4305
72 519.3258
73 518.6093
74 533.419
75 533.5866
76 533.9348
77 561.0035
78 594.3841
79 591.6052
80 557.4938
81 566.6392
82 561.8851
83 549.2142
84 527.7214
85 550.3082
86 530.6951
87 547.2245
88 565.7405
89 583.3272
