-90 1463.1176
-89 1424.9666
-88 1426.5845
-87 1380.5596
-86 1351.7328
-85 1400.3704
-84 1416.2604
-83 1419.6387
-82 1444.8494
-81 1364.7825
-80 1382.6626
-79 1361.7041
-78 1348.3324
-77 1308.4619
-76 1292.4286
-75 1206.8358
-74 1200.8217
-73 1167.8208
-72 1177.7008
-71 1110.4283
-70 1113.8853
-69 1131.9756
-68 1162.8557
-67 1130.0017
-66 1136.4434
-65 1136.7509
-64 1135.463
-63 1083.1147
-62 1050.6166
-61 984.0261
-60 979.587
-59 939.6291
-58 891.3127
-57 827.8499
-56 826.8928
-55 780.9692
-54 778.2195
-53 728.8118
-52 687.244
-51 706.3925
-50 627.7181
-49 582.3593
-48 528.4429
-47 519.0694
-46 500.7371
-45 445.0778
-44 451.1358
-43 426.5509
-42 452.4267
-41 446.7484
-40 429.4423
-39 439.2767
-38 404.4169
-37 383.6555
-36 381.789
-35 355.5282
-34 350.2626
-33 383.0094
-32 369.1535
-31 376.5005
-30 358.7652
-29 341.1856
-28 302.8869
-27 326.3763
-26 308.9158
-25 339.5161
-24 329.9245
-23 306.1272
-22 302.9121
-21 294.5428
-20 349.269
-19 332.3564
-18 311.5585
-17 296.5596
-16 317.6079
-15 323.9371
-14 306.9026
-13 297.0837
-12 307.5703
-11 324.3379
-10 340.9227
-9 318.0318
-8 281.0218
-7 286.3409
-6 285.9159
-5 293.2822
-4 300.3366
-3 294.5788
-2 298.4587
-1 304.545
0 334.7654
1 331.1022
2 317.8078
3 322.1893
4 335.8338
5 332.1307
6 346.5793
7 381.4507
8 375.8191
9 398.0623
10 373.2145
11 371.3055
12 326.4139
13 309.9689
14 306.9365
15 316.3651
16 326.4887
17 319.8635
18 306.9466
19 313.3759
20 300.9855
21 301.9563
22 321.8043
23 281.6029
24 303.3315
25 315.8651
26 305.4655
27 307.7581
28 319.6531
29 319.9315
30 313.4201
31 316.8347
32 333.2185
33 323.189
34 335.7701
35 380.3962
36 387.389
37 390.7256
38 365.1768
39 377.3059
40 389.9427
41 379.6311
42 384.9625
43 389.4853
44 411.211
45 403.3694
46 419.2322
47 422.3603
48 424.6327
49 414.8709
50 446.9304
51 432.1665
52 435.0114
53 465.3621
54 476.8558
55 503.4074
56 559.9329
57 588.2524
58 585.0717
59 584.6807
60 607.7354
61 613.7392
62 643.0184
63 700.7957
64 694.2614
65 725.4346
66 832.6233
67 825.9299
68 827.652
69 860.6463
70 852.0532
71 860.5775
72 916.5152
73 971.6262
74 995.9158
75 1036.7745
76 1055.7468
77 1034.5698
78 1100.4697
79 1151.6577
80 1157.4982
81 1179.6294
82 1327.5762
83 1305.875
84 1347.037
85 1361.5569
86 1349.2076
87 1421.6694
88 1384.7788
89 1427.4974
