-90 2004.6932
-89 1856.256
-88 1673.6678
-87 1636.4403
-86 1662.2393
-85 1634.6354
-84 1563.4575
-83 1515.3202
-82 1462.1094
-81 1403.6797
-80 1342.7365
-79 1293.2664
-78 1275.5792
-77 1267.5767
-76 1248.4684
-75 1197.7167
-74 1194.585
-73 1161.7552
-72 1105.2656
-71 1036.5242
-70 1003.8729
-69 953.8831
-68 859.031
-67 876.4719
-66 849.3167
-65 792.1716
-64 717.9442
-63 699.452
-62 651.7378
-61 648.3427
-60 572.0804
-59 525.4872
-58 492.1639
-57 430.9345
-56 410.2045
-55 398.7868
-54 361.0528
-53 365.2728
-52 353.6293
-51 316.2974
-50 258.7059
-49 213.1372
-48 213.9088
-47 203.0457
-46 220.8359
-45 221.4562
-44 215.7315
-43 203.8288
-42 181.1457
-41 176.7095
-40 169.9482
-39 166.9063
-38 140.715
-37 146.5966
-36 139.1431
-35 141.7159
-34 123.0847
-33 129.4253
-32 119.9371
-31 117.1044
-30 134.7058
-29 113.2745
-28 113.0691
-27 118.7482
-26 105.8471
-25 90.6701
-24 87.0441
-23 90.8472
-22 87.7095
-21 105.7906
-20 116.6295
-19 116.4731
-18 133.4878
-17 131.2968
-16 98.4896
-15 102.4063
-14 93.965
-13 100.8868
-12 110.4598
-11 124.5646
-10 114.7204
-9 104.9075
-8 110.395
-7 110.6858
-6 102.2025
-5 123.2598
-4 124.7094
-3 115.6684
-2 105.995
-1 85.1459
0 82.6045
1 85.7402
2 81.2213
3 93.0989
4 96.4036
5 95.5098
6 85.2789
7 104.2144
8 105.8447
9 91.5544
10 105.8944
11 99.3182
12 92.4962
13 112.4299
14 106.5819
15 108.4481
16 110.1924
17 120.699
18 118.3183
19 110.8475
20 134.0489
21 131.1879
22 152.3345
23 159.0981
24 180.9223
25 177.6877
26 195.6588
27 217.5391
28 218.9439
29 217.2402
30 225.8331
31 235.6584
32 281.588
33 296.5926
34 312.2748
35 377.221
36 412.6665
37 411.4537
38 420.559
39 471.2019
40 463.1713
41 516.564
42 530.463
43 518.4078
44 524.9541
45 554.2263
46 614.181
47 646.7731
48 698.1831
49 701.2874
50 750.8637
51 850.8096
52 947.5032
53 992.3837
54 1038.765
55 1121.405
56 1180.7122
57 1171.5233
58 1338.2158
59 1405.8489
60 1463.0908
61 1540.9464
62 1589.4213
63 1593.104
64 1697.7208
65 1827.79
66 1829.5319
67 1844.4059
68 1893.0426
69 1927.6414
70 1837.5078
71 1861.0066
72 1890.9237
73 1888.2355
74 1962.8923
75 1909.4948
76 1983.0771
77 1932.4844
78 2036.4576
79 2110.8818
80 2045.4237
81 2076.0935
82 2078.9944
83 2130.4666
84 2204.0049
85 2223.3162
86 2172.4905
87 2103.7195
88 2179.0564
89 2042.2231
