-90 1586.7876
-89 1462.3951
-88 1415.2761
-87 1447.2679
-86 1366.8875
-85 1327.8102
-84 1241.9293
-83 1161.9324
-82 1173.8466
-81 1140.3488
-80 1114.5011
-79 1035.3958
-78 998.7865
-77 996.6535
-76 954.4835
-75 890.6904
-74 841.93
-73 821.1795
-72 768.2863
-71 747.4128
-70 658.0165
-69 591.745
-68 549.2767
-67 500.6531
-66 455.6672
-65 433.2514
-64 382.2221
-63 381.9066
-62 358.4785
-61 343.4463
-60 328.8553
-59 335.8224
-58 289.1725
-57 273.9949
-56 289.847
-55 299.6299
-54 297.6571
-53 258.2811
-52 247.5026
-51 239.7507
-50 237.7333
-49 217.7497
-48 189.9885
-47 184.6597
-46 173.4745
-45 167.902
-44 162.3786
-43 163.0011
-42 169.6733
-41 178.1745
-40 173.7459
-39 189.5768
-38 209.4017
-37 178.287
-36 187.8213
-35 211.0525
-34 198.5516
-33 179.5533
-32 191.6994
-31 177.6181
-30 182.3704
-29 175.7419
-28 168.28
-27 192.3395
-26 193.2967
-25 199.8006
-24 172.4971
-23 177.3299
-22 174.5111
-21 180.5197
-20 173.7379
-19 192.7223
-18 203.9664
-17 209.7292
-16 225.6195
-15 233.3755
-14 200.7601
-13 216.208
-12 219.1671
-11 227.1886
-10 226.4759
-9 244.1049
-8 249.6073
-7 227.6875
-6 219.7043
-5 216.1279
-4 218.2889
-3 228.3387
-2 234.9657
-1 232.852
0 232.3049
1 207.8646
2 223.5376
3 224.7729
4 224.1569
5 219.431
6 219.1824
7 209.355
8 204.9219
9 206.7538
10 219.1485
11 224.9605
12 251.52
13 254.369
14 237.858
15 248.8046
16 261.054
17 262.8281
18 292.8068
19 310.4316
20 316.5186
21 309.1559
22 307.5096
23 350.6748
24 344.0376
25 385.5013
26 410.482
27 428.9359
28 451.2743
29 453.7458
30 446.6091
31 467.3856
32 517.6327
33 542.3904
34 582.4796
35 578.1747
36 611.2733
37 666.7149
38 729.7075
39 791.0471
40 810.5311
41 835.0002
42 857.1646
43 887.5128
44 886.1087
45 944.1379
46 1052.5447
47 1131.7462
48 1175.5305
49 1270.4816
50 1343.4679
51 1303.0775
52 1392.2404
53 1401.896
54 1388.9288
55 1399.7794
56 1462.4114
57 1555.5559
58 1581.3748
59 1612.5789
60 1712.4689
61 1727.0719
62 1771.2443
63 1924.9135
64 1835.7251
65 1919.3273
66 1968.7275
67 1990.9185
68 2001.6508
69 1988.1855
70 2065.073
71 2062.9812
72 2026.2014
73 2054.4265
74 2069.8831
75 2124.6501
76 2143.5962
77 2238.116
78 2191.9299
79 2141.501
80 2167.1565
81 2160.0706
82 2046.7726
83 2007.761
84 2000.2454
85 1879.7076
86 1827.0612
87 1761.2488
88 1715.0089
89 1691.3079
