-90 3086.9023
-89 3134.626
-88 3072.3062
-87 3058.9192
-86 3083.3333
-85 3121.1858
-84 3185.7004
-83 3255.5466
-82 3223.4956
-81 3101.7402
-80 3034.541
-79 3012.2927
-78 2879.1472
-77 2787.3796
-76 2685.7322
-75 2577.0732
-74 2519.4263
-73 2363.5908
-72 2195.2041
-71 2113.8218
-70 2016.7981
-69 1791.2672
-68 1636.787
-67 1476.7437
-66 1344.4335
-65 1248.8536
-64 1112.4034
-63 1033.124
-62 1004.1714
-61 895.6227
-60 852.3872
-59 811.2722
-58 736.3167
-57 669.6816
-56 662.4045
-55 590.6613
-54 575.3377
-53 586.5667
-52 550.4946
-51 525.7014
-50 497.6633
-49 452.872
-48 434.9367
-47 390.4759
-46 395.7442
-45 353.7914
-44 332.2375
-43 317.6137
-42 297.1459
-41 315.0885
-40 285.9441
-39 265.9525
-38 275.7292
-37 253.1288
-36 230.9106
-35 206.1662
-34 191.0773
-33 176.1015
-32 175.0442
-31 157.4026
-30 155.2335
-29 146.9952
-28 132.3861
-27 143.4308
-26 126.8413
-25 119.4391
-24 131.9191
-23 114.9911
-22 114.4934
-21 108.5717
-20 113.4801
-19 111.6124
-18 112.9142
-17 116.1555
-16 98.1518
-15 99.4123
-14 95.3943
-13 81.1329
-12 97.6577
-11 89.1242
-10 91.1757
-9 89.5009
-8 102.0981
-7 102.3491
-6 104.0443
-5 97.3221
-4 95.9043
-3 81.277
-2 98.2009
-1 102.789
0 113.0078
1 113.6344
2 102.8337
3 95.2735
4 93.8707
5 90.6162
6 86.4474
7 94.8784
8 94.2265
9 85.242
10 72.2529
11 89.0313
12 84.0126
13 71.7775
14 84.2555
15 90.9071
16 80.7905
17 74.5692
18 82.4104
19 71.7007
20 83.0054
21 76.2684
22 91.724
23 96.0556
24 83.2424
25 73.2974
26 83.4777
27 81.3929
28 79.8747
29 88.5684
30 86.9054
31 99.4638
32 100.2844
33 107.1277
34 126.2974
35 135.1758
36 126.1534
37 122.1879
38 145.8895
39 138.8079
40 137.6548
41 128.6354
42 160.0591
43 144.368
44 146.4003
45 163.9207
46 175.0394
47 190.706
48 185.3397
49 208.4002
50 218.2855
51 216.8914
52 232.7634
53 263.7514
54 276.9675
55 310.0533
56 335.7299
57 378.9556
58 411.1568
59 448.2807
60 505.2924
61 536.6738
62 638.7524
63 712.4323
64 769.9927
65 850.2076
66 913.7535
67 967.3334
68 1023.614
69 1179.4985
70 1364.4244
71 1435.604
72 1588.8613
73 1683.2178
74 1725.8391
75 1837.8752
76 1967.3751
77 1914.683
78 2073.5156
79 2238.4709
80 2341.3247
81 2495.2429
82 2461.1755
83 2483.3503
84 2606.8828
85 2769.4958
86 2783.4133
87 2902.3311
88 3007.3699
89 3073.6614
