-90 2305.1235
-89 2208.4224
-88 2232.7935
-87 2185.7856
-86 2132.7173
-85 1991.9441
-84 1903.9976
-83 1791.4231
-82 1761.3553
-81 1707.567
-80 1629.1067
-79 1560.8179
-78 1544.1499
-77 1514.0508
-76 1385.2771
-75 1244.9679
-74 1211.5492
-73 1120.5309
-72 1037.1399
-71 1003.6666
-70 963.4551
-69 978.0339
-68 880.7231
-67 829.3437
-66 791.2349
-65 782.0652
-64 756.1395
-63 737.1403
-62 692.2039
-61 653.4351
-60 604.318
-59 585.7657
-58 553.0311
-57 525.4948
-56 529.0752
-55 529.2338
-54 489.5884
-53 428.9429
-52 364.668
-51 370.7937
-50 343.4499
-49 333.2504
-48 333.4694
-47 338.6767
-46 322.8625
-45 275.7265
-44 278.8169
-43 260.8669
-42 276.9635
-41 246.2829
-40 242.3923
-39 188.5151
-38 195.22
-37 178.0321
-36 168.1853
-35 156.7409
-34 136.4692
-33 122.3119
-32 104.0291
-31 112.416
-30 115.2027
-29 99.748
-28 119.1081
-27 97.9947
-26 91.882
-25 117.2485
-24 127.2724
-23 90.266
-22 98.9354
-21 102.4887
-20 93.2285
-19 104.5674
-18 101.9402
-17 98.2294
-16 93.8829
-15 82.6389
-14 92.9346
-13 74.6172
-12 85.28
-11 85.3766
-10 82.7049
-9 85.947
-8 83.8838
-7 89.1493
-6 75.4339
-5 74.0406
-4 83.9895
-3 80.3174
-2 67.5616
-1 57.4846
0 58.6615
1 75.5856
2 78.3103
3 70.0147
4 67.3052
5 78.087
6 79.4914
7 84.2233
8 76.76
9 75.4924
10 65.938
11 76.1712
12 79.1883
13 75.3533
14 64.5623
15 65.8559
16 67.3846
17 64.0554
18 74.8564
19 58.1522
20 55.6935
21 62.3051
22 66.428
23 80.1936
24 68.9457
25 73.1306
26 89.8733
27 96.0034
28 97.7294
29 129.7566
30 129.1894
31 127.214
32 150.668
33 154.9308
34 169.4126
35 199.0347
36 215.3861
37 201.6632
38 203.086
39 210.0995
40 217.0423
41 225.2147
42 244.3893
43 260.1769
44 294.2232
45 302.2384
46 338.7003
47 365.4612
48 395.7742
49 435.7356
50 484.508
51 502.9301
52 552.0807
53 579.7661
54 642.4376
55 675.2783
56 789.2452
57 899.3552
58 987.6395
59 1066.2281
60 1115.443
61 1206.9922
62 1320.9158
63 1407.6689
64 1476.52
65 1555.123
66 1602.6371
67 1678.3025
68 1708.8207
69 1784.239
70 1885.5269
71 1980.9204
72 2090.1643
73 2198.4319
74 2277.1777
75 2356.7856
76 2450.0884
77 2467.3105
78 2558.52
79 2548.4531
80 2552.7444
81 2641.5044
82 2629.7595
83 2583.4739
84 2639.5916
85 2624.1052
86 2476.0266
87 2477.6301
88 2387.488
89 2386.0864
