-90 1247.9192
-89 1215.5719
-88 1206.9897
-87 1219.8121
-86 1205.9861
-85 1185.8829
-84 1242.3767
-83 1248.4333
-82 1203.9304
-81 1238.9615
-80 1245.9077
-79 1279.8119
-78 1258.8834
-77 1242.3628
-76 1178.2814
-75 1223.1493
-74 1265.8317
-73 1259.9288
-72 1214.9713
-71 1226.5133
-70 1227.1921
-69 1194.8326
-68 1161.5498
-67 1150.5148
-66 1200.6555
-65 1139.5776
-64 1133.9418
-63 1135.3303
-62 1126.7021
-61 1099.287
-60 1152.8849
-59 1111.4913
-58 1130.5306
-57 1093.2783
-56 1058.963
-55 1077.7352
-54 1060.7906
-53 1142.1469
-52 1138.6287
-51 1109.5526
-50 1016.5488
-49 1016.9644
-48 990.2473
-47 959.8431
-46 954.9617
-45 866.3134
-44 783.5944
-43 775.0657
-42 785.0114
-41 788.9475
-40 794.5213
-39 733.8658
-38 718.7167
-37 673.2491
-36 639.1846
-35 612.0631
-34 565.2349
-33 565.7208
-32 588.7116
-31 570.3516
-30 571.5411
-29 521.0878
-28 498.5239
-27 475.954
-26 467.9347
-25 428.4587
-24 407.9834
-23 384.1199
-22 370.4721
-21 350.6269
-20 360.584
-19 360.6134
-18 376.1154
-17 367.0435
-16 344.1391
-15 322.1892
-14 308.6997
-13 307.6931
-12 311.3921
-11 291.9816
-10 276.2425
-9 283.1364
-8 282.748
-7 275.9977
-6 294.8292
-5 308.0699
-4 309.8811
-3 305.8939
-2 318.3076
-1 294.0343
0 322.1557
1 309.8377
2 308.4443
3 321.6099
4 316.2946
5 329.3643
6 318.3124
7 316.071
8 313.5512
9 312.6071
10 300.4068
11 290.8914
12 262.5859
13 260.8033
14 281.3863
15 289.3582
16 268.294
17 267.9839
18 259.6783
19 283.5597
20 307.3122
21 313.2862
22 310.7671
23 305.8169
24 300.4315
25 298.1268
26 295.1426
27 321.0104
28 311.5795
29 305.7397
30 284.6169
31 308.6981
32 294.1841
33 329.9128
34 315.9402
35 360.5784
36 357.6361
37 377.2987
38 377.1964
39 395.4631
40 397.8477
41 428.8226
42 421.338
43 431.2697
44 432.9754
45 430.0528
46 450.8172
47 485.4281
48 470.4477
49 516.0087
50 544.2078
51 558.991
52 591.7442
53 559.0716
54 625.7377
55 644.6954
56 701.3638
57 699.8474
58 669.1538
59 672.6109
60 726.7943
61 762.6298
62 820.3913
63 846.9006
64 819.5217
65 816.5624
66 887.5071
67 902.0779
68 943.6857
69 915.3539
70 963.6571
71 976.9689
72 1002.5493
73 1036.6306
74 1043.6185
75 1042.6577
76 1119.031
77 1199.6433
78 1201.0784
79 1236.3906
80 1229.524
81 1250.0155
82 1260.257
83 1233.2365
84 1282.1317
85 1311.9054
86 1344.8153
87 1297.8334
88 1298.2177
89 1258.4965
