-90 2541.458
-89 2522.8291
-88 2438.5027
-87 2440.7556
-86 2333.0344
-85 2281.1313
-84 2257.9551
-83 2125.4575
-82 2114.1501
-81 1985.0575
-80 1847.5471
-79 1814.0227
-78 1823.7756
-77 1688.8477
-76 1662.3889
-75 1573.4261
-74 1542.2002
-73 1416.485
-72 1328.5297
-71 1238.4438
-70 1160.3151
-69 1070.8715
-68 1035.4656
-67 984.24
-66 952.7729
-65 906.2117
-64 846.2816
-63 789.6497
-62 754.5313
-61 731.5909
-60 658.0491
-59 640.6884
-58 616.2239
-57 559.0609
-56 549.6576
-55 485.3976
-54 471.6571
-53 471.7586
-52 464.7213
-51 382.679
-50 410.0977
-49 413.4452
-48 358.4612
-47 303.4009
-46 303.5624
-45 318.7053
-44 330.0419
-43 330.4091
-42 294.1792
-41 272.7409
-40 279.3515
-39 277.6889
-38 263.1967
-37 254.5413
-36 230.8202
-35 234.143
-34 218.239
-33 193.307
-32 178.3757
-31 182.5942
-30 184.3062
-29 185.3219
-28 174.781
-27 175.0796
-26 162.7368
-25 170.1521
-24 151.9171
-23 156.3236
-22 155.002
-21 165.079
-20 139.6653
-19 136.0275
-18 146.3545
-17 124.0869
-16 124.6384
-15 128.0609
-14 139.6867
-13 148.855
-12 157.8389
-11 172.2195
-10 171.7222
-9 146.7904
-8 146.2997
-7 150.0102
-6 148.7401
-5 132.6281
-4 125.6948
-3 134.1835
-2 130.9742
-1 140.4947
0 140.234
1 123.6417
2 126.335
3 136.9593
4 118.4231
5 117.8987
6 138.2302
7 118.3481
8 140.4123
9 159.4281
10 163.6058
11 152.2343
12 153.2278
13 157.2992
14 163.2294
15 199.5461
16 209.9462
17 227.4938
18 247.8777
19 237.4641
20 235.7403
21 251.0273
22 272.6852
23 282.7192
24 277.6685
25 285.8388
26 316.6875
27 342.4521
28 332.3145
29 347.7431
30 373.8197
31 383.883
32 448.3012
33 410.0403
34 399.899
35 426.6546
36 482.3128
37 522.3665
38 586.0135
39 595.8239
40 598.1418
41 656.0662
42 693.0031
43 696.4669
44 681.6452
45 704.1138
46 729.2845
47 760.0815
48 829.0408
49 863.808
50 892.3145
51 927.7213
52 969.2748
53 1044.6781
54 1113.9897
55 1178.9944
56 1258.5039
57 1283.0424
58 1381.922
59 1378.1073
60 1436.4974
61 1485.6707
62 1550.6757
63 1575.7025
64 1584.0964
65 1647.3391
66 1677.1154
67 1702.1882
68 1771.7172
69 1903.8229
70 1959.5881
71 2089.4583
72 2186.7961
73 2239.0337
74 2280.6284
75 2322.3374
76 2353.2542
77 2442.6995
78 2430.5671
79 2464.385
80 2554.5146
81 2462.0024
82 2521.3479
83 2552.5071
84 2680.6436
85 2725.8333
86 2624.572
87 2508.8188
88 2711.5415
89 2617.1807
