-90 1195.2573
-89 1207.4042
-88 1244.4047
-87 1225.0201
-86 1124.6788
-85 1053.5774
-84 1067.8994
-83 1128.408
-82 1090.076
-81 1116.0117
-80 1066.7356
-79 1067.0588
-78 1069.7911
-77 1048.3164
-76 1100.7108
-75 1105.9325
-74 1111.4727
-73 1135.6735
-72 1139.0072
-71 1152.6835
-70 1128.1565
-69 1085.5754
-68 1075.1586
-67 1037.6248
-66 1022.4747
-65 1013.5596
-64 973.2957
-63 970.0862
-62 936.0787
-61 946.6792
-60 909.2586
-59 924.4259
-58 895.3751
-57 946.9772
-56 937.4712
-55 919.2924
-54 907.7278
-53 935.54
-52 855.0359
-51 865.6592
-50 858.0306
-49 861.8821
-48 824.984
-47 790.6738
-46 795.4036
-45 764.7862
-44 740.3383
-43 729.461
-42 727.5818
-41 780.0098
-40 730.8627
-39 723.5654
-38 718.8561
-37 716.5499
-36 727.5489
-35 734.2372
-34 742.4861
-33 685.4486
-32 689.4521
-31 606.2117
-30 569.1135
-29 603.2785
-28 580.7188
-27 557.4874
-26 529.6763
-25 483.7121
-24 482.8374
-23 493.1035
-22 499.2179
-21 429.3117
-20 412.0227
-19 420.1511
-18 416.4076
-17 428.5343
-16 397.9325
-15 394.3475
-14 383.0391
-13 378.0717
-12 378.6153
-11 359.9467
-10 306.7006
-9 303.563
-8 306.7658
-7 290.8323
-6 289.3769
-5 290.327
-4 259.2816
-3 269.3886
-2 265.5616
-1 257.9678
0 284.4031
1 288.6706
2 259.5876
3 258.7292
4 266.4895
5 274.8205
6 296.7325
7 279.2032
8 257.6444
9 242.7895
10 230.6127
11 249.156
12 248.7245
13 254.4564
14 232.0706
15 242.4494
16 272.4951
17 283.3126
18 298.0663
19 273.6016
20 288.4726
21 272.281
22 252.7632
23 253.6511
24 272.8764
25 269.9088
26 319.7847
27 305.5108
28 327.2071
29 336.0743
30 309.1748
31 328.446
32 324.8496
33 353.5115
34 338.9554
35 341.1038
36 331.5085
37 331.8345
38 350.6689
39 353.8007
40 365.5844
41 351.8709
42 373.555
43 347.938
44 357.4604
45 381.0455
46 405.2525
47 423.2473
48 461.4119
49 455.8065
50 487.2306
51 493.3364
52 495.7733
53 560.4041
54 562.4426
55 573.3825
56 602.3115
57 631.9094
58 622.3348
59 664.6432
60 690.7502
61 720.0732
62 760.1528
63 799.9904
64 835.6414
65 810.9807
66 805.777
67 841.2395
68 877.6624
69 907.1846
70 872.4513
71 926.9937
72 988.4469
73 985.7275
74 1059.863
75 1028.5472
76 1036.3042
77 1083.9196
78 1095.4652
79 1095.2084
80 1048.3767
81 1065.4789
82 1095.8893
83 1108.4343
84 1116.5173
85 1112.361
86 1139.5438
87 1182.9517
88 1211.6243
89 1202.7876
