-90 1380.5647
-89 1304.6056
-88 1250.2888
-87 1145.1177
-86 1108.7974
-85 1033.1306
-84 996.9391
-83 953.502
-82 895.3757
-81 809.3437
-80 755.6665
-79 740.5199
-78 741.6917
-77 693.4368
-76 638.1013
-75 631.9967
-74 572.9194
-73 553.6389
-72 511.4775
-71 478.8144
-70 461.2907
-69 476.886
-68 454.5408
-67 442.5654
-66 414.9752
-65 428.6925
-64 382.4985
-63 367.2367
-62 352.3687
-61 322.1688
-60 321.0347
-59 364.8669
-58 339.5366
-57 315.2628
-56 308.3726
-55 291.6753
-54 265.4532
-53 278.3324
-52 246.8412
-51 234.9696
-50 239.4106
-49 221.698
-48 222.1002
-47 220.1855
-46 209.1835
-45 193.9503
-44 192.7814
-43 184.1602
-42 206.9539
-41 209.3427
-40 191.656
-39 185.2562
-38 194.7596
-37 225.4458
-36 189.1355
-35 180.6551
-34 174.0348
-33 165.0475
-32 158.0741
-31 146.6392
-30 174.4992
-29 159.5789
-28 181.9027
-27 176.2079
-26 203.4755
-25 160.2077
-24 142.5309
-23 137.9468
-22 163.7018
-21 146.9373
-20 133.375
-19 138.1043
-18 146.5973
-17 144.2213
-16 138.5817
-15 134.6804
-14 134.4988
-13 122.7325
-12 116.4234
-11 114.7878
-10 125.2903
-9 109.7991
-8 105.1518
-7 93.0474
-6 87.6194
-5 91.097
-4 90.614
-3 99.0917
-2 100.5104
-1 120.4514
0 108.3016
1 101.2498
2 89.3937
3 90.8774
4 94.0246
5 94.897
6 98.9001
7 90.7158
8 93.0389
9 93.3523
10 92.4971
11 99.2421
12 100.7193
13 101.4053
14 123.0319
15 105.1827
16 110.5059
17 97.8315
18 107.3715
19 109.0794
20 118.692
21 132.3722
22 137.9452
23 153.2915
24 143.8196
25 145.8242
26 162.5638
27 175.1935
28 188.5148
29 192.7727
30 195.7735
31 208.5149
32 204.3554
33 245.6124
34 229.5372
35 231.5787
36 228.604
37 233.2147
38 268.1377
39 285.7321
40 297.4766
41 289.4474
42 342.5258
43 368.9998
44 386.412
45 406.0668
46 413.724
47 435.1294
48 458.3642
49 503.1584
50 447.8982
51 487.3637
52 478.1375
53 534.8719
54 571.2905
55 597.2951
56 601.6271
57 665.7814
58 731.6591
59 814.3338
60 850.7458
61 933.2926
62 902.3514
63 946.795
64 991.1589
65 1013.4689
66 1004.3519
67 1049.5563
68 1094.5764
69 1077.6351
70 1136.4459
71 1157.3778
72 1207.99
73 1243.9478
74 1284.0298
75 1350.9774
76 1398.7493
77 1445.1974
78 1429.1201
79 1418.8325
80 1434.7106
81 1437.9907
82 1442.0176
83 1427.9668
84 1437.0209
85 1429.2264
86 1362.4683
87 1323.0575
88 1301.9299
89 1334.8785
