-90 893.6282
-89 904.8177
-88 883.6315
-87 870.8574
-86 788.8054
-85 813.3984
-84 798.6901
-83 801.6603
-82 794.2095
-81 801.2439
-80 780.2606
-79 815.3585
-78 763.6862
-77 750.4287
-76 732.4564
-75 697.7474
-74 686.3375
-73 736.688
-72 707.2372
-71 701.0013
-70 671.6572
-69 679.8564
-68 728.8734
-67 679.3199
-66 632.5496
-65 631.4532
-64 607.9445
-63 624.7018
-62 594.426
-61 562.2535
-60 575.2925
-59 573.7329
-58 558.7828
-57 524.2901
-56 507.2952
-55 508.487
-54 493.3028
-53 454.6365
-52 456.2481
-51 442.2021
-50 391.6183
-49 372.0143
-48 353.5399
-47 321.7061
-46 310.0592
-45 322.2436
-44 275.558
-43 259.5822
-42 246.2575
-41 233.5329
-40 207.6774
-39 213.998
-38 210.0098
-37 217.3636
-36 192.7385
-35 200.3114
-34 182.6708
-33 199.7335
-32 192.7321
-31 197.0561
-30 175.8319
-29 179.8318
-28 183.0731
-27 172.2811
-26 159.1688
-25 177.2683
-24 170.2076
-23 163.7103
-22 153.7541
-21 161.3504
-20 169.1908
-19 153.1681
-18 140.2969
-17 132.9777
-16 133.7633
-15 127.9287
-14 131.5745
-13 147.0495
-12 163.368
-11 165.9204
-10 158.5947
-9 145.5192
-8 153.3975
-7 141.4488
-6 155.4155
-5 173.4612
-4 160.7432
-3 159.8183
-2 175.637
-1 209.2551
0 194.1157
1 202.4292
2 224.0611
3 217.6612
4 185.6493
5 180.9211
6 170.4708
7 174.0938
8 180.2734
9 200.5284
10 201.1201
11 196.8122
12 193.01
13 196.5751
14 210.5122
15 189.6587
16 189.2348
17 200.9022
18 198.7588
19 207.8446
20 211.5228
21 208.7484
22 207.626
23 194.7106
24 177.1261
25 159.4421
26 152.2562
27 159.3572
28 169.6379
29 165.716
30 192.8924
31 198.7152
32 208.2748
33 213.8154
34 233.4846
35 239.3371
36 269.1158
37 303.503
38 293.5818
39 288.8965
40 273.739
41 284.8969
42 304.5306
43 302.5345
44 345.1419
45 365.9722
46 375.7906
47 380.238
48 402.3264
49 411.5273
50 391.8503
51 433.455
52 426.8935
53 429.4915
54 449.8394
55 455.9836
56 480.6479
57 485.1722
58 507.7363
59 522.4976
60 540.0641
61 544.7228
62 584.378
63 622.9744
64 668.2036
65 729.2577
66 762.1892
67 806.695
68 771.7499
69 769.4064
70 786.9947
71 801.7056
72 799.3604
73 739.7803
74 817.2994
75 825.0681
76 814.0016
77 832.8228
78 868.1693
79 958.0128
80 954.5914
81 962.7226
82 917.5512
83 918.1178
84 890.623
85 930.9777
86 909.9452
87 920.8406
88 936.4294
89 909.1599
