-90 815.5427
-89 856.4264
-88 785.0482
-87 765.2877
-86 751.4711
-85 760.1637
-84 788.1952
-83 779.9663
-82 709.2498
-81 750.0483
-80 710.1768
-79 689.9568
-78 711.8352
-77 685.8913
-76 645.1543
-75 634.1599
-74 639.2818
-73 641.1479
-72 700.9729
-71 665.9542
-70 653.7993
-69 605.572
-68 581.6774
-67 605.9158
-66 584.4634
-65 616.8983
-64 582.6839
-63 556.9965
-62 545.5565
-61 546.5059
-60 567.6641
-59 551.4581
-58 503.4829
-57 516.8705
-56 530.2639
-55 496.2526
-54 452.0542
-53 464.9417
-52 447.8594
-51 415.1913
-50 381.7145
-49 414.5574
-48 391.4738
-47 395.1811
-46 384.7428
-45 360.4727
-44 352.0172
-43 353.5875
-42 333.2142
-41 321.6635
-40 330.6401
-39 311.054
-38 342.464
-37 344.1708
-36 356.5641
-35 334.3524
-34 324.5087
-33 298.0128
-32 282.9228
-31 297.5901
-30 306.9555
-29 275.5186
-28 284.1866
-27 255.9499
-26 247.5271
-25 253.8346
-24 247.5601
-23 244.7697
-22 259.0951
-21 256.9406
-20 245.7374
-19 249.9503
-18 263.7792
-17 254.4291
-16 258.5606
-15 250.6495
-14 248.7805
-13 251.0193
-12 239.5772
-11 248.0098
-10 259.6302
-9 269.1364
-8 259.2149
-7 265.104
-6 281.4275
-5 266.2274
-4 254.7978
-3 265.4651
-2 257.5058
-1 236.5988
0 245.4104
1 241.2081
2 256.2849
3 246.4181
4 234.4358
5 234.7084
6 200.0348
7 236.047
8 243.2741
9 253.7024
10 273.7728
11 261.8237
12 278.0958
13 299.1393
14 303.9164
15 304.8284
16 330.4312
17 349.1784
18 360.9271
19 384.1586
20 364.9994
21 433.84
22 406.2667
23 432.6353
24 387.4739
25 377.0249
26 346.5344
27 344.1297
28 345.4405
29 363.606
30 385.5569
31 355.6075
32 347.4466
33 367.6586
34 372.6402
35 383.1305
36 383.4094
37 421.8644
38 442.6578
39 459.5475
40 456.2694
41 440.6698
42 483.216
43 523.1396
44 515.3981
45 568.9123
46 574.7634
47 626.7193
48 607.5985
49 661.9129
50 633.9715
51 644.6356
52 660.065
53 703.9362
54 682.7338
55 711.9547
56 705.6832
57 732.8723
58 686.4277
59 669.6624
60 620.8965
61 606.9263
62 568.8873
63 554.3329
64 579.6307
65 641.9896
66 664.6512
67 683.0717
68 753.1474
69 772.4438
70 691.3553
71 716.7611
72 730.2253
73 739.7126
74 726.8024
75 741.234
76 752.8104
77 768.8367
78 763.2297
79 786.1008
80 771.0845
81 808.222
82 865.9971
83 868.5273
84 820.8962
85 811.9727
86 808.4095
87 814.345
88 816.4708
89 790.92
