-90 1132.6324
-89 1064.6302
-88 1020.0558
-87 986.1011
-86 954.0954
-85 954.6038
-84 940.8732
-83 923.5783
-82 920.5957
-81 875.9653
-80 857.2729
-79 839.2561
-78 782.2719
-77 755.1376
-76 730.2571
-75 674.2258
-74 662.9843
-73 646.7639
-72 652.7847
-71 611.2586
-70 538.173
-69 497.3741
-68 491.9536
-67 479.4441
-66 462.1662
-65 405.9664
-64 366.6798
-63 380.7682
-62 341.6605
-61 323.7226
-60 314.0932
-59 282.9835
-58 286.2005
-57 258.1941
-56 233.6526
-55 232.1792
-54 235.1269
-53 208.2049
-52 201.3313
-51 207.7672
-50 202.4498
-49 184.0581
-48 173.1997
-47 192.7702
-46 189.062
-45 189.035
-44 189.6015
-43 177.5962
-42 168.6203
-41 172.0491
-40 176.5751
-39 182.3501
-38 201.4421
-37 209.0578
-36 218.4271
-35 192.9683
-34 210.3445
-33 191.0863
-32 182.5586
-31 195.5606
-30 196.8367
-29 196.758
-28 196.4859
-27 194.7569
-26 210.4087
-25 217.4489
-24 214.4508
-23 201.2739
-22 171.6936
-21 177.7679
-20 172.1635
-19 176.7338
-18 181.7195
-17 169.9401
-16 184.4876
-15 189.8222
-14 180.7441
-13 168.3876
-12 158.8991
-11 152.8867
-10 158.9614
-9 152.6467
-8 155.1598
-7 162.5132
-6 139.8781
-5 149.8232
-4 153.207
-3 137.0191
-2 131.2436
-1 144.8969
0 130.9709
1 143.5446
2 137.2427
3 133.9682
4 139.6265
5 122.3651
6 120.7219
7 122.255
8 148.2596
9 137.5027
10 144.1508
11 140.089
12 120.6421
13 155.5
14 149.2296
15 118.8401
16 132.5673
17 134.792
18 126.5388
19 146.6443
20 152.7868
21 150.9293
22 147.5578
23 173.2723
24 202.2425
25 185.3129
26 167.4965
27 151.2429
28 149.3775
29 163.7375
30 164.4099
31 151.5784
32 143.8372
33 171.2305
34 190.2654
35 192.3074
36 192.3788
37 197.992
38 185.315
39 188.5005
40 235.6084
41 227.5985
42 258.5776
43 278.8161
44 286.8328
45 287.389
46 301.4375
47 329.2982
48 328.5924
49 358.7933
50 380.5691
51 394.1523
52 404.9037
53 409.1663
54 465.5891
55 496.7517
56 501.2676
57 532.2562
58 550.7317
59 574.1497
60 603.5261
61 634.5652
62 677.5579
63 688.2902
64 702.9635
65 721.4658
66 731.6865
67 768.7435
68 801.5748
69 834.1034
70 859.6429
71 924.4171
72 936.9291
73 1032.4321
74 1053.1768
75 1042.2295
76 1060.2268
77 1059.4479
78 1131.4712
79 1134.4645
80 1188.6948
81 1208.8998
82 1165.556
83 1173.0847
84 1114.9673
85 1187.8547
86 1204.453
87 1156.7899
88 1128.6617
89 1170.9443
