-90 1439.1443
-89 1435.0542
-88 1466.5483
-87 1513.4569
-86 1528.3009
-85 1447.2849
-84 1431.4033
-83 1458.1708
-82 1422.3973
-81 1391.5214
-80 1371.9825
-79 1313.4427
-78 1302.203
-77 1255.3373
-76 1224.2206
-75 1182.2786
-74 1166.4974
-73 1184.5098
-72 1160.4846
-71 1147.7817
-70 1121.2018
-69 1077.5511
-68 1034.6289
-67 982.5129
-66 950.9554
-65 983.9903
-64 899.1398
-63 863.6511
-62 861.504
-61 824.1473
-60 763.9996
-59 756.6592
-58 730.6179
-57 703.2898
-56 705.2678
-55 717.4265
-54 677.4545
-53 690.881
-52 718.7203
-51 717.9531
-50 634.6943
-49 664.3004
-48 612.2607
-47 564.5523
-46 572.9075
-45 556.1678
-44 541.2148
-43 557.9418
-42 540.673
-41 540.7819
-40 482.9485
-39 443.3574
-38 462.4373
-37 444.8025
-36 418.7122
-35 413.3381
-34 377.8817
-33 375.4785
-32 372.6905
-31 394.3907
-30 383.2238
-29 410.8768
-28 377.8407
-27 357.1272
-26 379.348
-25 389.0801
-24 393.3775
-23 406.9154
-22 400.0434
-21 413.5576
-20 416.8999
-19 384.7964
-18 335.488
-17 329.8575
-16 319.9308
-15 313.6833
-14 321.5443
-13 330.6981
-12 324.1598
-11 337.0936
-10 323.4633
-9 349.808
-8 338.0019
-7 337.3724
-6 371.4054
-5 330.6955
-4 316.8731
-3 287.987
-2 310.5901
-1 288.6831
0 300.3266
1 282.7219
2 280.4123
3 294.1307
4 315.1031
5 352.8062
6 336.0885
7 346.9262
8 361.7676
9 332.8593
10 343.7693
11 313.9559
12 301.1603
13 292.2191
14 292.8002
15 318.4916
16 294.0856
17 267.4676
18 280.7976
19 282.7381
20 290.0852
21 264.5423
22 297.1257
23 288.7058
24 285.5702
25 290.3099
26 295.7593
27 282.8871
28 274.6882
29 298.6282
30 321.4574
31 339.0509
32 352.6531
33 368.3471
34 369.7339
35 392.9586
36 410.2242
37 366.9006
38 393.3172
39 351.5674
40 368.9333
41 398.4308
42 386.3117
43 406.2415
44 418.7901
45 414.767
46 402.4005
47 428.8143
48 480.2883
49 481.8721
50 477.4079
51 442.0243
52 455.152
53 439.2677
54 462.4066
55 440.9381
56 447.2097
57 511.9355
58 481.9629
59 519.1088
60 543.8265
61 546.344
62 544.9445
63 565.312
64 591.6796
65 575.3182
66 587.4188
67 622.3248
68 659.497
69 661.4049
70 670.2467
71 691.5202
72 698.7828
73 757.0007
74 789.4412
75 870.9004
76 897.9888
77 934.4417
78 978.2191
79 1036.4064
80 1082.017
81 1038.5745
82 1085.8097
83 1177.5422
84 1183.0736
85 1315.6792
86 1365.4104
87 1367.0782
88 1322.1355
89 1356.9171
