-90 547.8807
-89 580.3611
-88 556.8036
-87 502.8894
-86 517.1605
-85 514.9715
-84 508.3352
-83 480.5651
-82 453.2035
-81 441.1397
-80 398.4422
-79 382.3228
-78 338.7229
-77 350.6213
-76 326.661
-75 331.5865
-74 321.5572
-73 329.636
-72 324.1102
-71 322.6062
-70 316.6874
-69 333.22
-68 317.494
-67 297.8532
-66 285.6005
-65 260.7026
-64 277.8629
-63 267.8821
-62 232.3921
-61 203.5201
-60 199.462
-59 196.0275
-58 223.7936
-57 223.7225
-56 189.1022
-55 176.17
-54 163.926
-53 151.8564
-52 141.7177
-51 152.2364
-50 131.9634
-49 140.0566
-48 129.5196
-47 112.961
-46 123.3897
-45 124.8529
-44 123.5453
-43 119.9668
-42 119.3027
-41 123.3554
-40 120.698
-39 98.529
-38 103.2964
-37 88.6399
-36 95.9694
-35 95.4506
-34 102.1825
-33 114.1612
-32 126.6121
-31 117.8567
-30 104.1193
-29 123.2455
-28 128.9322
-27 104.7978
-26 126.3239
-25 130.0349
-24 115.0202
-23 122.5493
-22 118.8191
-21 134.5974
-20 124.2941
-19 135.1588
-18 110.4906
-17 111.55
-16 108.9484
-15 105.5045
-14 107.4006
-13 103.0307
-12 102.4919
-11 112.8199
-10 113.0434
-9 115.6334
-8 108.8182
-7 93.4923
-6 87.9931
-5 86.2604
-4 88.9414
-3 89.7327
-2 104.8093
-1 96.2695
0 89.6807
1 89.7682
2 99.2326
3 107.2799
4 97.1997
5 96.7817
6 108.6011
7 118.9775
8 107.743
9 98.9532
10 100.071
11 102.6567
12 105.1616
13 106.4075
14 114.9477
15 119.2874
16 126.1625
17 121.1905
18 130.4317
19 124.8784
20 130.4257
21 132.7667
22 135.5176
23 135.1921
24 141.8491
25 147.8227
26 132.3696
27 130.6566
28 137.1064
29 137.3956
30 156.2479
31 165.6457
32 173.8438
33 195.5782
34 203.9676
35 189.0446
36 174.0386
37 175.5351
38 189.5464
39 197.9336
40 219.3127
41 232.7395
42 249.6818
43 230.656
44 233.1666
45 248.5617
46 266.7802
47 272.0835
48 265.3098
49 266.7008
50 276.284
51 312.9209
52 311.3142
53 291.24
54 311.3887
55 320.238
56 352.5214
57 360.8685
58 389.9366
59 415.6726
60 423.4095
61 454.9742
62 461.1259
63 468.3324
64 497.5475
65 501.3905
66 486.078
67 514.7482
68 555.433
69 554.89
70 551.0476
71 566.5925
72 568.5128
73 615.3204
74 663.1389
75 683.7447
76 669.6868
77 668.4713
78 684.4284
79 633.1489
80 630.1339
81 604.5917
82 627.1351
83 601.8888
84 580.0117
85 611.8578
86 618.0972
87 643.1865
88 620.5507
89 578.6147
