-90 767.5838
-89 766.8395
-88 756.9896
-87 733.9003
-86 721.4901
-85 675.3591
-84 650.0988
-83 617.8104
-82 578.9135
-81 583.3435
-80 580.3085
-79 550.901
-78 509.5423
-77 486.9395
-76 425.3399
-75 436.4714
-74 393.6436
-73 390.442
-72 374.363
-71 324.5371
-70 292.9035
-69 283.6074
-68 248.7645
-67 209.4624
-66 235.8581
-65 209.5869
-64 186.7982
-63 165.2501
-62 153.7341
-61 140.6148
-60 126.7959
-59 115.3119
-58 105.2937
-57 101.3775
-56 95.9851
-55 101.9545
-54 105.1421
-53 99.9662
-52 96.4549
-51 93.6905
-50 74.2538
-49 65.5714
-48 79.6376
-47 78.8158
-46 94.0904
-45 75.3982
-44 69.5661
-43 63.5893
-42 73.4172
-41 75.3327
-40 78.8611
-39 70.9715
-38 64.4946
-37 59.5926
-36 75.0093
-35 58.2374
-34 43.2254
-33 50.2002
-32 52.3014
-31 59.9107
-30 46.6648
-29 62.7216
-28 58.5773
-27 57.7833
-26 50.4398
-25 65.4785
-24 70.0452
-23 56.6765
-22 56.0501
-21 68.9672
-20 56.1513
-19 59.3006
-18 59.9874
-17 49.8455
-16 61.1495
-15 61.8529
-14 58.085
-13 66.1385
-12 76.8629
-11 75.5294
-10 67.9645
-9 64.8701
-8 63.0053
-7 64.3183
-6 74.325
-5 64.6815
-4 65.2892
-3 80.0272
-2 73.2841
-1 56.9135
0 58.9421
1 62.976
2 64.7824
3 69.3288
4 84.2463
5 85.3453
6 84.7708
7 94.6173
8 84.2228
9 91.3543
10 93.7635
11 93.1185
12 98.6084
13 92.961
14 93.259
15 92.8157
16 106.0426
17 102.0579
18 112.8645
19 116.9703
20 103.6402
21 111.6324
22 108.1831
23 98.1281
24 118.4679
25 131.7346
26 122.367
27 125.7189
28 145.3943
29 156.4577
30 142.8143
31 144.7003
32 152.504
33 153.7662
34 152.7058
35 172.5952
36 185.5251
37 184.4006
38 187.3778
39 192.5454
40 174.3004
41 196.0419
42 227.2026
43 220.3323
44 225.3982
45 260.9173
46 268.3293
47 296.1042
48 295.0112
49 334.8166
50 324.9703
51 359.9875
52 390.777
53 420.9314
54 432.8508
55 457.9527
56 470.5364
57 458.7708
58 496.2724
59 518.2364
60 529.8281
61 591.803
62 606.7614
63 607.4352
64 627.892
65 624.2998
66 663.5439
67 698.2724
68 696.1686
69 687.1071
70 676.2953
71 679.481
72 725.0325
73 732.083
74 724.0513
75 693.8806
76 704.1628
77 748.1834
78 750.861
79 742.3231
80 831.7513
81 829.0273
82 828.2341
83 881.2111
84 877.9044
85 873.4316
86 875.4563
87 838.549
88 800.0991
89 757.9715
