-90 1851.3168
-89 1850.6719
-88 1882.0221
-87 1852.3599
-86 1839.7412
-85 1744.4497
-84 1695.1395
-83 1712.0299
-82 1599.0303
-81 1542.6511
-80 1472.1501
-79 1398.1461
-78 1320.4254
-77 1349.5217
-76 1309.6046
-75 1159.6025
-74 1133.2906
-73 1063.3138
-72 999.4966
-71 960.0859
-70 947.0944
-69 843.9031
-68 780.31
-67 694.5488
-66 642.7968
-65 626.4984
-64 618.6487
-63 547.7415
-62 499.2739
-61 498.0479
-60 484.6111
-59 432.4288
-58 398.5444
-57 375.2275
-56 334.1246
-55 325.2433
-54 286.2536
-53 290.1796
-52 278.8455
-51 287.4791
-50 289.818
-49 285.5932
-48 258.667
-47 226.3219
-46 229.9099
-45 220.1649
-44 226.8741
-43 210.5584
-42 212.62
-41 197.4626
-40 190.0101
-39 193.1537
-38 197.1418
-37 192.9278
-36 203.1205
-35 204.5391
-34 176.7889
-33 156.5328
-32 160.0858
-31 146.5932
-30 163.2195
-29 136.5388
-28 160.1441
-27 162.3474
-26 151.5956
-25 160.1276
-24 137.2679
-23 140.7597
-22 145.8853
-21 146.328
-20 128.5147
-19 134.6598
-18 124.5527
-17 122.653
-16 101.5165
-15 99.4494
-14 108.4798
-13 107.2831
-12 107.298
-11 94.8925
-10 112.8829
-9 90.0096
-8 85.1754
-7 81.1378
-6 81.0274
-5 89.6015
-4 89.7792
-3 77.3931
-2 86.1891
-1 85.6717
0 81.9844
1 82.476
2 95.5238
3 122.5828
4 104.8827
5 94.2899
6 84.1744
7 85.6384
8 82.1528
9 83.253
10 69.9309
11 88.9743
12 82.3342
13 82.1405
14 99.7154
15 94.6734
16 109.0669
17 93.7532
18 81.3973
19 82.6447
20 77.6545
21 79.8223
22 90.5141
23 118.1063
24 115.9708
25 112.6026
26 132.1979
27 125.8993
28 142.1484
29 136.0734
30 138.2952
31 140.7417
32 141.0997
33 147.8257
34 161.996
35 155.4522
36 142.4284
37 157.542
38 178.3883
39 180.399
40 201.3079
41 186.1886
42 192.7298
43 212.7731
44 235.999
45 244.0685
46 246.072
47 247.0682
48 262.1272
49 290.0625
50 283.9433
51 308.7959
52 336.0876
53 385.9518
54 457.5594
55 435.8884
56 469.0605
57 488.8676
58 501.6324
59 545.4515
60 574.7385
61 592.017
62 638.5344
63 659.2947
64 749.4514
65 800.1093
66 898.7856
67 919.0623
68 1033.6202
69 1099.6909
70 1187.9556
71 1201.6398
72 1307.8535
73 1373.8748
74 1385.1936
75 1443.4541
76 1562.363
77 1612.3171
78 1681.7655
79 1714.3195
80 1734.396
81 1752.8069
82 1824.3623
83 1832.4166
84 1890.3373
85 1929.0525
86 1983.7129
87 1923.5461
88 1948.7032
89 1977.118
