-90 759.1478
-89 780.4583
-88 768.8952
-87 772.7994
-86 751.8124
-85 781.8152
-84 760.3482
-83 774.3271
-82 801.692
-81 787.1675
-80 771.0081
-79 732.1674
-78 748.0408
-77 735.3441
-76 692.4529
-75 714.1455
-74 664.3657
-73 618.9969
-72 555.3397
-71 522.3164
-70 524.6974
-69 525.007
-68 479.9833
-67 400.5168
-66 380.4253
-65 379.4019
-64 337.7897
-63 316.7798
-62 315.5791
-61 303.5989
-60 263.8221
-59 246.0222
-58 240.1211
-57 225.471
-56 220.9034
-55 228.4487
-54 199.635
-53 180.4968
-52 172.4978
-51 168.4879
-50 173.5751
-49 164.4187
-48 163.7962
-47 153.0433
-46 138.5703
-45 136.1465
-44 128.8444
-43 117.6687
-42 111.938
-41 103.7326
-40 96.5889
-39 84.7075
-38 82.0125
-37 87.4715
-36 76.7088
-35 87.8566
-34 79.258
-33 84.3462
-32 80.5793
-31 75.2547
-30 69.432
-29 70.7904
-28 82.0095
-27 79.1717
-26 78.4634
-25 74.2099
-24 62.3762
-23 68.0641
-22 71.8481
-21 67.9399
-20 70.9118
-19 72.5957
-18 65.1028
-17 58.5793
-16 77.9131
-15 73.7435
-14 68.0066
-13 62.9619
-12 68.5241
-11 74.4033
-10 63.2676
-9 68.1652
-8 74.67
-7 63.4264
-6 71.2504
-5 76.2178
-4 76.6685
-3 69.7596
-2 72.4689
-1 73.3835
0 74.436
1 78.641
2 67.6324
3 81.5483
4 66.9389
5 83.3239
6 71.736
7 70.0084
8 88.3335
9 78.3405
10 77.0936
11 75.552
12 78.9146
13 81.2695
14 76.8914
15 104.5069
16 108.5935
17 105.8207
18 96.929
19 90.1932
20 85.9729
21 95.5669
22 90.779
23 88.8717
24 89.2377
25 88.0063
26 91.519
27 100.1499
28 109.0735
29 122.1069
30 127.2401
31 117.5528
32 116.6826
33 130.0578
34 129.0962
35 134.8316
36 134.6822
37 123.6594
38 125.3228
39 131.5616
40 161.5799
41 163.1736
42 154.1976
43 166.2803
44 160.9103
45 174.8635
46 187.901
47 192.284
48 205.689
49 224.3561
50 207.7545
51 225.2993
52 233.4742
53 262.7127
54 284.3721
55 261.354
56 267.3288
57 302.2555
58 322.4905
59 350.598
60 337.6951
61 366.9997
62 414.3017
63 404.4911
64 416.0593
65 427.9664
66 455.4813
67 426.4782
68 502.9418
69 523.8612
70 510.1328
71 488.1935
72 509.8054
73 552.1113
74 609.7535
75 578.8624
76 563.8565
77 604.0973
78 588.3936
79 642.9775
80 650.1738
81 711.4534
82 733.1212
83 715.1736
84 718.8478
85 721.5142
86 699.8038
87 755.8374
88 724.8413
89 702.9201
