-90 2431.054
-89 2392.1335
-88 2390.647
-87 2339.5027
-86 2203.5076
-85 2181.7444
-84 2116.6494
-83 2224.3835
-82 2246.7144
-81 2167.5005
-80 2200.823
-79 2085.1975
-78 2026.548
-77 1938.2253
-76 1762.6842
-75 1656.3615
-74 1558.9103
-73 1497.6331
-72 1428.5862
-71 1402.3253
-70 1309.4835
-69 1233.9984
-68 1256.0979
-67 1195.3827
-66 1048.7042
-65 955.0795
-64 859.1928
-63 742.7204
-62 636.639
-61 614.1428
-60 542.8657
-59 522.3953
-58 437.5491
-57 385.6299
-56 369.7581
-55 361.5686
-54 350.3492
-53 292.5476
-52 283.5867
-51 251.1532
-50 245.1763
-49 230.9549
-48 202.9226
-47 188.6192
-46 181.1334
-45 187.3185
-44 168.8362
-43 138.1174
-42 123.8773
-41 105.3916
-40 101.1226
-39 82.3466
-38 79.7735
-37 64.7949
-36 70.5271
-35 85.7142
-34 84.6065
-33 91.1524
-32 68.1897
-31 50.2353
-30 50.7284
-29 46.1255
-28 44.3761
-27 32.0892
-26 31.9989
-25 33.5602
-24 41.5074
-23 31.0424
-22 30.8013
-21 29.8187
-20 28.7536
-19 27.6966
-18 37.0778
-17 32.054
-16 23.0553
-15 27.0439
-14 30.857
-13 24.2681
-12 22.0701
-11 19.0716
-10 20.4096
-9 25.2952
-8 28.7115
-7 27.8738
-6 26.1779
-5 28.0736
-4 19.5094
-3 20.0576
-2 25.7228
-1 22.2817
0 17.0501
1 17.9668
2 24.0356
3 23.4855
4 20.1927
5 14.0865
6 21.0679
7 22.6827
8 18.4862
9 20.9231
10 31.01
11 43.794
12 34.969
13 25.1678
14 25.1621
15 25.8344
16 28.9088
17 33.1998
18 29.0071
19 23.3546
20 27.3633
21 26.3424
22 29.0924
23 24.6529
24 27.9672
25 35.1033
26 45.8325
27 56.2305
28 52.0337
29 53.333
30 58.0345
31 70.2091
32 64.2253
33 66.2115
34 81.9057
35 79.1632
36 81.8242
37 102.9088
38 102.8019
39 110.2728
40 108.2842
41 109.9013
42 120.4767
43 130.8682
44 135.2973
45 141.4501
46 153.1142
47 165.348
48 197.3343
49 229.5259
50 232.0439
51 241.4259
52 257.5942
53 306.387
54 352.5633
55 343.088
56 386.5593
57 472.9423
58 512.2119
59 604.7265
60 634.1255
61 689.1808
62 736.6471
63 787.926
64 889.4099
65 1015.8538
66 1044.7008
67 1166.463
68 1261.5985
69 1372.4575
70 1518.8879
71 1659.8126
72 1705.4971
73 1876.1831
74 2004.448
75 2081.2766
76 2157.1045
77 2338.301
78 2308.5491
79 2421.3745
80 2447.6025
81 2429.1736
82 2383.624
83 2349.8901
84 2364.1338
85 2461.625
86 2499.2776
87 2522.1882
88 2485.7463
89 2370.2866
