-90 6089.0532
-89 6075.5977
-88 5955.6108
-87 5603.7441
-86 5240.4785
-85 5060.1885
-84 4991.8569
-83 4853.2476
-82 4811.1357
-81 4640.8599
-80 4347.3228
-79 4093.4573
-78 3858.6875
-77 3536.2566
-76 3233.9343
-75 3072.4771
-74 2834.1577
-73 2586.9849
-72 2422.3877
-71 2174.4624
-70 1980.5669
-69 1848.2861
-68 1727.5529
-67 1619.3624
-66 1459.4974
-65 1368.2996
-64 1249.105
-63 1130.8429
-62 1027.8036
-61 950.8723
-60 841.5005
-59 803.3571
-58 778.7329
-57 748.2579
-56 642.9662
-55 590.045
-54 559.1439
-53 528.8414
-52 471.007
-51 451.5447
-50 378.7573
-49 349.372
-48 342.5813
-47 282.6636
-46 271.4957
-45 223.6748
-44 215.8247
-43 232.7595
-42 228.937
-41 231.8651
-40 193.9931
-39 183.7973
-38 160.6071
-37 142.4246
-36 148.9168
-35 147.8887
-34 123.1116
-33 104.8415
-32 92.788
-31 96.9884
-30 88.7091
-29 83.9759
-28 84.8082
-27 89.2754
-26 90.7602
-25 97.6637
-24 107.3287
-23 96.9345
-22 88.0053
-21 70.4461
-20 66.9501
-19 55.8635
-18 68.7837
-17 62.9283
-16 62.7624
-15 62.3687
-14 68.9944
-13 60.1735
-12 61.026
-11 57.2486
-10 45.7452
-9 51.687
-8 50.0768
-7 57.0999
-6 43.355
-5 39.4932
-4 44.4559
-3 33.9047
-2 36.1768
-1 38.6385
0 42.7044
1 36.4704
2 45.4198
3 45.1656
4 56.9074
5 51.8321
6 60.7474
7 66.4867
8 79.927
9 78.4639
10 63.0874
11 65.7164
12 67.8545
13 65.3062
14 69.9509
15 84.0498
16 84.1936
17 80.408
18 98.8356
19 92.1189
20 89.3172
21 84.5424
22 75.7892
23 90.9336
24 107.8802
25 125.2162
26 118.2757
27 125.159
28 118.1751
29 139.9666
30 141.9189
31 167.1597
32 199.5872
33 202.8127
34 216.1315
35 212.3504
36 209.4234
37 227.5241
38 239.9286
39 241.9657
40 255.8468
41 286.268
42 276.7504
43 323.0041
44 331.4554
45 359.7587
46 406.5482
47 438.8758
48 444.4061
49 463.8203
50 467.3195
51 548.7966
52 578.7874
53 639.5278
54 790.0292
55 860.204
56 895.1086
57 1013.9108
58 1124.3901
59 1248.0592
60 1393.2416
61 1541.7671
62 1712.3611
63 1842.245
64 2060.7263
65 2220.7129
66 2501.8801
67 2713.5784
68 2856.5398
69 3092.6306
70 3404.7317
71 3731.0579
72 3978.8381
73 4323.9961
74 4449.0181
75 4567.7886
76 4901.3804
77 5144.1021
78 5374.7529
79 5787.9219
80 6134.4507
81 6390.0898
82 6576.9175
83 6859.542
84 6702.9355
85 6593.9233
86 6466.3008
87 6368.1226
88 6447.3882
89 6493.0747
