-90 2101.0984
-89 2024.4128
-88 2083.6824
-87 2011.2883
-86 1993.2009
-85 2042.1759
-84 1975.2952
-83 1979.0632
-82 1992.125
-81 1936.603
-80 1845.6475
-79 1809.3046
-78 1730.9812
-77 1672.3606
-76 1522.0156
-75 1529.8861
-74 1463.5406
-73 1430.2622
-72 1306.5095
-71 1169.6508
-70 1087.597
-69 1010.3718
-68 967.3159
-67 905.0607
-66 787.5545
-65 713.2748
-64 663.0153
-63 627.1162
-62 595.8546
-61 529.4927
-60 488.3559
-59 471.9396
-58 415.5527
-57 389.7646
-56 365.9519
-55 328.4487
-54 305.0757
-53 275.54
-52 242.0652
-51 269.9989
-50 255.482
-49 240.7281
-48 273.85
-47 256.6516
-46 262.7227
-45 230.5913
-44 225.3082
-43 241.7623
-42 278.1505
-41 268.9695
-40 223.9679
-39 209.1873
-38 177.198
-37 163.6951
-36 175.4975
-35 183.6372
-34 176.8425
-33 176.1083
-32 167.5981
-31 162.0598
-30 169.8826
-29 165.6636
-28 158.9611
-27 167.7729
-26 163.4952
-25 170.1473
-24 171.6645
-23 171.3989
-22 141.1496
-21 144.8489
-20 147.9761
-19 140.7871
-18 140.7964
-17 122.596
-16 115.6905
-15 107.2436
-14 123.6209
-13 115.2292
-12 100.7051
-11 123.6283
-10 109.9689
-9 109.6626
-8 111.871
-7 103.0181
-6 110.4313
-5 115.3248
-4 111.221
-3 94.9896
-2 92.7471
-1 100.1757
0 101.6432
1 110.9002
2 101.9987
3 110.3278
4 106.1111
5 112.44
6 126.0231
7 117.9587
8 114.9766
9 119.1165
10 107.1719
11 107.1349
12 101.4284
13 105.0658
14 107.8914
15 99.7441
16 100.0933
17 111.2675
18 115.9056
19 124.2821
20 103.0055
21 103.8739
22 98.5238
23 104.15
24 113.5862
25 101.0065
26 91.7983
27 102.1708
28 114.1732
29 117.2165
30 142.2403
31 133.9413
32 134.5994
33 147.5859
34 119.278
35 136.3611
36 140.5635
37 138.1375
38 141.4908
39 142.7038
40 167.1572
41 197.4492
42 190.5056
43 200.8978
44 196.9203
45 223.05
46 232.5095
47 240.8685
48 249.7985
49 269.4454
50 271.9377
51 317.9976
52 354.7426
53 381.5055
54 440.9181
55 477.4662
56 448.9949
57 483.7901
58 481.4835
59 491.0558
60 518.6918
61 522.499
62 549.4641
63 574.9511
64 627.076
65 660.9651
66 704.045
67 743.6775
68 835.9656
69 899.8063
70 1063.2434
71 1074.9585
72 1065.2733
73 1102.7565
74 1229.1829
75 1326.1678
76 1355.7726
77 1456.8413
78 1616.2716
79 1728.0234
80 1818.4515
81 1917.7012
82 1939.2496
83 1991.2329
84 2096.1284
85 2123.9285
86 2091.95
87 2078.8059
88 2033.0212
89 2143.4326
