-90 1459.0461
-89 1479.2522
-88 1429.8989
-87 1409.4797
-86 1360.9365
-85 1359.1635
-84 1347.498
-83 1324.7649
-82 1321.6102
-81 1291.9912
-80 1288.6481
-79 1204.958
-78 1111.1473
-77 1086.6847
-76 1052.193
-75 1017.9066
-74 934.0844
-73 828.8614
-72 785.6193
-71 734.2238
-70 695.2429
-69 672.4946
-68 660.1638
-67 608.6113
-66 591.6748
-65 528.6888
-64 517.2588
-63 481.8918
-62 452.0692
-61 427.7871
-60 356.6929
-59 342.0206
-58 322.5627
-57 325.9985
-56 314.2026
-55 306.5307
-54 283.9335
-53 267.3091
-52 256.0822
-51 243.4594
-50 237.2806
-49 237.2759
-48 234.494
-47 204.7381
-46 189.2043
-45 196.2047
-44 179.5339
-43 165.3688
-42 154.5893
-41 123.1415
-40 128.8824
-39 139.6786
-38 119.7613
-37 128.6492
-36 122.4993
-35 108.173
-34 97.787
-33 104.8089
-32 86.6964
-31 96.8691
-30 105.1044
-29 91.3407
-28 87.8046
-27 87.2085
-26 77.959
-25 81.9603
-24 90.6616
-23 83.131
-22 88.1556
-21 77.0055
-20 68.4323
-19 64.2805
-18 66.8498
-17 67.1567
-16 65.1065
-15 60.5016
-14 77.2665
-13 71.2387
-12 70.6073
-11 62.3439
-10 61.1981
-9 59.3579
-8 67.031
-7 77.277
-6 72.2093
-5 69.9309
-4 70.2816
-3 63.6117
-2 59.9455
-1 57.5844
0 46.5451
1 49.4471
2 60.4651
3 49.6096
4 48.0785
5 46.2247
6 45.3562
7 60.3625
8 43.4205
9 44.0249
10 48.1852
11 50.2815
12 55.0329
13 52.8803
14 52.5501
15 58.3505
16 53.9734
17 48.5257
18 47.1236
19 50.3843
20 58.4178
21 53.4366
22 56.1672
23 64.5173
24 74.5876
25 94.1744
26 87.6134
27 81.0067
28 85.2441
29 74.0688
30 78.1385
31 71.9021
32 81.1204
33 85.174
34 89.2368
35 93.8245
36 113.3204
37 106.4703
38 100.858
39 97.7209
40 112.5944
41 105.2986
42 116.9272
43 127.3303
44 146.1069
45 138.7207
46 174.5026
47 182.4388
48 195.164
49 190.0271
50 207.575
51 245.0312
52 270.2047
53 300.5255
54 327.1731
55 346.4907
56 370.667
57 387.6104
58 427.4153
59 443.1634
60 482.1889
61 486.9915
62 525.4633
63 543.2692
64 543.7217
65 562.9053
66 622.9744
67 663.6561
68 713.0544
69 760.5302
70 809.6193
71 887.218
72 944.2961
73 993.0248
74 995.1392
75 1030.0482
76 1137.4139
77 1241.447
78 1334.3337
79 1387.6444
80 1384.8281
81 1405.96
82 1577.4426
83 1634.4937
84 1580.3079
85 1510.8829
86 1483.7151
87 1424.5765
88 1359.7354
89 1424.1737
