-90 1807.1807
-89 1727.7275
-88 1683.9219
-87 1623.5303
-86 1649.8583
-85 1607.7598
-84 1558.4218
-83 1498.1401
-82 1437.1577
-81 1428.7139
-80 1432.601
-79 1395.7281
-78 1341.2179
-77 1263.76
-76 1249.819
-75 1221.1888
-74 1195.4331
-73 1128.8502
-72 1037.3256
-71 947.5796
-70 906.1249
-69 873.6829
-68 843.6489
-67 795.1799
-66 750.4804
-65 708.2887
-64 687.1393
-63 669.1541
-62 639.7812
-61 636.8512
-60 581.7745
-59 502.7034
-58 456.6833
-57 415.7932
-56 372.5427
-55 353.365
-54 323.5862
-53 276.9568
-52 260.0151
-51 275.1296
-50 263.8755
-49 233.9316
-48 199.8272
-47 176.5679
-46 194.5712
-45 185.9244
-44 174.3347
-43 168.8293
-42 167.1344
-41 143.6548
-40 134.3219
-39 131.6428
-38 113.1641
-37 104.2358
-36 95.228
-35 95.3414
-34 94.7794
-33 81.228
-32 65.6061
-31 64.4244
-30 62.395
-29 60.4634
-28 58.5478
-27 54.7687
-26 57.9088
-25 59.7578
-24 52.3344
-23 50.1726
-22 52.3156
-21 41.3582
-20 41.5744
-19 35.8297
-18 32.3441
-17 33.0369
-16 35.0247
-15 28.0262
-14 24.9555
-13 27.4131
-12 21.1185
-11 26.0171
-10 23.8962
-9 17.7141
-8 24.6752
-7 23.7277
-6 29.2022
-5 15.9403
-4 19.2554
-3 24.5299
-2 24.1031
-1 25.5197
0 27.8587
1 25.0431
2 25.8306
3 21.9892
4 29.9103
5 23.4768
6 27.2818
7 30.0683
8 31.3798
9 32.6239
10 32.5535
11 27.382
12 32.1464
13 32.7843
14 36.783
15 33.6188
16 40.6764
17 34.8363
18 44.3401
19 38.3413
20 33.9718
21 30.3577
22 32.5137
23 36.2566
24 42.7993
25 43.3136
26 50.9999
27 58.6652
28 54.3279
29 56.2281
30 68.0902
31 77.3366
32 94.5907
33 71.5944
34 89.3079
35 107.025
36 112.1694
37 116.3316
38 127.1663
39 135.1255
40 122.5051
41 127.9294
42 150.2827
43 165.9647
44 166.0263
45 160.2339
46 196.1044
47 221.0644
48 235.6266
49 259.0746
50 304.9573
51 311.1138
52 321.0276
53 360.5499
54 399.8071
55 428.9234
56 456.8546
57 510.9267
58 516.1367
59 593.2363
60 648.4318
61 688.5243
62 728.1138
63 791.038
64 824.3525
65 841.2425
66 920.4705
67 970.7631
68 1027.4233
69 1064.7012
70 1143.3684
71 1215.8986
72 1247.5603
73 1334.593
74 1362.3862
75 1370.0137
76 1442.3798
77 1589.6642
78 1667.8242
79 1737.5876
80 1798.548
81 1838.6028
82 1813.1487
83 1884.8854
84 1901.9656
85 1826.0591
86 1777.5394
87 1798.8733
88 1829.155
89 1856.7061
