-90 396.3123
-89 404.8439
-88 346.4984
-87 330.0528
-86 282.2821
-85 237.895
-84 228.0582
-83 238.5539
-82 206.9362
-81 201.2196
-80 178.0359
-79 184.7528
-78 175.8956
-77 162.8992
-76 133.0214
-75 115.6865
-74 100.1398
-73 88.4321
-72 81.268
-71 84.9037
-70 81.8574
-69 72.4776
-68 71.0274
-67 65.9622
-66 58.5701
-65 54.0937
-64 63.635
-63 65.8049
-62 61.5326
-61 51.7502
-60 51.9279
-59 54.4019
-58 37.9167
-57 33.5299
-56 41.8918
-55 33.5113
-54 33.8197
-53 37.6698
-52 24.2308
-51 23.8884
-50 23.8207
-49 23.1357
-48 24.5082
-47 27.4166
-46 36.9221
-45 30.8373
-44 27.1644
-43 25.5724
-42 15.2255
-41 18.1602
-40 19.0785
-39 16.887
-38 16.94
-37 12.7392
-36 14.0623
-35 18.4571
-34 17.228
-33 18.733
-32 18.9343
-31 15.7425
-30 16.317
-29 9.8405
-28 15.844
-27 13.8834
-26 16.2826
-25 22.4483
-24 27.9047
-23 20.355
-22 23.6317
-21 29.4779
-20 32.2584
-19 26.89
-18 26.6129
-17 32.8187
-16 36.4343
-15 26.2715
-14 30.9517
-13 37.1855
-12 33.5743
-11 30.9273
-10 31.6208
-9 28.4824
-8 41.0567
-7 39.4104
-6 33.3292
-5 32.4832
-4 39.3282
-3 32.7275
-2 30.1206
-1 38.0222
0 43.8292
1 43.4293
2 40.5556
3 49.246
4 57.5724
5 49.7754
6 50.3792
7 56.2027
8 59.7641
9 59.9629
10 72.6722
11 76.0709
12 84.5018
13 98.0657
14 104.464
15 100.2515
16 102.8833
17 121.9341
18 113.7385
19 122.3497
20 129.7094
21 134.0549
22 149.7662
23 163.4757
24 150.3591
25 163.1072
26 173.0298
27 175.0459
28 202.0902
29 230.2978
30 236.5097
31 238.9359
32 270.3832
33 298.0964
34 353.4193
35 363.7095
36 374.9021
37 369.2016
38 371.4041
39 406.6371
40 424.7012
41 458.8466
42 516.6913
43 554.4221
44 568.2408
45 609.7535
46 667.137
47 678.9815
48 690.9224
49 721.0638
50 784.3156
51 869.0739
52 904.1262
53 928.7004
54 1014.3367
55 1066.1602
56 1168.8047
57 1096.459
58 1027.6222
59 1009.1302
60 982.154
61 973.2029
62 1088.4871
63 1092.4419
64 1097.0056
65 1189.4155
66 1219.3682
67 1143.3691
68 1104.3053
69 1084.5673
70 1108.9852
71 1112.7812
72 1127.1266
73 1091.5616
74 1040.4242
75 1024.7771
76 986.4811
77 942.2892
78 867.7904
79 801.7431
80 789.4045
81 771.0801
82 694.0955
83 654.6904
84 611.3898
85 545.7141
86 549.2167
87 509.4334
88 478.7212
89 438.9116
