-90 809.7147
-89 765.4512
-88 776.662
-87 793.6166
-86 811.7629
-85 789.2859
-84 835.504
-83 818.7748
-82 874.5331
-81 864.8856
-80 842.9899
-79 807.0607
-78 832.3466
-77 816.2955
-76 802.5528
-75 805.1602
-74 837.5849
-73 836.5418
-72 856.6591
-71 888.4896
-70 889.5511
-69 853.8914
-68 868.6498
-67 834.0073
-66 792.2493
-65 788.7289
-64 786.316
-63 750.6464
-62 775.104
-61 791.6367
-60 791.8914
-59 801.182
-58 777.425
-57 777.83
-56 755.0449
-55 723.1085
-54 710.5597
-53 718.5162
-52 722.989
-51 777.8883
-50 765.6267
-49 760.4868
-48 772.7997
-47 720.907
-46 688.3256
-45 721.8041
-44 706.3264
-43 758.3195
-42 758.836
-41 732.2681
-40 748.3346
-39 759.1693
-38 757.8064
-37 747.8712
-36 760.9495
-35 802.7402
-34 793.7224
-33 739.5424
-32 758.1567
-31 720.6285
-30 748.0272
-29 767.4338
-28 732.3301
-27 740.3443
-26 705.4058
-25 724.3192
-24 730.8991
-23 718.7433
-22 693.2108
-21 698.7801
-20 685.4902
-19 631.261
-18 640.5432
-17 612.71
-16 590.0386
-15 583.3115
-14 582.1484
-13 587.6936
-12 595.8923
-11 589.6091
-10 571.968
-9 554.3694
-8 558.0236
-7 532.5016
-6 499.5228
-5 500.4869
-4 484.2091
-3 460.7076
-2 418.7616
-1 407.9068
0 411.8225
1 421.0679
2 416.8402
3 432.7967
4 405.0027
5 419.1882
6 400.596
7 410.7406
8 436.0128
9 383.3448
10 378.0229
11 368.0779
12 368.5041
13 369.1992
14 377.2806
15 346.8611
16 351.6505
17 321.3232
18 302.0329
19 311.8733
20 298.7728
21 285.9103
22 288.7501
23 255.3602
24 252.0942
25 268.1422
26 277.604
27 233.4489
28 257.5371
29 242.6651
30 221.5334
31 239.1979
32 233.5749
33 236.9318
34 219.5849
35 249.2508
36 287.9674
37 297.5617
38 299.0743
39 289.8589
40 283.3232
41 310.4779
42 323.492
43 314.2249
44 354.2986
45 384.5315
46 422.0727
47 473.6176
48 518.5656
49 523.1204
50 545.4021
51 515.0028
52 499.6909
53 556.7061
54 554.7003
55 566.226
56 517.4993
57 492.2983
58 535.5182
59 540.2875
60 548.0501
61 611.1488
62 603.1385
63 597.3422
64 617.1458
65 594.5443
66 587.8549
67 577.6041
68 529.7241
69 511.5848
70 512.2145
71 560.7524
72 597.6196
73 600.381
74 647.5225
75 642.0359
76 672.5845
77 698.8947
78 691.8552
79 714.1685
80 674.2026
81 725.5247
82 742.6586
83 778.2781
84 812.8848
85 884.2709
86 847.9913
87 791.5168
88 795.6633
89 779.4648
