-90 1286.793
-89 1285.1091
-88 1307.996
-87 1293.9838
-86 1261.3502
-85 1281.7262
-84 1264.6394
-83 1214.933
-82 1196.0232
-81 1156.2625
-80 1129.8993
-79 1075.8468
-78 1101.5353
-77 1072.3707
-76 1007.9612
-75 956.4709
-74 948.6555
-73 986.6568
-72 1017.5186
-71 969.8334
-70 947.4068
-69 876.7426
-68 842.1903
-67 862.9037
-66 846.4409
-65 786.409
-64 741.1901
-63 730.1874
-62 683.5594
-61 651.0439
-60 624.8849
-59 573.905
-58 570.7044
-57 582.1848
-56 549.5593
-55 494.0965
-54 472.4865
-53 452.1569
-52 469.9866
-51 460.4637
-50 444.9274
-49 445.0054
-48 424.8914
-47 395.223
-46 406.2692
-45 424.4133
-44 403.9745
-43 360.089
-42 327.0529
-41 307.4265
-40 338.0591
-39 303.0286
-38 351.6581
-37 336.4896
-36 314.7742
-35 274.8055
-34 297.6605
-33 267.221
-32 271.6567
-31 264.762
-30 266.3875
-29 259.626
-28 250.6319
-27 255.3643
-26 222.9651
-25 229.7911
-24 236.9353
-23 238.6892
-22 236.2918
-21 224.142
-20 235.9032
-19 213.7173
-18 210.8087
-17 212.84
-16 220.0167
-15 207.215
-14 223.7843
-13 242.8786
-12 251.3936
-11 232.5977
-10 218.7596
-9 213.5556
-8 236.6642
-7 220.6407
-6 219.608
-5 216.9651
-4 206.684
-3 213.7908
-2 189.6838
-1 208.0011
0 206.6306
1 202.4314
2 191.9305
3 189.4905
4 185.5892
5 173.7872
6 175.5294
7 174.2426
8 193.8193
9 208.6787
10 190.7068
11 208.815
12 198.2232
13 193.1526
14 200.5247
15 204.9671
16 216.33
17 235.5779
18 240.685
19 241.229
20 239.7591
21 236.0519
22 255.7046
23 248.905
24 259.5984
25 270.5336
26 284.3313
27 277.9649
28 300.5154
29 301.7524
30 316.8012
31 322.0043
32 337.1458
33 349.3264
34 395.2607
35 421.3766
36 438.8366
37 421.7253
38 454.6104
39 464.0914
40 476.4402
41 508.5699
42 535.1262
43 576.915
44 603.1959
45 654.278
46 671.5339
47 710.6964
48 680.2494
49 670.2025
50 713.6266
51 746.6801
52 764.3981
53 795.7463
54 844.2281
55 931.766
56 993.7891
57 1027.3582
58 1099.4294
59 1060.8324
60 1017.9062
61 1074.6561
62 1074.8864
63 1099.3082
64 1120.5508
65 1141.2058
66 1164.5387
67 1197.5214
68 1269.8748
69 1243.725
70 1227.9414
71 1187.109
72 1173.1215
73 1197.6598
74 1160.2122
75 1208.1287
76 1215.1379
77 1323.1785
78 1268.593
79 1229.8451
80 1186.9545
81 1144.7201
82 1240.7294
83 1234.0004
84 1225.1176
85 1233.2384
86 1230.809
87 1207.1499
88 1204.0927
89 1268.8108
