-90 750.8508
-89 683.6722
-88 687.3201
-87 701.0579
-86 675.0923
-85 659.5833
-84 665.6816
-83 668.4456
-82 644.6473
-81 599.2357
-80 611.4243
-79 643.2216
-78 581.0483
-77 611.2369
-76 605.5395
-75 600.6942
-74 600.7791
-73 540.4182
-72 523.1461
-71 492.784
-70 498.1137
-69 450.1483
-68 510.9764
-67 528.7758
-66 527.9297
-65 520.8883
-64 493.5709
-63 450.589
-62 481.9858
-61 444.3142
-60 407.6337
-59 391.3322
-58 388.0009
-57 378.109
-56 364.8691
-55 381.1084
-54 366.8644
-53 344.4789
-52 333.045
-51 328.6093
-50 300.838
-49 279.411
-48 277.8176
-47 269.991
-46 229.613
-45 247.4544
-44 242.7804
-43 208.0988
-42 175.8066
-41 171.5302
-40 159.9973
-39 150.3333
-38 163.768
-37 167.3908
-36 169.5067
-35 130.7372
-34 130.0347
-33 133.6353
-32 140.7122
-31 128.7707
-30 114.0585
-29 122.8924
-28 118.9787
-27 116.6037
-26 112.0924
-25 95.6925
-24 105.5912
-23 99.4971
-22 82.4532
-21 75.7979
-20 71.9783
-19 68.9943
-18 60.6822
-17 63.8064
-16 62.1204
-15 52.7522
-14 52.5755
-13 47.4689
-12 47.7301
-11 46.1554
-10 43.1529
-9 39.2365
-8 38.1929
-7 31.421
-6 41.3521
-5 42.552
-4 38.8088
-3 33.9645
-2 36.8473
-1 44.9361
0 31.7168
1 28.3429
2 37.5062
3 27.7756
4 33.4045
5 30.2693
6 30.6311
7 32.3317
8 23.0139
9 37.8616
10 35.0596
11 35.1345
12 33.5405
13 34.3652
14 31.7182
15 36.2521
16 42.6082
17 31.0674
18 38.5031
19 33.2582
20 39.256
21 43.9745
22 44.2545
23 45.7004
24 43.3144
25 37.269
26 38.7155
27 47.1179
28 32.3342
29 30.426
30 38.055
31 45.526
32 39.9291
33 51.2742
34 58.3711
35 58.5824
36 65.433
37 63.7095
38 62.6154
39 77.5747
40 81.6357
41 79.2652
42 92.8742
43 105.4236
44 107.3123
45 107.6138
46 100.8361
47 104.2224
48 101.3177
49 112.4948
50 114.5177
51 129.1878
52 150.4809
53 139.8725
54 152.2802
55 182.2187
56 184.9077
57 168.701
58 166.342
59 182.8227
60 180.7122
61 195.6897
62 233.9978
63 276.8923
64 288.4806
65 329.6091
66 370.7761
67 366.0743
68 438.4544
69 430.4854
70 495.3911
71 498.7643
72 494.5174
73 523.634
74 530.7251
75 568.6345
76 608.4672
77 633.8209
78 598.6568
79 564.744
80 595.0314
81 588.4916
82 547.7976
83 599.3019
84 626.4252
85 649.2303
86 683.9373
87 724.222
88 776.3339
89 724.3987
