-90 605.269
-89 592.8105
-88 603.18
-87 601.2408
-86 614.9178
-85 615.0078
-84 599.6113
-83 622.1299
-82 559.923
-81 571.9287
-80 566.2963
-79 524.3182
-78 518.0956
-77 534.0278
-76 506.1443
-75 477.0256
-74 491.7002
-73 526.2388
-72 470.3789
-71 458.0913
-70 449.67
-69 446.3742
-68 429.4116
-67 430.2422
-66 420.8951
-65 413.5966
-64 401.9535
-63 405.3272
-62 374.4601
-61 368.0142
-60 362.8795
-59 345.1968
-58 333.4217
-57 321.3316
-56 318.8282
-55 303.2867
-54 233.245
-53 222.4343
-52 218.326
-51 186.1057
-50 183.1248
-49 167.0452
-48 187.7847
-47 169.7668
-46 157.1292
-45 170.4233
-44 168.881
-43 155.1277
-42 146.5582
-41 141.1344
-40 130.7443
-39 98.6292
-38 106.8261
-37 114.089
-36 118.3057
-35 113.9183
-34 91.391
-33 92.6421
-32 91.9716
-31 96.2572
-30 98.1177
-29 94.4045
-28 96.8208
-27 93.0448
-26 83.9338
-25 81.5224
-24 82.1943
-23 78.1139
-22 61.1491
-21 62.633
-20 70.939
-19 73.6231
-18 60.564
-17 56.927
-16 58.0101
-15 59.8883
-14 65.2875
-13 72.3223
-12 64.091
-11 57.1396
-10 59.3858
-9 67.7634
-8 79.8941
-7 89.193
-6 82.619
-5 79.8812
-4 88.0761
-3 70.9965
-2 69.3638
-1 80.0028
0 74.6075
1 82.8639
2 79.2511
3 83.5873
4 86.533
5 78.9574
6 78.8356
7 89.0093
8 92.9847
9 92.3027
10 102.1946
11 115.7454
12 111.0275
13 126.6315
14 137.5116
15 139.2269
16 144.6343
17 127.6452
18 126.8562
19 135.7515
20 146.2769
21 144.9219
22 159.6974
23 182.9278
24 184.4017
25 180.6736
26 204.9328
27 209.2518
28 227.9372
29 252.2861
30 247.8819
31 256.6808
32 296.1161
33 319.4167
34 316.1909
35 309.1906
36 333.8236
37 354.6973
38 370.1342
39 400.8358
40 417.6855
41 435.7859
42 451.9418
43 502.0497
44 497.8876
45 530.2068
46 542.194
47 560.9309
48 568.0986
49 598.2986
50 622.0686
51 611.7762
52 594.602
53 596.1716
54 556.3228
55 547.7077
56 540.4053
57 582.7917
58 556.5558
59 566.5159
60 554.8785
61 578.8293
62 573.1059
63 586.3191
64 562.3849
65 582.8168
66 612.3157
67 669.9124
68 706.7846
69 729.9174
70 727.2093
71 759.7047
72 750.1366
73 819.111
74 856.1783
75 853.2701
76 799.4778
77 753.8165
78 745.7592
79 743.9855
80 687.7803
81 699.321
82 706.222
83 721.8179
84 699.4182
85 617.7285
86 648.4285
87 650.7941
88 628.9815
89 616.79
