-90 1017.5067
-89 993.592
-88 1013.2518
-87 984.2762
-86 1024.6523
-85 1116.5215
-84 1139.98
-83 1115.6298
-82 1158.8215
-81 1229.3198
-80 1229.6798
-79 1252.0701
-78 1252.8375
-77 1333.0378
-76 1325.423
-75 1295.4812
-74 1278.3176
-73 1240.4399
-72 1257.2943
-71 1223.4426
-70 1216.1603
-69 1208.2291
-68 1201.2843
-67 1222.3453
-66 1181.6823
-65 1051.3971
-64 1023.499
-63 990.7347
-62 868.5412
-61 847.8976
-60 804.7954
-59 718.7522
-58 659.9734
-57 654.5633
-56 616.0671
-55 560.0115
-54 531.3298
-53 471.8003
-52 430.6171
-51 417.2367
-50 361.8295
-49 350.174
-48 340.8371
-47 316.243
-46 283.1158
-45 241.803
-44 251.4931
-43 240.3497
-42 233.0833
-41 217.9769
-40 209.4236
-39 169.5056
-38 188.7005
-37 178.3211
-36 177.8693
-35 154.9807
-34 159.1622
-33 145.3203
-32 138.6073
-31 132.0158
-30 134.318
-29 118.4925
-28 118.3781
-27 108.4224
-26 112.5978
-25 116.6921
-24 115.0698
-23 111.476
-22 111.0695
-21 90.092
-20 94.8162
-19 90.3885
-18 93.9279
-17 86.3784
-16 77.566
-15 76.7211
-14 80.3626
-13 66.6192
-12 78.8155
-11 88.6044
-10 81.4699
-9 76.3815
-8 67.385
-7 61.7308
-6 71.2176
-5 84.2599
-4 91.7125
-3 95.9118
-2 90.8419
-1 77.2596
0 75.4388
1 80.5858
2 72.8195
3 84.8077
4 97.9873
5 89.643
6 77.5744
7 92.4237
8 106.4445
9 97.2813
10 101.2348
11 87.9434
12 79.6875
13 88.7298
14 93.4563
15 83.5552
16 85.7008
17 91.8958
18 104.9538
19 117.4135
20 140.3551
21 132.0515
22 124.3384
23 124.437
24 98.2813
25 106.2691
26 113.6752
27 130.0165
28 123.1204
29 120.9506
30 129.201
31 131.6866
32 115.3726
33 111.5244
34 143.2563
35 114.5948
36 118.4358
37 137.448
38 137.7497
39 152.4969
40 169.095
41 183.4308
42 209.8299
43 195.231
44 201.5473
45 208.8926
46 225.2783
47 223.3927
48 246.2472
49 248.0593
50 285.1623
51 315.7783
52 352.6655
53 357.4225
54 376.749
55 390.1463
56 426.0452
57 398.8855
58 423.5165
59 446.2528
60 478.319
61 515.5219
62 560.6282
63 559.655
64 561.1856
65 592.6572
66 606.7479
67 613.538
68 610.3341
69 603.7594
70 646.6967
71 668.1201
72 713.9484
73 724.4674
74 806.3517
75 868.2469
76 847.2375
77 847.932
78 821.4075
79 904.4533
80 926.1783
81 887.0067
82 875.7874
83 920.9125
84 915.3464
85 928.0761
86 978.8984
87 966.9695
88 947.9441
89 991.1181
