-90 1117.8126
-89 1127.3571
-88 1118.4846
-87 1181.1738
-86 1186.4139
-85 1209.6599
-84 1216.9843
-83 1269.7327
-82 1308.3174
-81 1302.1566
-80 1315.9156
-79 1341.715
-78 1366.8929
-77 1323.6456
-76 1305.2703
-75 1396.2163
-74 1419.4111
-73 1445.1954
-72 1463.9968
-71 1533.4595
-70 1497.366
-69 1493.1627
-68 1529.2122
-67 1626.6451
-66 1616.0845
-65 1581.3959
-64 1591.6562
-63 1526.4349
-62 1651.3732
-61 1619.7653
-60 1615.8021
-59 1615.9497
-58 1695.4401
-57 1719.7179
-56 1779.4335
-55 1772.9419
-54 1795.5477
-53 1812.5005
-52 1817.963
-51 1796.1989
-50 1799.9109
-49 1885.8586
-48 1924.6587
-47 1868.9312
-46 1959.4922
-45 1990.3274
-44 1994.2405
-43 1915.5139
-42 1960.1842
-41 1846.0632
-40 1833.5883
-39 1822.4397
-38 1815.5312
-37 1803.6423
-36 1832.7996
-35 1881.4996
-34 1913.1536
-33 1888.3777
-32 1846.4673
-31 1877.9973
-30 1828.4841
-29 1864.8129
-28 1896.8479
-27 1773.3811
-26 1776.7538
-25 1739.4985
-24 1726.3094
-23 1746.3933
-22 1664.2406
-21 1546.7139
-20 1516.1279
-19 1539.3984
-18 1505.3849
-17 1438.5759
-16 1418.8962
-15 1398.8147
-14 1427.983
-13 1402.5712
-12 1320.95
-11 1237.4318
-10 1265.9771
-9 1182.4998
-8 1135.5366
-7 1063.8214
-6 1083.1764
-5 1030.2432
-4 995.5582
-3 967.0345
-2 927.0096
-1 908.2017
0 915.7552
1 855.7094
2 829.0114
3 864.7859
4 872.2532
5 804.9783
6 788.3727
7 733.2718
8 771.7233
9 731.1403
10 746.5202
11 722.5004
12 677.8055
13 706.3715
14 634.3629
15 601.9028
16 560.207
17 546.5889
18 545.2033
19 567.3027
20 574.5842
21 538.0558
22 507.9376
23 508.4142
24 508.2703
25 495.433
26 447.6705
27 465.9074
28 447.8032
29 449.5683
30 408.6723
31 374.5695
32 363.5085
33 372.7295
34 362.8847
35 358.371
36 330.0691
37 351.5399
38 356.8877
39 357.2458
40 371.8815
41 335.0883
42 333.5431
43 337.2863
44 327.4328
45 328.8172
46 356.3989
47 356.9898
48 354.2083
49 380.0673
50 399.4565
51 392.5028
52 387.7373
53 399.0815
54 401.1379
55 443.2178
56 443.8186
57 432.0895
58 447.2273
59 453.6085
60 471.6017
61 500.6578
62 507.2837
63 495.2633
64 478.0669
65 526.0589
66 536.7487
67 534.0137
68 553.2275
69 557.8057
70 606.6132
71 637.3593
72 709.1838
73 702.8455
74 735.043
75 766.1348
76 833.3474
77 857.8959
78 899.7756
79 925.3914
80 929.3718
81 929.5687
82 922.1942
83 954.4103
84 1001.8806
85 1022.4757
86 993.2702
87 957.8024
88 1024.8701
89 1071.1143
