-90 1085.9701
-89 1141.1644
-88 1172.6227
-87 1170.7904
-86 1170.1881
-85 1179.6653
-84 1193.114
-83 1261.0046
-82 1222.2401
-81 1291.9955
-80 1321.1439
-79 1309.4781
-78 1271.3661
-77 1266.2069
-76 1296.1438
-75 1271.0591
-74 1289.4456
-73 1316.0048
-72 1325.7662
-71 1344.5717
-70 1334.6519
-69 1344.9177
-68 1350.6929
-67 1357.41
-66 1358.8319
-65 1350.0303
-64 1288.3418
-63 1215.2223
-62 1271.3993
-61 1216.5116
-60 1205.028
-59 1170.2812
-58 1179.5254
-57 1110.8793
-56 1074.0542
-55 1050.5188
-54 1026.1301
-53 1023.8844
-52 991.7231
-51 953.7432
-50 1035.9666
-49 981.1567
-48 953.3026
-47 961.0628
-46 934.0029
-45 954.9709
-44 966.3056
-43 946.1568
-42 956.9255
-41 975.8697
-40 934.7922
-39 951.5662
-38 956.5422
-37 952.5375
-36 959.2508
-35 994.2896
-34 964.5244
-33 1029.9269
-32 1024.399
-31 1033.6908
-30 1017.6595
-29 991.6581
-28 954.0403
-27 947.9596
-26 922.5278
-25 917.675
-24 899.3045
-23 909.646
-22 878.1788
-21 819.6003
-20 813.8489
-19 802.5786
-18 783.2592
-17 792.2562
-16 810.3565
-15 821.1075
-14 805.2872
-13 809.5749
-12 763.7207
-11 781.227
-10 784.4252
-9 788.0939
-8 804.7327
-7 737.3681
-6 774.7439
-5 721.3697
-4 666.2545
-3 619.3471
-2 613.0891
-1 567.8776
0 591.066
1 558.8899
2 553.3762
3 534.4455
4 497.7601
5 515.1938
6 479.572
7 455.2991
8 466.7025
9 469.2149
10 452.3416
11 451.3869
12 434.7515
13 452.1294
14 416.1621
15 390.9412
16 391.9243
17 371.1419
18 417.7669
19 419.5238
20 396.0376
21 413.7858
22 376.625
23 376.4177
24 382.4909
25 368.8834
26 376.4417
27 353.6508
28 366.8414
29 342.6865
30 357.9028
31 372.2927
32 350.011
33 367.5106
34 369.7986
35 391.3914
36 366.2581
37 334.8376
38 358.6103
39 338.4934
40 350.0687
41 361.0771
42 360.5296
43 360.282
44 379.7743
45 373.9093
46 371.0643
47 394.8369
48 397.3067
49 418.3212
50 450.6631
51 462.7389
52 483.5631
53 481.6605
54 470.1588
55 469.0154
56 480.8224
57 483.9724
58 495.2535
59 492.1011
60 509.7065
61 502.3114
62 563.4313
63 543.587
64 585.5181
65 621.4981
66 610.0524
67 618.0887
68 677.7794
69 665.9305
70 684.843
71 673.6043
72 714.5618
73 753.3481
74 771.1791
75 776.4685
76 792.6966
77 824.3672
78 861.5916
79 855.7075
80 921.2267
81 982.7724
82 994.9653
83 1065.8248
84 1146.4591
85 1145.3844
86 1120.5956
87 1178.8585
88 1113.929
89 1082.6843
