-90 813.642
-89 811.2936
-88 846.5184
-87 866.0802
-86 901.1107
-85 931.953
-84 926.2012
-83 895.2197
-82 930.4341
-81 904.1281
-80 962.8458
-79 932.2618
-78 965.4367
-77 925.3794
-76 961.8076
-75 957.5754
-74 947.3862
-73 889.2355
-72 902.9677
-71 958.6612
-70 844.4158
-69 846.8309
-68 870.5716
-67 891.2052
-66 888.4194
-65 850.8708
-64 851.6208
-63 890.2173
-62 842.5814
-61 829.9135
-60 848.4996
-59 848.9643
-58 862.2041
-57 781.0581
-56 777.9812
-55 682.5454
-54 645.4797
-53 602.9653
-52 549.2283
-51 587.3526
-50 585.1576
-49 569.8284
-48 550.1595
-47 561.4472
-46 591.5715
-45 575.4348
-44 562.0692
-43 559.936
-42 524.114
-41 516.4752
-40 517.7253
-39 528.336
-38 530.4299
-37 518.605
-36 500.9485
-35 463.7414
-34 472.6563
-33 463.5048
-32 440.0783
-31 419.8731
-30 411.315
-29 422.3383
-28 373.8502
-27 375.066
-26 388.1303
-25 363.1668
-24 372.4649
-23 363.414
-22 355.427
-21 378.8492
-20 363.5738
-19 308.0459
-18 267.2018
-17 266.1802
-16 226.3317
-15 258.347
-14 263.5388
-13 267.1145
-12 269.8668
-11 294.1251
-10 270.1756
-9 265.8818
-8 254.916
-7 199.9456
-6 195.6143
-5 189.175
-4 186.8278
-3 184.0796
-2 175.553
-1 163.9562
0 180.4808
1 195.9501
2 162.0382
3 144.8868
4 134.5049
5 151.4337
6 151.0969
7 137.9417
8 118.0431
9 114.3083
10 112.0816
11 137.265
12 115.8205
13 131.6921
14 138.5551
15 125.2976
16 113.7805
17 126.3676
18 126.4232
19 124.1986
20 119.798
21 127.0717
22 119.0484
23 117.618
24 118.9332
25 110.1856
26 117.1616
27 130.6404
28 150.5639
29 144.0638
30 138.7381
31 126.5549
32 120.4272
33 131.8178
34 135.9571
35 129.8402
36 136.2389
37 137.9892
38 129.792
39 139.9778
40 119.0582
41 133.2427
42 131.3774
43 139.0511
44 155.9627
45 149.0143
46 150.819
47 148.6282
48 176.3205
49 176.7987
50 167.5412
51 170.1402
52 205.0576
53 224.853
54 213.1646
55 219.772
56 246.1682
57 249.4737
58 261.4794
59 260.4029
60 270.2102
61 279.7662
62 279.4633
63 305.0999
64 298.5253
65 348.8491
66 375.1236
67 398.3017
68 402.1746
69 398.0655
70 418.8251
71 455.785
72 469.8999
73 473.1661
74 477.0592
75 485.6267
76 498.1802
77 539.4606
78 525.078
79 549.9525
80 568.5135
81 608.6226
82 611.8951
83 652.9594
84 622.9363
85 667.3657
86 699.9156
87 723.0053
88 732.274
89 786.5231
