-90 1029.6573
-89 1063.7365
-88 1090.4521
-87 1155.433
-86 1216.3523
-85 1241.9469
-84 1338.9595
-83 1411.057
-82 1393.0502
-81 1438.0637
-80 1463.3728
-79 1502.5569
-78 1586.2946
-77 1627.2866
-76 1626.9836
-75 1649.269
-74 1646.6318
-73 1628.1405
-72 1657.787
-71 1655.9562
-70 1685.5709
-69 1665.2621
-68 1676.0032
-67 1648.3217
-66 1622.9241
-65 1680.9596
-64 1657.8452
-63 1632.7991
-62 1633.3575
-61 1588.3656
-60 1546.0466
-59 1559.1218
-58 1505.1101
-57 1533.9572
-56 1465.3101
-55 1446.7185
-54 1392.6715
-53 1298.2581
-52 1276.5759
-51 1239.2728
-50 1191.8873
-49 1120.7778
-48 1100.356
-47 1092.4926
-46 997.5159
-45 965.5923
-44 935.6948
-43 887.0377
-42 863.8671
-41 861.5546
-40 844.2938
-39 776.3963
-38 800.3519
-37 817.6019
-36 759.3389
-35 717.7366
-34 706.2513
-33 722.4517
-32 781.6362
-31 767.9509
-30 729.4269
-29 711.303
-28 688.173
-27 623.9198
-26 619.8215
-25 597.988
-24 562.6147
-23 540.9609
-22 529.1014
-21 489.8523
-20 492.0793
-19 458.9095
-18 452.4922
-17 442.588
-16 409.687
-15 408.3616
-14 407.3815
-13 389.5804
-12 362.271
-11 340.5046
-10 357.8705
-9 344.393
-8 311.7219
-7 296.2538
-6 302.0648
-5 260.2086
-4 264.322
-3 279.2744
-2 267.7798
-1 248.4317
0 252.6449
1 251.1191
2 214.4986
3 204.2155
4 227.1531
5 211.4776
6 198.5735
7 187.3474
8 174.4039
9 158.0359
10 150.9938
11 143.244
12 129.6283
13 124.0191
14 124.3795
15 129.9636
16 125.5318
17 117.3116
18 107.7365
19 111.7639
20 105.2514
21 114.4915
22 110.118
23 117.8629
24 113.8218
25 119.5997
26 131.3788
27 131.5518
28 130.342
29 112.5399
30 114.0542
31 123.3965
32 117.7467
33 128.8556
34 137.8374
35 134.5368
36 128.5731
37 132.6189
38 135.6382
39 135.6148
40 148.3374
41 150.3537
42 149.865
43 144.9245
44 156.6126
45 141.5701
46 157.6526
47 167.5095
48 177.0221
49 184.4885
50 196.2901
51 225.9386
52 215.5956
53 197.0532
54 217.3075
55 234.9026
56 218.5054
57 225.1847
58 247.8274
59 256.1778
60 272.5106
61 280.8281
62 276.4583
63 292.1908
64 301.3859
65 298.9327
66 303.703
67 303.9358
68 327.8168
69 359.2206
70 387.5182
71 406.0235
72 388.4158
73 429.6507
74 456.738
75 496.6115
76 528.1092
77 545.4213
78 546.7513
79 658.0703
80 718.9733
81 735.2894
82 777.6573
83 796.3215
84 852.4938
85 894.0631
86 942.3465
87 935.6111
88 960.5963
89 939.6775
