-90 933.0168
-89 915.0715
-88 918.5021
-87 1005.1304
-86 1059.9153
-85 1085.0822
-84 1086.6959
-83 1092.3815
-82 1124.9738
-81 1087.3466
-80 1007.9947
-79 988.4351
-78 922.3199
-77 855.5966
-76 840.7568
-75 812.4916
-74 857.2206
-73 827.3239
-72 786.3159
-71 762.4774
-70 686.7104
-69 600.2008
-68 563.0148
-67 513.4313
-66 477.419
-65 463.4816
-64 480.5891
-63 497.4116
-62 421.9099
-61 370.8949
-60 313.791
-59 294.0274
-58 270.2491
-57 296.5007
-56 227.2266
-55 233.2711
-54 232.2708
-53 205.0025
-52 147.3295
-51 141.2115
-50 123.7335
-49 122.8387
-48 116.2481
-47 106.2352
-46 93.1015
-45 81.0006
-44 76.0215
-43 68.8199
-42 62.6029
-41 52.9474
-40 61.2829
-39 56.2528
-38 45.2504
-37 43.6137
-36 42.0015
-35 44.6545
-34 40.5972
-33 43.0062
-32 38.946
-31 40.8543
-30 42.6827
-29 51.3516
-28 66.2592
-27 59.5789
-26 43.0244
-25 44.2446
-24 43.7234
-23 44.2308
-22 44.8921
-21 43.7321
-20 42.0122
-19 48.8055
-18 45.1736
-17 44.6537
-16 42.4745
-15 33.7818
-14 30.5782
-13 26.7845
-12 24.3974
-11 19.819
-10 17.3702
-9 19.3018
-8 14.3124
-7 26.2257
-6 23.3832
-5 23.5005
-4 22.168
-3 20.2048
-2 17.5251
-1 18.3704
0 10.8201
1 11.3017
2 21.1951
3 12.0457
4 20.4921
5 21.4216
6 21.4106
7 19.5187
8 24.9424
9 24.8792
10 18.4005
11 20.1347
12 12.6479
13 19.5245
14 22.72
15 21.5823
16 18.6882
17 24.1825
18 21.7252
19 20.5679
20 18.2057
21 16.7234
22 20.0632
23 13.2841
24 15.9528
25 19.683
26 16.5362
27 17.2303
28 15.2844
29 14.217
30 18.9264
31 25.0735
32 28.0286
33 25.6762
34 29.2841
35 23.1347
36 22.4753
37 21.6969
38 36.7423
39 43.0093
40 42.5176
41 39.9917
42 51.5915
43 40.8734
44 39.445
45 46.3567
46 51.4721
47 50.9
48 57.0499
49 62.5454
50 60.0431
51 50.3381
52 50.5302
53 61.4282
54 61.9019
55 63.6568
56 78.8167
57 61.8879
58 70.3535
59 79.6724
60 94.4298
61 105.8066
62 117.9166
63 134.3471
64 150.8708
65 170.3514
66 194.0009
67 207.2022
68 203.4514
69 217.6111
70 265.8925
71 285.0482
72 308.5287
73 346.1642
74 407.9364
75 422.5511
76 408.6696
77 525.094
78 608.4302
79 619.9949
80 617.0419
81 648.0145
82 748.0234
83 802.9445
84 847.2169
85 845.7374
86 849.6295
87 800.1229
88 775.1082
89 850.4099
