-90 2395.9512
-89 2494.8442
-88 2558.9016
-87 2572.4888
-86 2523.0605
-85 2604.6621
-84 2616.4612
-83 2659.6638
-82 2659.408
-81 2661.2153
-80 2584.7383
-79 2452.9475
-78 2380.3467
-77 2089.0947
-76 1977.3969
-75 1893.8588
-74 1649.119
-73 1548.3788
-72 1417.5314
-71 1273.8202
-70 1194.2743
-69 1089.8619
-68 963.6791
-67 825.3373
-66 700.5438
-65 620.6051
-64 517.1041
-63 469.0434
-62 420.2755
-61 373.0981
-60 328.3841
-59 281.0106
-58 249.148
-57 248.3967
-56 207.6569
-55 180.4907
-54 158.9408
-53 134.3922
-52 120.3005
-51 127.1618
-50 91.9406
-49 98.3797
-48 93.5301
-47 82.8774
-46 91.6084
-45 82.4831
-44 67.2665
-43 62.9134
-42 56.122
-41 46.722
-40 39.8847
-39 38.9946
-38 25.6731
-37 25.0222
-36 18.5551
-35 16.1159
-34 18.2492
-33 12.5214
-32 12.7388
-31 15.8015
-30 12.9883
-29 12.0953
-28 12.1134
-27 11.001
-26 12.3498
-25 9.4759
-24 4.5048
-23 6.9703
-22 7.7367
-21 6.4168
-20 6.6747
-19 6.6121
-18 6.7623
-17 8.2338
-16 7.6021
-15 7.8274
-14 8.5491
-13 8.8261
-12 10.2711
-11 12.0536
-10 7.743
-9 5.0804
-8 5.1275
-7 9.71
-6 14.6968
-5 12.4034
-4 19.1327
-3 6.8501
-2 10.3433
-1 9.3166
0 9.903
1 8.5083
2 10.7142
3 7.1066
4 8.1662
5 3.9101
6 3.4204
7 6.4763
8 6.5282
9 9.6825
10 5.051
11 6.405
12 8.3707
13 13.1899
14 4.4529
15 4.4859
16 10.4665
17 8.1013
18 7.0225
19 7.0906
20 5.5859
21 4.7227
22 4.5003
23 4.2263
24 4.1396
25 9.4278
26 9.4232
27 7.5791
28 8.4122
29 8.9214
30 10.3031
31 10.8363
32 7.1332
33 9.374
34 14.1003
35 13.2932
36 15.9724
37 17.4296
38 12.0487
39 12.9611
40 17.1497
41 17.2019
42 18.9085
43 19.4199
44 26.4793
45 19.8876
46 24.265
47 22.9846
48 28.5405
49 36.8088
50 50.0507
51 59.7796
52 61.444
53 69.7894
54 77.006
55 75.6552
56 79.9478
57 77.041
58 87.7285
59 99.1324
60 112.6848
61 118.749
62 129.8526
63 137.1276
64 161.7476
65 197.4194
66 206.5157
67 246.2565
68 300.8941
69 315.5595
70 345.8412
71 398.6095
72 451.2729
73 516.9659
74 582.8889
75 632.3669
76 720.6011
77 897.1749
78 1003.4415
79 1087.0298
80 1165.7594
81 1274.9983
82 1334.3558
83 1403.0822
84 1502.3958
85 1666.0487
86 1806.7159
87 2024.9475
88 2249.9314
89 2374.2786
