-90 1941.1193
-89 1940.6445
-88 2034.2202
-87 2037.9541
-86 2066.5225
-85 2096.46
-84 2104.0325
-83 1961.4048
-82 2021.0804
-81 1942.9022
-80 1877.4381
-79 1767.3342
-78 1682.0625
-77 1651.3998
-76 1609.3879
-75 1507.7936
-74 1382.0702
-73 1309.8573
-72 1236.9309
-71 1075.9772
-70 1026.5773
-69 967.0322
-68 891.6843
-67 836.9702
-66 748.966
-65 685.1755
-64 625.9406
-63 549.4124
-62 500.2267
-61 435.512
-60 392.0448
-59 363.5229
-58 347.1125
-57 330.9335
-56 288.1115
-55 253.5539
-54 210.4873
-53 213.3209
-52 206.0898
-51 170.6719
-50 161.4657
-49 135.544
-48 113.9918
-47 120.8253
-46 116.4216
-45 97.0739
-44 90.5017
-43 75.4568
-42 73.366
-41 69.4828
-40 60.6087
-39 44.2694
-38 37.4829
-37 33.4773
-36 35.264
-35 28.9993
-34 28.71
-33 20.4947
-32 26.7534
-31 20.5194
-30 21.1438
-29 25.1454
-28 22.5953
-27 26.5254
-26 23.7221
-25 25.8773
-24 21.079
-23 15.8982
-22 13.1671
-21 15.9405
-20 13.5386
-19 12.5368
-18 13.5835
-17 8.8436
-16 9.268
-15 6.02
-14 12.3486
-13 10.6778
-12 8.9872
-11 10.3228
-10 8.2904
-9 8.4451
-8 9.5514
-7 12.6866
-6 12.3362
-5 8.671
-4 6.3223
-3 5.046
-2 9.1176
-1 6.5345
0 8.7446
1 6.5928
2 13.4499
3 10.8215
4 10.7247
5 12.2098
6 8.9278
7 6.6484
8 6.8165
9 3.6801
10 5.6272
11 9.8464
12 7.7316
13 7.1465
14 7.3811
15 5.7362
16 5.0752
17 6.7103
18 7.9063
19 4.3371
20 5.885
21 4.8918
22 8.0676
23 10.3499
24 8.3554
25 7.2393
26 7.4784
27 8.5579
28 5.7344
29 9.5331
30 9.8313
31 9.9047
32 11.8515
33 6.9046
34 12.1379
35 12.1567
36 9.3987
37 10.8983
38 13.895
39 13.7857
40 18.542
41 25.5397
42 23.0212
43 30.8874
44 23.7629
45 29.5263
46 33.3647
47 28.0732
48 35.5274
49 40.0756
50 49.2219
51 56.6861
52 59.5981
53 56.7459
54 64.812
55 74.2261
56 68.2972
57 82.2959
58 80.7944
59 99.1684
60 93.9845
61 110.6112
62 110.0416
63 155.0824
64 170.1139
65 178.1038
66 207.7002
67 224.5139
68 285.8151
69 309.3121
70 358.9308
71 409.4445
72 455.3771
73 486.6874
74 545.8806
75 694.1558
76 862.9333
77 978.3608
78 1121.9489
79 1136.3552
80 1156.5748
81 1288.9065
82 1371.4219
83 1516.9421
84 1596.7216
85 1693.6613
86 1860.736
87 1943.3503
88 1976.9801
89 2018.8688
