-90 2634.7852
-89 2706.3171
-88 2793.1572
-87 2749.4685
-86 2705.6013
-85 2599.8101
-84 2566.2642
-83 2570.2666
-82 2470.0483
-81 2404.5906
-80 2299.5349
-79 2230.3057
-78 2116.5835
-77 2001.2009
-76 1861.0615
-75 1720.2672
-74 1622.0837
-73 1494.9489
-72 1357.0093
-71 1249.3083
-70 1085.5353
-69 967.5038
-68 869.9025
-67 759.8696
-66 682.4099
-65 592.8796
-64 484.5894
-63 465.3272
-62 436.6134
-61 393.873
-60 331.2644
-59 298.6646
-58 283.9168
-57 227.3482
-56 214.5759
-55 193.6328
-54 162.9608
-53 142.8986
-52 131.0494
-51 107.035
-50 95.7044
-49 89.079
-48 82.1981
-47 80.9504
-46 72.1871
-45 65.603
-44 60.9644
-43 58.8033
-42 64.6993
-41 63.3
-40 41.9378
-39 34.0102
-38 32.476
-37 25.1643
-36 22.4461
-35 24.4967
-34 15.6008
-33 11.0262
-32 13.4159
-31 15.1769
-30 11.2693
-29 10.4437
-28 12.8407
-27 9.1805
-26 10.0384
-25 10.3054
-24 9.4635
-23 10.3051
-22 16.9715
-21 11.8116
-20 11.443
-19 13.1161
-18 12.6917
-17 13.9801
-16 15.194
-15 16.0342
-14 13.5285
-13 15.4305
-12 12.948
-11 13.3048
-10 10.0636
-9 9.1736
-8 6.5053
-7 5.3344
-6 6.9122
-5 7.2922
-4 11.9316
-3 10.6012
-2 9.6782
-1 7.4493
0 9.7896
1 10.1007
2 7.5595
3 8.7443
4 8.9906
5 9.8618
6 9.5257
7 7.2747
8 6.8626
9 8.7297
10 10.0568
11 4.3593
12 8.4777
13 8.7572
14 7.5877
15 11.7017
16 13.4738
17 9.5251
18 9.1407
19 6.7813
20 8.7346
21 11.8085
22 8.4927
23 7.6615
24 11.1768
25 12.95
26 12.0156
27 12.2269
28 12.6185
29 13.527
30 10.4936
31 13.3791
32 11.0885
33 10.9029
34 13.8709
35 14.494
36 22.183
37 23.7246
38 22.1676
39 23.0017
40 24.3682
41 27.5588
42 26.4427
43 35.7787
44 27.536
45 27.5136
46 35.0122
47 35.3578
48 53.7299
49 54.4528
50 54.8783
51 61.024
52 66.7188
53 78.8683
54 79.5058
55 93.8048
56 98.1498
57 111.9749
58 102.8314
59 120.741
60 143.9446
61 171.2075
62 193.0284
63 211.5072
64 211.8605
65 255.095
66 314.6039
67 301.7477
68 373.1091
69 456.8154
70 479.0184
71 556.1287
72 612.6586
73 714.4016
74 833.0758
75 939.22
76 956.4615
77 996.3613
78 1149.0872
79 1287.0782
80 1422.9315
81 1623.3551
82 1718.4133
83 1813.3713
84 1957.8711
85 1994.6476
86 2167.8469
87 2330.3096
88 2543.4897
89 2611.8315
