-90 2249.771
-89 2169.5725
-88 2213.4619
-87 2101.4854
-86 2089.6357
-85 1999.5338
-84 1937.7112
-83 1972.4729
-82 1860.4948
-81 1799.9336
-80 1748.5006
-79 1736.8419
-78 1634.1154
-77 1580.4594
-76 1499.2117
-75 1379.9838
-74 1325.863
-73 1268.9893
-72 1282.4586
-71 1211.0267
-70 1129.6796
-69 1105.7758
-68 1058.2343
-67 1044.5286
-66 1037.6647
-65 957.1733
-64 903.7957
-63 814.3948
-62 734.381
-61 680.2354
-60 632.5576
-59 589.3541
-58 535.4292
-57 524.1642
-56 468.5371
-55 475.0845
-54 455.3169
-53 421.5764
-52 408.4042
-51 388.1243
-50 377.6446
-49 352.3084
-48 309.6107
-47 313.05
-46 287.6688
-45 258.1806
-44 265.8673
-43 278.0893
-42 246.4184
-41 242.5926
-40 241.3795
-39 241.7195
-38 228.042
-37 218.5018
-36 204.9685
-35 204.0276
-34 185.0979
-33 163.3565
-32 166.4944
-31 183.1126
-30 174.7252
-29 171.5091
-28 186.453
-27 178.0166
-26 184.7384
-25 185.7572
-24 156.162
-23 175.4524
-22 165.9514
-21 155.7888
-20 151.0408
-19 153.0126
-18 142.4398
-17 156.968
-16 157.0946
-15 158.9839
-14 158.6612
-13 159.3276
-12 152.9872
-11 155.8239
-10 147.4
-9 142.2445
-8 146.3071
-7 145.8902
-6 138.5613
-5 127.6447
-4 123.379
-3 120.3209
-2 133.5877
-1 160.4854
0 165.3412
1 156.1773
2 146.037
3 160.3701
4 161.3591
5 161.0349
6 152.8195
7 149.8367
8 139.9405
9 142.3768
10 146.7506
11 155.8978
12 165.4932
13 157.4728
14 178.3993
15 187.6135
16 195.4029
17 212.509
18 209.2552
19 211.1669
20 204.5128
21 204.636
22 207.8819
23 222.2899
24 204.4065
25 208.0022
26 197.3493
27 206.5904
28 209.9124
29 210.7152
30 208.1173
31 220.3481
32 238.6861
33 245.2566
34 264.3936
35 253.5728
36 281.4716
37 287.7558
38 314.034
39 309.8129
40 313.7703
41 329.0541
42 347.2982
43 354.0767
44 408.3423
45 428.2456
46 431.8298
47 462.2802
48 497.2943
49 537.6343
50 580.8868
51 582.6826
52 650.3755
53 687.1595
54 671.9916
55 704.0496
56 773.3247
57 795.7372
58 837.7759
59 816.5111
60 913.0054
61 908.7582
62 934.1763
63 988.0089
64 1007.0075
65 1068.2916
66 1171.243
67 1306.8561
68 1339.3236
69 1459.0647
70 1492.1262
71 1511.5153
72 1559.4769
73 1742.7654
74 1826.6027
75 1852.5137
76 1890.1265
77 1998.4025
78 1987.2672
79 2017.4323
80 2132.0051
81 2186.1909
82 2176.7842
83 2191.9607
84 2174.677
85 2170.114
86 2226.3801
87 2230.8955
88 2269.8469
89 2228.7644
