-90 3285.1006
-89 3232.4473
-88 3248.9961
-87 3254.2383
-86 3183.094
-85 3116.8589
-84 3132.803
-83 3083.896
-82 3001.3801
-81 2923.0369
-80 2774.2568
-79 2632.2061
-78 2570.1389
-77 2529.9319
-76 2427.9087
-75 2289.3896
-74 2133.9133
-73 2076.9246
-72 2025.2135
-71 1890.0055
-70 1803.777
-69 1712.1569
-68 1602.8271
-67 1520.0767
-66 1431.7401
-65 1365.7245
-64 1253.3635
-63 1175.8303
-62 1135.3401
-61 1080.8578
-60 1003.0422
-59 960.4992
-58 909.2587
-57 829.6472
-56 768.5884
-55 758.8647
-54 720.6617
-53 673.3984
-52 624.6979
-51 578.9363
-50 532.0918
-49 483.5204
-48 462.3219
-47 457.5931
-46 430.6651
-45 413.813
-44 372.6544
-43 383.5135
-42 355.5504
-41 322.2649
-40 304.6285
-39 263.844
-38 282.2921
-37 271.4118
-36 279.2829
-35 255.7437
-34 262.1284
-33 238.899
-32 226.9053
-31 213.8848
-30 218.0359
-29 224.3165
-28 220.7223
-27 213.767
-26 208.282
-25 188.2392
-24 202.9362
-23 206.015
-22 200.895
-21 213.86
-20 227.1263
-19 216.7026
-18 221.3767
-17 238.3021
-16 228.5786
-15 235.8453
-14 231.3835
-13 209.4451
-12 185.5223
-11 180.9213
-10 160.0278
-9 186.7013
-8 208.4949
-7 217.9692
-6 196.6453
-5 209.7104
-4 201.7902
-3 194.3372
-2 218.2708
-1 220.6846
0 205.6272
1 215.3037
2 226.2356
3 218.3343
4 231.052
5 244.5743
6 242.5161
7 259.3945
8 278.3362
9 263.9003
10 268.5108
11 267.9733
12 258.8967
13 243.7754
14 253.06
15 254.3859
16 249.6987
17 245.4795
18 258.4047
19 265.0048
20 279.0421
21 303.1747
22 277.2895
23 277.9259
24 282.2799
25 287.9673
26 288.2141
27 303.4989
28 322.6327
29 348.126
30 339.8641
31 354.704
32 348.9525
33 357.3176
34 387.919
35 367.2539
36 385.3088
37 421.7423
38 443.9619
39 487.2922
40 505.7382
41 503.3595
42 537.1972
43 579.8319
44 587.7986
45 626.57
46 726.3456
47 757.6764
48 831.7382
49 886.004
50 922.8529
51 1008.4805
52 1022.8726
53 1097.3547
54 1098.7736
55 1249.5789
56 1296.1426
57 1357.8961
58 1435.0864
59 1480.8296
60 1528.6566
61 1612.5261
62 1678.5724
63 1785.8622
64 1865.0522
65 1858.155
66 1935.1908
67 2090.426
68 2172.4702
69 2275.4246
70 2348.5818
71 2437.8267
72 2538.6909
73 2550.1938
74 2657.1008
75 2758.5276
76 2736.5752
77 2879.5457
78 3004.324
79 3059.293
80 3140.0793
81 3241.635
82 3295.9575
83 3343.219
84 3373.3789
85 3267.0046
86 3250.5405
87 3305.3584
88 3362.7424
89 3324.7458
