-90 4683.6792
-89 4481.9478
-88 4349.0083
-87 4202.3506
-86 3988.3621
-85 3849.1477
-84 3675.856
-83 3506.2419
-82 3472.2444
-81 3325.1145
-80 3165.5293
-79 3101.126
-78 2937.2524
-77 2808.9595
-76 2624.5139
-75 2452.9478
-74 2348.6953
-73 2268.2529
-72 2075.2061
-71 1912.5901
-70 1835.7661
-69 1699.4061
-68 1559.8462
-67 1459.5583
-66 1376.9747
-65 1312
-64 1257.7697
-63 1156.8635
-62 1075.8048
-61 1028.9664
-60 989.7388
-59 912.0338
-58 848.4149
-57 802.7658
-56 793.2964
-55 714.196
-54 638.9512
-53 656.6774
-52 618.2518
-51 591.4647
-50 532.3251
-49 477.6944
-48 487.6987
-47 440.9637
-46 431.099
-45 416.7726
-44 390.8159
-43 357.1043
-42 336.2908
-41 308.9457
-40 322.4177
-39 338.7756
-38 305.7616
-37 287.3834
-36 279.3427
-35 255.0569
-34 252.7472
-33 251.3152
-32 259.3689
-31 264.919
-30 244.5202
-29 241.9589
-28 252.072
-27 264.9207
-26 265.4828
-25 264.7702
-24 271.6005
-23 268.6638
-22 244.3624
-21 223.1474
-20 227.5562
-19 243.3993
-18 229.2129
-17 234.1904
-16 217.2545
-15 222.7525
-14 226.5753
-13 235.8874
-12 250.3733
-11 249.3542
-10 233.5905
-9 224.0602
-8 225.5521
-7 234.7231
-6 222.0583
-5 210.0382
-4 195.2386
-3 194.6779
-2 206.7791
-1 219.4372
0 208.7509
1 197.7325
2 220.8261
3 226.0559
4 220.867
5 220.4544
6 217.7023
7 227.554
8 233.2546
9 236.5883
10 263.2336
11 258.2879
12 265.1623
13 282.3957
14 276.2601
15 296.6983
16 295.9196
17 325.0064
18 292.5997
19 291.1481
20 292.2187
21 322.3687
22 338.0367
23 340.0833
24 302.8462
25 310.3275
26 327.0892
27 347.3266
28 357.0262
29 374.8731
30 373.1167
31 392.8293
32 428.5729
33 411.4971
34 451.4641
35 479.7368
36 480.1228
37 442.6074
38 485.004
39 511.1635
40 525.6591
41 570.6113
42 610.3391
43 652.1499
44 728.3226
45 781.5897
46 849.8661
47 894.1955
48 966.3103
49 972.7644
50 1027.6702
51 1108.0704
52 1232.9357
53 1304.0371
54 1352.7122
55 1510.5728
56 1653.9714
57 1707.2521
58 1816.7262
59 1931.3971
60 2036.5573
61 2120.2019
62 2302.9351
63 2470.3958
64 2692.1794
65 2918.9263
66 3155.2815
67 3302.3584
68 3377.4148
69 3569.0098
70 3628.0918
71 3705.6726
72 3981.4402
73 4178.3794
74 4184.6465
75 4414.6362
76 4476.0049
77 4586.5371
78 4537.4663
79 4687.1592
80 4816.9126
81 4912.2441
82 4845.4473
83 4984.373
84 4877.9897
85 4968.9141
86 4929.6938
87 4909.8384
88 4796.6069
89 4703.8208
