-90 1198.8259
-89 1108.1411
-88 1104.5754
-87 1098.104
-86 1024.4989
-85 993.92
-84 977.9865
-83 920.3815
-82 885.8369
-81 831.3126
-80 825.8597
-79 793.8643
-78 812.2968
-77 781.9745
-76 740.8051
-75 695.2365
-74 692.1364
-73 650.5652
-72 599.1511
-71 560.9826
-70 589.8679
-69 541.1547
-68 480.033
-67 484.1523
-66 513.5431
-65 461.036
-64 409.7515
-63 381.7009
-62 354.6446
-61 357.5423
-60 346.2764
-59 294.0227
-58 269.3001
-57 274.0287
-56 252.7832
-55 252.1054
-54 245.6447
-53 215.9978
-52 185.5195
-51 181.2427
-50 158.9337
-49 164.0685
-48 176.4128
-47 171.624
-46 166.753
-45 153.079
-44 145.6018
-43 126.286
-42 109.4848
-41 118.8144
-40 117.664
-39 96.3594
-38 79.3462
-37 88.2011
-36 85.7032
-35 84.1706
-34 90.542
-33 96.4459
-32 89.3548
-31 100.9397
-30 102.3866
-29 103.1891
-28 86.6308
-27 68.1929
-26 73.3266
-25 84.979
-24 83.6297
-23 77.3381
-22 79.391
-21 94.2447
-20 89.2594
-19 95.0157
-18 95.7786
-17 79.267
-16 64.0119
-15 73.1644
-14 73.6495
-13 73.7875
-12 82.373
-11 88.7819
-10 98.1305
-9 93.366
-8 90.6024
-7 101.1872
-6 93.2197
-5 85.3656
-4 78.7551
-3 75.5531
-2 67.4807
-1 79.3215
0 88.3163
1 97.8536
2 99.1566
3 96.976
4 114.7787
5 101.7342
6 101.6433
7 97.4683
8 115.1367
9 119.4988
10 112.9928
11 91.4001
12 88.1376
13 83.1388
14 81.7462
15 93.2081
16 89.8055
17 85.8623
18 112.2742
19 109.3484
20 106.6471
21 107.688
22 105.6577
23 113.4635
24 117.2181
25 120.3102
26 131.3759
27 111.9143
28 111.072
29 120.3071
30 117.3419
31 121.5234
32 133.611
33 128.5909
34 141.1758
35 161.0797
36 154.9152
37 180.7391
38 196.1174
39 207.978
40 200.6328
41 218.2829
42 241.6328
43 249.0766
44 289.2682
45 329.9777
46 305.0799
47 322.3442
48 364.2117
49 391.7159
50 381.875
51 386.5669
52 403.9177
53 424.6763
54 459.4257
55 538.9982
56 559.4941
57 604.4842
58 653.3659
59 691.2764
60 729.9042
61 703.6472
62 744.9138
63 737.129
64 798.2459
65 827.3434
66 876.3296
67 921.1161
68 937.104
69 958.5297
70 996.3608
71 1050.1023
72 1087.9303
73 1109.901
74 1090.6016
75 1115.762
76 1170.3977
77 1183.6128
78 1218.34
79 1202.9077
80 1172.6454
81 1139.7667
82 1176.3457
83 1172.0726
84 1204.4987
85 1198.7769
86 1159.5426
87 1172.5262
88 1237.5215
89 1221.7598
